1
5h 47 37 4a 46 4h ah 3a 3h 34 
35 34 a3 1a 83 13 81 a8 1a 18 
a8 78 64 52 6a 62 12 16 1h 1h 
3h 3h 87 81 71 86 76 78 68 18 
16 51 86 37 35 68 63 83 86 36 
38 68 a3 86 75 43 7a 7h 3h ah 
68 3a 86 83 63 68 38 36 86 73 
72 76 42 a4 57 7a 57 a7 6a 68 
a8 7a 75 a5 57 1a 75 61 67 17 
81 87 17 81 86 16 21 42 14 71 
76 16 a1 2a 42 a4 7a 78 57 a8 
75 67 68 78 67 2a 76 27 47 a4 
1a 41 42 72 17 41 48 43 24 21 
71 72 42 57 54 58 48 78 14 21 
42 87 84 74 a7 4a 48 a8 14 1a 
15 a5 45 81 54 25 42 84 14 21 
5a 12 51 21 25 15 12 52 a5 21 
8a 52 15 81 a1 5a 25 a2 8a 86 
a6 7a 17 16 76 51 37 25 12 73 
a1 47 4a 84 a6 76 2a 48 27 54 
a5 7a 57 45 24 a4 2a 54 75 47 
54 a2 7a 57 47 45 75 42 54 52 
a7 42 54 2a 24 74 25 75 45 47 
57 54 74 52 72 87 a2 3a 78 47 
24 a3 2a 25 a5 8a 75 87 a7 5a 
45 a4 7a 78 a8 57 2a 21 45 a1 
4a 41 34 a1 4a 54 71 57 a3 8a 
17 41 74 75 87 a7 45 1a 51 54 
14 15 45 41 51 a5 14 8a 51 45 
84 a4 5a 15 a1 7a 74 a4 57 15 
71 27 7a 27 2h 8h 6h 5h 87 86 
15 1h 58 51 81 68 62 82 58 6h 
85 68 5h 86 58 65 5h 5h 51 65 
64 54 65 8h 68 58 65 1h 56 85 
86 28 56 25 85 28 23 27 26 52 
58 65 28 62 52 65 a3 42 8a 24 
56 85 37 58 45 4h 52 85 73 58 
65 45 46 56 54 65 a8 37 6a 54 
65 a5 45 6a 62 73 6h 63 26 8h 
54 8h 86 28 24 84 68 64 16 84 
18 68 16 25 82 13 28 12 63 86 
83 58 17 51 27 32 62 36 37 67 
26 27 32 67 36 26 32 81 68 62 
36 8h 28 26 72 2h 72 2h 72 4h 
27 62 63 76 23 12 83 78 73 83 
78 63 76 21 72 62 36 6h 36 38 
68 16 15 81 65 86 16 51 82 58 
2h 18 61 63 26 27 82 67 36 37 
67 36 17 31 28 42 13 41 63 46 
16 31 2h 62 68 36 28 72 16 81 
84 2h 82 14 71 85 68 25 72 12 
51 86 58 8h 28 26 72 86 78 28 
62 68 28 62 63 86 37 27 82 27 
67 4h 82 76 72 78 28 68 76 26 
82 86 26 82 83 68 37 27 62 82 
48 8h 28 26 72 86 78 28 62 68 
28 62 63 86 23 82 62 86 87 28 
26 32 86 48 14 61 62 63 76 36 
26 16 31 21 62 61 21 62 63 16 
23 12 62 16 17 21 26 42 63 13 
41 21 32 67 16 37 27 32 61 46 
54 35 8h 18 25 42 16 71 62 82 
78 18 21 64 86 85 28 65 76 84 
78 14 51 68 56 68 18 8h 86 81 
65 18 5h 86 51 65 18 8h 56 41 
68 46 85 62 46 83 28 24 52 37 
27 18 53 72 8h 31 75 86 48 25 
62 51 53 15 53 17 64 24 3h 45 
58 8h 41 1h 36 72 84 23 67 3h 
75 41 53 14 3h 48 8h 3h 7h 4h 
ah 
