1
16 7a 7h 76 73 74 71 51 a7 57 
6a 26 35 a2 3a 32 3h 3h 3h 1h 
5h 3h 26 83 1h ah 3a 34 62 a3 
7a 34 83 a7 6a 87 68 a8 28 3a 
23 83 82 86 26 36 32 83 86 81 
28 23 83 68 63 42 83 68 a3 86 
48 28 6a 82 84 68 a8 24 7a 73 
a3 42 7a 87 86 28 76 47 82 48 
78 27 78 a7 82 8a 84 28 a4 82 
18 2a 81 48 a8 6a 82 84 28 84 
58 51 1h 42 a6 24 8a 68 42 86 
58 52 45 82 48 58 45 42 43 a3 
4a 74 87 85 28 75 27 87 28 25 
85 78 75 27 85 18 1h 82 48 41 
43 81 68 3h 86 28 54 82 58 48 
45 34 3h 85 5h a3 43 24 8a 18 
42 14 16 15 17 84 28 2h 12 14 
21 4h 12 41 46 24 16 21 24 2h 
62 8h 68 28 62 3h 26 82 86 58 
3h 85 68 28 62 5h 26 52 a5 2a 
52 a5 8a 86 78 74 67 84 68 78 
67 a8 76 87 6a 78 67 a7 2a 52 
54 24 72 76 87 26 82 72 67 87 
28 27 62 87 68 28 62 6h 65 45 
6h 54 6h 46 5h 64 76 3h 67 36 
6h 36 4h 63 46 6h 36 6h 36 6h 
76 73 63 76 78 57 68 56 76 57 
52 65 46 21 71 47 71 47 51 65 
67 36 57 35 65 76 42 34 17 61 
56 54 75 64 76 56 45 48 58 65 
43 24 16 51 65 67 36 57 35 65 
76 42 74 64 56 72 37 57 25 4h 
45 74 64 56 52 45 62 16 62 16 
26 47 14 24 64 62 46 62 46 41 
74 73 17 43 14 53 25 56 25 65 
67 56 67 26 56 75 56 75 65 67 
57 56 75 56 75 41 24 57 65 57 
65 61 36 51 75 51 75 74 37 67 
46 56 15 7h 56 35 75 67 71 67 
64 56 74 17 74 17 47 53 15 63 
16 56 45 5h 75 76 37 64 54 65 
61 36 51 45 76 47 57 65 63 46 
42 34 62 76 72 17 62 16 76 27 
54 85 6h 58 45 43 24 74 27 53 
25 76 47 46 34 76 37 47 84 8h 
52 75 73 67 53 65 21 61 51 35 
71 37 57 15 87 1h 78 62 76 73 
27 63 16 12 71 27 83 67 16 8h 
62 76 62 36 71 27 38 68 26 76 
17 7h 67 62 86 21 71 87 67 36 
83 68 76 78 68 ah 17 16 76 37 
4a 64 62 86 42 84 64 26 73 47 
43 24 41 84 61 36 76 37 43 64 
67 16 73 43 14 78 64 ah 47 86 
41 68 71 5a 34 36 37 15 46 14 
54 65 67 46 57 85 53 64 38 ah 
75 76 56 45 73 67 63 86 54 35 
38 63 75 5a 46 37 83 53 78 41 
3h 35 17 84 67 58 43 8h 76 35 
58 71 2h 84 61 48 ah 85 53 3a 
17 12 72 2h 21 1h 3h 8h ah 1a 
ah 
