2
5a 57 58 52 5b 5h 75 72 78 71 
52 75 74 73 47 a7 4a 43 45 a5 
7a 75 a5 2a 27 28 78 47 a8 7a 
17 a1 7a 67 16 a1 4a 47 4h 24 
2h 8h 24 84 a2 48 1a 84 61 63 
a3 48 2a 26 84 a6 48 2a 28 28 
12 31 23 b2 a2 3b 3h 1a 13 61 
b3 6b 62 b2 12 6b 6h 8h ah 21 
8a 12 84 8h 21 a4 12 8a 82 81 
83 85 68 46 21 64 26 a1 62 46 
6a 46 41 61 86 a1 68 16 4a 14 
64 a6 16 1a 12 a2 62 4a 42 14 
a2 41 84 6a 16 48 14 1h 17 64 
86 21 2h 68 16 12 62 16 1h 6h 
81 86 85 87 48 16 21 84 28 18 
41 b7 14 81 82 68 1b 41 86 28 
14 21 81 48 b1 84 18 1b 12 51 
57 17 41 b2 14 21 81 48 1b 84 
28 18 41 b8 14 81 4b 18 21 a2 
b4 8a 8b 81 68 b1 86 18 12 82 
48 a2 84 28 1b 41 82 58 4a 54 
84 78 74 84 78 75 85 48 45 85 
48 47 24 87 28 48 54 57 47 84 
82 68 42 54 86 58 48 74 78 48 
74 75 45 84 85 45 84 87 28 47 
24 84 b8 28 4b 48 24 21 41 84 
81 41 24 2h 26 b1 62 a2 42 14 
4b 14 18 48 14 12 42 84 82 42 
64 b2 46 24 8a 28 48 24 8b 84 
28 21 81 48 41 24 81 28 26 86 
18 46 14 84 18 16 86 48 46 54 
57 47 64 84 28 b4 82 48 4b 46 
24 b6 86 58 5h 4h 64 1b 51 46 
74 15 71 41 74 87 18 17 31 87 
38 18 31 3h ah 37 3h bh 4h 84 
81 68 41 64 84 18 23 62 8a 48 
42 64 a1 82 18 46 14 84 28 8b 
48 41 64 8a 28 24 62 a1 84 18 
26 12 82 48 b8 2a 21 82 84 68 
a1 24 12 86 18 28 42 1b 81 24 
52 8a 58 28 a2 12 41 1a 41 a1 
4a 46 24 a6 42 14 16 21 46 84 
85 38 45 34 3h 3h 1h 6h 3h 2h 
6h 3h bh 6h 6h 7h 6h 7h 6h 7h 
6h 7h 6h 5h 8h 7h 6h 5h 5h 7h 
6h 7h 3h 7h 4h 
