1
48 1a 65 43 73 75 25 42 71 73 
74 7h ah 5a 57 a7 5a 51 a5 7a 
51 71 a7 1a 15 a5 75 17 8a 71 
27 25 75 17 a8 28 71 87 1a 78 
17 12 72 17 21 a1 7a 17 12 72 
17 13 15 1h 4h 61 14 61 12 61 
6h 5h 63 86 15 81 61 86 78 47 
45 75 47 4h 41 a4 17 1a 16 81 
a6 76 18 61 5a 17 51 a1 76 4a 
14 67 41 64 74 76 17 15 81 75 
27 18 21 28 71 87 46 72 87 27 
28 78 72 17 18 51 78 27 15 21 
71 87 64 78 27 2h 3h 24 82 a4 
28 52 2a 52 57 27 82 a7 28 72 
8a 27 82 81 21 72 a1 27 82 7a 
28 72 75 25 82 a5 28 32 7a 37 
27 32 34 24 72 74 87 24 52 78 
57 27 a2 52 7a 72 87 a2 78 27 
2a 25 a5 75 67 2a 62 72 37 37 
31 63 26 23 82 63 56 28 52 62 
a6 56 2a 26 82 a6 28 62 6a 65 
a5 25 12 6a 16 26 12 18 28 62 
68 56 28 52 62 a6 56 2a 26 82 
a6 28 62 6a 65 a5 25 72 6a 46 
27 42 47 27 82 67 86 26 82 81 
21 62 61 46 21 42 62 46 43 63 
26 23 82 63 56 28 52 62 a6 56 
2a 26 82 a6 28 62 6a 65 a5 25 
72 2a 72 73 23 82 a3 28 52 2a 
52 56 26 82 a6 28 52 2a 52 51 
21 62 a1 26 82 6a 28 62 61 21 
82 a1 28 52 6a 86 25 72 68 36 
27 32 37 27 82 67 56 28 52 62 
a6 2a 25 82 a5 28 52 4a 34 25 
32 42 a4 6a 26 23 12 63 16 26 
a2 12 6a 62 86 a2 68 76 4a 74 
73 43 24 63 26 46 14 24 21 62 
64 86 24 52 68 56 26 a2 6a 65 
86 a5 68 46 6a 46 41 61 86 a1 
68 56 8a 65 86 a6 8a 38 3h 4h 
84 83 8h 8h 1h 4h 1h 3h 1h 3h 
3h 1h 7h 1h 7h 5h 1h 58 54 5h 
57 5h 5h 3h 3h 8h 3h 4h 3h 3h 
1h 1h 2h 35 38 3h 1h 3h 3h 5h 
1h 1h 8h 1h 6h 7h ah 6h 
