1
1a 73 85 8h 73 a8 6a 61 63 a1 
7a 72 62 46 45 46 a4 8a 81 a1 
71 6a 78 67 a7 2a 32 a3 5a 58 
a8 3a 23 a2 7a 76 17 a6 7a 27 
a1 32 7a 37 38 27 a2 7a 78 a8 
27 2a 23 21 a3 83 7a 24 38 37 
87 83 a3 8a 82 a2 3a 32 72 a7 
3a 38 a8 2a 28 a8 7a 72 a7 4a 
82 78 a4 6a 67 a7 8a 28 a2 6a 
63 a6 7a 76 a6 3a 37 a7 3a 34 
54 53 57 a7 2a 82 a8 5a 5h 2h 
57 65 a7 82 3a 56 35 63 6h 28 
a5 82 3a 36 3h ah 63 28 2h 6h 
26 2h 24 25 2h 12 3a 23 31 73 
23 12 23 12 17 27 32 27 32 31 
43 21 42 71 32 73 13 17 37 31 
83 8h 8h 68 26 24 12 64 76 21 
72 61 76 26 12 26 12 62 61 21 
26 12 26 12 17 27 62 27 62 61 
46 21 42 62 16 76 71 61 67 86 
82 62 16 67 16 76 71 61 67 86 
84 64 26 24 64 26 28 12 27 12 
68 16 26 42 48 28 62 61 46 21 
42 62 16 76 71 61 67 86 82 62 
16 67 16 76 71 61 67 86 84 64 
26 24 64 26 28 12 27 12 68 76 
71 61 76 26 12 26 12 17 27 62 
27 62 61 46 21 42 62 46 84 68 
26 24 12 64 16 26 42 48 28 62 
61 46 21 42 62 16 76 71 61 67 
86 82 62 16 67 16 76 71 61 67 
86 84 64 26 24 64 26 28 12 68 
46 21 42 28 72 68 76 26 12 26 
12 17 27 a2 67 6a 61 46 a1 64 
16 76 71 61 67 16 67 46 6a 46 
a6 71 8a 86 a6 17 8a 84 a4 71 
2a 62 17 26 82 8h 3h ah 6h 43 
42 32 63 32 63 64 26 24 64 76 
32 13 67 16 36 43 76 34 73 71 
31 63 31 63 67 26 37 23 17 32 
13 62 16 36 23 43 42 32 76 34 
13 3a 13 a3 67 6a 24 63 46 a3 
62 16 24 18 1h 1h 1h 4h 4h 3h 
4h 3h 4h 3h 7h 36 23 2h 24 12 
15 61 68 46 18 41 4h 61 46 4h 
4h 3h 7h 1h 7h 1h 7h 7h 6h 5h 
7h 7h 2h 8h 5h 5h 7h 8h 4h 8h 
5h 8h 
