1
8a 82 82 42 83 48 4h a4 14 3a 
31 a1 8a 86 83 a6 2a 28 a8 6a 
26 a2 8a 86 a6 4a 48 a8 4a 4h 
5h 56 75 a6 8a 86 18 a6 46 81 
28 1a 82 18 a8 1a 18 48 14 a4 
1a 1h 1h 81 87 17 81 84 28 14 
21 81 78 74 84 58 53 83 58 53 
a3 53 25 5a 15 25 2h 18 41 47 
17 41 43 13 71 73 13 51 58 65 
18 61 51 35 37 57 15 16 71 56 
35 75 15 61 34 16 31 41 43 13 
14 61 34 16 51 57 17 41 51 75 
71 51 45 34 53 15 17 57 a5 1a 
14 71 a4 17 41 3a 14 71 74 14 
31 35 15 21 2h 4h 47 a5 74 2a 
62 47 26 42 72 74 7h ah 71 6a 
67 24 a7 42 4a 45 a5 25 2a 72 
76 26 72 74 67 62 72 67 a4 76 
27 26 76 47 57 54 74 75 67 62 
72 67 45 76 47 7a 27 26 76 47 
a7 57 6a 62 75 a2 57 3a 31 a1 
75 7a 74 67 a4 76 27 26 76 47 
57 54 74 75 67 62 72 67 45 76 
47 7a 27 26 76 47 a7 57 6a 62 
75 a2 57 5a 54 a4 74 7a 75 67 
a5 76 47 7a 27 26 76 47 54 75 
67 62 72 67 a4 76 47 2a 74 27 
a7 45 6a 26 12 13 23 62 54 26 
72 76 47 26 42 75 47 27 62 57 
26 52 72 75 25 27 62 57 26 52 
54 24 62 74 26 72 75 67 25 62 
45 26 42 76 47 27 32 31 21 72 
74 67 24 32 76 37 3h 5h 27 62 
a3 63 23 62 2a 62 a2 6a 68 a8 
2a 28 62 a8 26 42 54 25 62 4a 
26 32 38 28 62 54 26 52 a2 8a 
83 a3 4a 45 a5 3a 38 a8 2a 24 
52 a4 25 62 3a 26 42 54 25 62 
a3 26 32 3a 37 31 36 43 54 35 
83 82 32 43 54 35 13 17 37 23 
28 38 43 54 35 83 82 32 a3 83 
2a 23 28 62 38 26 32 82 83 23 
28 62 38 26 32 a8 23 62 4a 54 
26 52 a2 5a 57 a7 2a 27 32 a7 
23 62 3a 26 42 74 27 62 a3 26 
42 5a 24 62 51 65 25 62 a1 26 
32 6a 23 62 a2 6a 63 6h 6h 3h 
4h 4h 65 6h 8h 8h 8h 4h 8h 8h 
7h 3h 7h 3h 4h 7h 5h 5h 7h 8h 
7h 8h 7h 8h 7h 8h 1h 5h 1h 2h 
7h 1h 2h 7h 1h 8h 1h ah 
