1
8h 12 15 61 7a 75 83 73 86 a7 
8a 8h 2h 23 82 58 57 87 58 52 
5h 5h 3h 6h 56 5h 1h 1h 3h 75 
78 58 75 72 7h 6h 52 35 37 57 
35 57 85 82 52 65 61 64 56 35 
35 34 a3 2a 28 a8 2a 25 a5 1a 
14 18 a4 7a 78 a8 5a 52 a2 8a 
87 a7 6a 64 a4 2a 25 a5 2a 26 
a6 7a 78 a8 5a 56 a6 8a 87 a7 
5a 52 35 a2 53 25 3a 52 35 3h 
1h 7h 7h 4h 7h 83 a5 37 53 2a 
35 83 73 78 37 a2 73 57 3a 75 
87 38 43 41 31 23 a8 32 83 7a 
87 37 86 a6 76 23 67 7a 32 13 
14 34 a6 23 67 1a 32 41 43 13 
76 41 67 a4 76 7a 37 31 71 23 
27 37 23 2h ah 4h 52 8a 25 78 
73 83 52 27 28 75 25 45 27 2h 
1h 54 12 14 24 51 58 18 42 41 
48 18 28 41 45 15 82 81 85 15 
25 81 82 12 84 51 58 52 82 12 
58 54 84 21 28 24 84 14 28 25 
85 41 52 48 42 82 12 45 48 41 
81 51 58 54 84 14 25 41 28 58 
21 24 14 85 84 54 12 18 28 35 
32 52 85 81 51 48 45 41 51 81 
25 23 53 48 42 82 15 18 12 82 
52 18 14 84 25 28 24 84 54 28 
21 81 45 12 48 42 82 52 41 48 
45 85 15 48 51 41 4h 6h 2h 6h 
2h 6h 2h 6h 6h 5h ah 2h 3h 58 
46 4h 7h 1h 1h 6h 1h 1h 3h 4h 
6h 8h 3h 6h 8h 6h 
