1
6h 6a 31 84 86 a8 6a 68 a8 2a 
2h 28 25 2h 4h a5 7a 72 71 78 
17 27 21 71 a8 17 1a 12 a2 72 
7a 71 7h 5h 5h 4h a7 37 3a 63 
6h ah 6a 56 a5 6a 46 a4 6a 76 
71 a7 61 86 8a 87 a7 67 86 83 
63 16 21 62 86 6a 86 85 78 a6 
87 1a 21 a2 78 3a 36 a6 87 1a 
21 a2 4a 45 a5 78 1a 21 a2 87 
4a 46 4h 43 14 78 76 86 21 42 
68 67 87 64 78 74 84 76 86 73 
17 46 21 72 64 67 47 46 76 74 
64 17 46 21 72 64 67 47 46 43 
63 73 76 36 14 63 17 47 24 36 
21 71 72 42 17 63 14 24 21 41 
74 67 37 36 76 73 63 17 12 72 
47 41 21 72 54 57 47 36 14 21 
42 63 54 36 a5 63 8a 36 18 21 
82 63 78 74 84 36 17 63 18 78 
47 45 75 36 37 67 63 73 76 36 
57 54 74 63 87 36 81 71 63 28 
47 12 45 75 81 37 18 21 82 38 
76 17 21 72 68 63 83 86 36 17 
63 18 78 57 36 54 74 63 87 36 
28 21 63 81 78 17 36 81 82 72 
18 63 17 87 48 45 85 36 38 68 
63 83 86 36 28 72 87 63 58 36 
54 84 63 78 36 27 21 63 71 87 
48 45 85 36 a8 63 1a 12 36 72 
71 63 a1 36 17 21 72 63 17 21 
4a 12 71 34 17 21 72 37 46 14 
21 42 67 63 73 76 36 14 63 17 
47 24 36 21 71 72 42 17 63 14 
24 21 41 74 67 37 36 76 73 63 
17 12 72 47 41 21 72 54 57 47 
36 14 21 42 63 54 36 a5 63 8a 
36 18 21 82 63 78 74 84 36 17 
63 18 78 47 45 75 36 37 67 63 
73 76 36 57 54 74 63 87 36 81 
71 63 28 47 12 45 75 81 37 18 
21 82 38 76 17 21 72 68 63 83 
86 36 17 63 18 78 57 36 54 74 
63 87 36 28 21 63 81 78 17 36 
81 82 72 18 63 17 87 48 45 85 
36 38 68 63 83 86 36 58 54 84 
63 78 36 71 81 63 57 58 78 36 
17 21 72 63 47 48 78 36 17 21 
72 63 57 5h 8h ah 36 84 8h 5h 
7h 85 63 27 18 36 1a 82 63 18 
36 a8 78 63 17 36 1a 16 1h 4h 
6h 5h 63 6h 6h 2h 82 a4 28 1a 
13 1h 82 41 4h 28 34 3h 5h 5h 
6h 2h 27 35 3h 8h 6h 6h 87 8h 
6h 38 3h 76 7h 7h 37 3h 3h ah 
1h 4h 31 3h 5h 1h 8h 6h 7h 2h 

