2
28 3a 2b 53 21 a5 2a 26 27 21 
82 85 84 83 25 42 52 54 24 25 
67 b2 45 a2 54 7b 45 7a 54 b6 
45 7b 7h 3h ah 54 8a 82 78 45 
a2 54 8a 87 45 a7 54 18 45 3a 
81 54 38 3h 6h ah bh 45 1a 31 
31 3h 54 8b 45 48 58 54 84 85 
45 48 58 54 84 51 81 b8 41 3b 
13 34 13 43 41 31 34 13 34 53 
58 5h 8h 41 52 82 a5 35 18 13 
15 84 35 45 18 54 13 83 45 18 
54 7a 81 45 78 54 a8 45 3a 31 
54 a1 45 13 54 7a 31 45 43 53 
54 34 51 31 41 43 13 45 4h 15 
35 31 51 47 48 64 86 23 15 27 
37 68 13 86 53 51 31 35 68 73 
15 72 32 51 63 61 b1 83 2b 27 
b7 38 3b 16 13 15 35 65 73 72 
32 56 53 51 31 61 43 16 46 4h 
36 13 15 35 23 27 37 53 51 31 
b3 83 1b 15 38 b5 83 7b 72 38 
b2 83 8b 84 b4 34 78 43 2b 28 
34 b8 43 5b 51 b1 34 8b 82 87 
43 18 27 b7 81 28 34 8b 43 28 
34 b8 43 1b 15 34 b5 43 7b 78 
34 b8 43 7b 72 34 b2 43 5b 51 
b1 34 2b 27 43 b7 34 2b 24 b4 
12 15 25 12 8b 21 82 b2 8b 84 
74 b7 18 2b 27 81 b7 12 18 28 
12 7b 21 72 b2 7b 47 b4 2b 24 
b4 12 7b 21 72 b2 7b 87 81 71 
58 51 81 57 18 17 87 58 18 15 
85 81 51 78 15 75 71 51 81 57 
18 17 87 58 18 15 85 81 51 78 
71 75 15 85 17 18 78 57 58 78 
57 51 71 87 81 71 87 85 75 18 
15 85 17 18 78 57 58 78 57 51 
71 87 81 71 47 42 72 17 18 78 
17 15 75 87 85 75 87 81 71 58 
17 57 51 71 75 15 85 17 18 78 
27 24 74 57 58 78 57 51 71 87 
81 71 47 42 72 17 18 78 17 15 
75 b7 2b 24 b4 2b 27 b7 12 8b 
21 72 85 b5 27 12 2b 12 b2 8b 
82 b2 18 3b 13 83 18 1h b1 81 
78 1b 87 18 b8 1b 1h 5h 12 1h 
6h 4h 6h 4h 4h 2h 4h 4h 6h 7h 
5h 5h 5h 4h 4h 6h 7h 7h 2h 2h 
8h 2h 8h 2h 6h 5h 5h 5h 4h 3h 
4h 3h 4h bh 6h ah 
