1
2a 2h 2h ah 76 26 38 2a 2h 8h 
24 a2 6a 61 a1 2a 42 45 25 42 
4h ah 32 7a 76 87 36 31 36 34 
37 13 61 36 73 3h 43 3h 63 7h 
36 73 83 78 48 72 87 a2 78 17 
6a 76 17 67 61 71 76 37 a6 73 
87 7a 17 61 76 87 84 74 87 a4 
78 17 5a 71 57 52 85 72 57 a2 
78 37 8a 73 17 61 76 47 a5 74 
57 4a 78 47 85 45 48 75 87 a5 
78 47 45 84 3a 48 14 61 46 84 
a3 48 14 5a 41 54 a4 1a 61 a6 
5a 58 a8 4a 48 34 a8 43 14 5a 
41 54 75 87 a4 78 37 8a 73 87 
a7 8a 84 a4 7a 74 87 a4 78 17 
6a 76 17 67 61 71 76 37 a6 73 
17 4a 71 47 a7 1a 61 a6 4a 48 
a8 7a 78 37 a8 73 57 7a 57 a7 
1a 61 a6 5a 57 56 15 65 61 51 
56 45 41 84 51 85 45 84 81 41 
54 51 85 41 34 58 65 43 64 54 
25 27 57 45 46 84 56 35 48 14 
53 15 45 14 18 48 54 58 35 48 
14 53 15 45 64 14 16 46 41 54 
56 85 46 84 54 85 86 56 45 46 
84 56 35 48 14 53 15 45 74 72 
42 54 51 85 41 34 58 65 43 64 
54 65 68 58 45 48 34 58 15 43 
14 54 25 27 57 45 41 34 51 75 
43 24 74 72 42 52 85 47 84 54 
85 86 56 45 46 84 56 35 48 14 
53 15 45 24 27 47 54 51 85 41 
34 58 65 43 64 54 65 68 58 45 
48 34 58 15 43 14 54 75 72 52 
45 41 34 51 65 43 64 54 85 61 
58 65 15 16 56 51 45 46 84 56 
85 45 84 86 46 54 56 85 46 34 
58 15 43 14 54 25 27 57 45 41 
84 51 35 48 64 53 65 45 64 68 
48 54 58 35 48 14 53 15 45 74 
72 42 54 51 35 41 74 53 75 45 
24 25 45 24 27 47 54 57 47 54 
52 85 42 84 54 85 86 56 45 46 
84 56 35 48 14 53 15 45 74 72 
42 54 51 85 41 34 58 65 43 64 
54 65 68 58 45 48 34 58 15 43 
14 54 25 27 57 45 41 34 51 65 
43 64 54 85 61 58 65 15 16 56 
51 45 46 84 56 85 45 84 86 46 
54 56 85 46 34 58 15 43 14 54 
75 72 52 45 41 84 51 35 48 64 
53 65 45 64 68 48 54 58 25 48 
64 52 65 45 84 61 48 64 14 16 
46 41 54 56 75 46 74 54 25 24 
54 25 27 57 45 47 57 45 42 64 
52 65 45 84 61 48 64 14 16 46 
41 54 56 75 46 74 54 75 27 52 
a5 4a 47 34 a7 43 84 4a 84 a4 
8a 86 a6 4a 46 84 a6 48 14 4a 
14 a4 7a 72 a2 4a 41 84 a1 48 
64 4a 64 a4 6a 68 a8 4a 48 34 
a8 43 14 6a 41 64 61 41 84 a1 
48 64 7a 46 74 75 87 45 84 74 
87 81 71 87 a5 78 37 4a 73 17 
47 14 a7 41 64 4a 64 a4 18 2a 
25 a5 81 4a 18 46 14 a6 84 81 
41 48 14 7a 41 74 71 37 a4 73 
87 3a 78 47 41 64 a3 71 87 46 
14 7a 37 41 64 73 67 47 34 a8 
43 14 4a 14 a4 1a 18 a8 4a 48 
34 a8 43 14 1a 17 a7 47 84 4a 
84 a4 8a 87 a7 4a 47 84 a7 48 
34 8a 43 14 16 46 34 a8 43 14 
1a 1h 15 16 18 31 35 83 15 1h 
3h 53 51 31 a3 43 84 1a 15 48 
54 a4 1a 41 45 84 15 61 48 64 
14 31 61 63 13 16 41 43 84 13 
81 41 a4 8a 18 13 61 83 68 6h 
6h ah 7h 7h 5h 7h 4h 5h 7h 7h 
5h 5h 7h 5h 2h 3h 6h 7h 7h 2h 
64 6h 3h 5h 3h 5h 7h 5h 1h 5h 
4h 3h 2h 3h 2h 8h 3h 2h 3h 
