2
3h 15 4a 4h 4h 46 3b 3h 32 b8 
1b 1h 5h 16 a1 4a 48 a8 2a 28 
47 a2 6a b4 6b 74 64 b4 28 1b 
82 a4 28 8a b1 8b 86 26 a6 2a 
28 27 24 b8 68 1b 86 51 54 56 
57 24 12 16 14 12 71 2h 26 72 
12 61 b6 1b 61 b6 3b 34 53 b4 
1b 61 65 15 61 68 18 51 58 18 
21 27 82 85 25 82 86 26 52 17 
51 21 62 56 15 12 71 52 75 15 
21 26 16 51 57 85 17 81 51 65 
62 52 65 61 51 25 21 51 65 68 
58 65 67 6h 4h 4h bh 7b 4h b7 
8b 85 b5 2b 62 65 76 b5 67 86 
7b 68 76 b6 3b 36 73 b6 37 83 
7b 38 13 15 35 83 1h 38 13 b7 
31 73 8b 37 83 82 32 83 23 8h 
86 86 32 8h 18 6h 23 8h 18 6h 
32 8h 58 6h 23 b3 85 78 13 71 
74 81 78 72 74 74 57 8b 58 78 
57 bh 75 87 85 68 75 67 87 58 
61 56 86 58 6b 68 56 53 63 86 
83 78 71 57 81 38 68 36 75 87 
86 58 38 52 65 75 87 67 56 57 
35 67 36 86 78 52 75 85 78 72 
67 82 58 52 35 82 18 76 17 87 
68 65 46 6h 46 6h 46 8h 78 64 
16 76 47 6h 74 17 2h 67 56 53 
45 3h 54 75 71 47 51 45 75 47 
48 78 57 58 45 78 47 57 85 8h 
7h 74 17 1h 47 bh 74 5b 45 bh 
57 25 5b 75 2h 54 25 26 2h 23 
7h 87 56 85 75 67 32 3h 53 76 
47 87 48 41 57 65 37 63 53 75 
62 16 86 28 7h 82 38 32 63 64 
76 34 23 83 28 74 37 64 26 73 
27 67 36 38 43 8h 34 73 72 83 
bh 47 48 78 37 32 83 72 47 38 
43 73 87 83 28 73 27 87 38 5b 
25 3h 52 75 72 37 52 73 4h 35 
27 24 74 27 53 45 47 34 57 43 
bh 75 74 72 54 6b 47 35 26 46 
76 53 bh 34 31 41 8b 67 65 13 
14 56 76 34 bh 48 41 81 6b 15 
6h 17 62 71 51 23 bh 14 18 32 
81 41 1b 26 1h 62 bh 27 7b 2h 
bh 1b ah bh 
