1
4h 26 85 8a 83 a2 6a 64 a4 2a 
24 a4 1a 17 18 27 68 26 28 2h 
2h 62 67 27 62 63 a3 5a 53 76 
25 a3 7a 72 75 18 25 a2 4a 62 
65 25 81 a4 8a 86 a6 2a 82 85 
25 81 a2 83 68 2a 42 65 46 26 
85 a2 18 4a 15 85 a8 2a 42 82 
58 51 81 48 4h 41 24 28 12 2h 
52 48 25 12 15 25 62 68 56 51 
61 56 28 52 62 56 3h 65 16 12 
62 a6 2a 21 a1 2a 25 12 a5 21 
52 6a 16 25 82 61 86 26 52 84 
25 12 15 25 62 64 56 51 61 56 
24 52 62 16 12 62 a6 2a 21 a1 
2a 25 12 a5 21 52 1a 25 12 25 
12 52 a2 6a 26 25 65 76 27 52 
57 27 82 81 58 21 52 82 78 72 
82 78 75 85 18 17 87 28 25 85 
78 71 81 78 7h 74 5h 52 2h 3h 
5h 25 a7 52 1a 18 25 a8 52 1a 
25 1h 51 12 51 21 25 42 5h 24 
12 15 41 25 42 12 41 48 18 21 
28 52 18 51 21 a2 1a 15 71 a5 
17 31 1a 31 38 18 51 a8 15 71 
6a 36 17 31 61 56 53 63 a6 3a 
35 a5 4a 41 34 36 32 37 a2 5a 
54 a4 5a 57 a7 4a 47 a7 4a 45 
14 a5 41 54 1a 45 14 13 51 43 
54 14 51 a3 15 41 45 74 15 71 
41 74 5a 45 74 a4 5a 57 47 45 
14 17 51 47 54 14 51 56 16 51 
a4 15 41 5a 14 51 a1 7a 74 a4 
6a 61 a1 4a 47 a7 6a 65 46 a5 
64 56 4a 65 46 41 54 61 56 46 
54 53 83 a1 38 5a 57 58 75 5h 
75 71 51 75 3h 57 35 7h 53 75 
8h 57 35 1h 53 75 8h 83 3h 57 
35 83 58 75 3h 83 1h 57 35 17 
5h 15 5h 75 71 51 75 1h 57 15 
5h 15 3h 51 75 17 51 85 5h 15 
5h 75 51 75 76 37 56 35 75 67 
32 53 52 65 32 63 17 53 15 53 
15 64 16 56 35 7h 53 65 35 36 
76 57 53 65 73 67 37 36 31 63 
31 83 71 28 32 13 37 13 73 76 
37 14 64 74 27 82 43 54 35 28 
36 23 83 82 72 37 56 85 73 87 
3h 35 63 78 67 61 86 71 87 67 
56 57 15 35 13 67 56 53 75 63 
76 56 25 5h 45 5h 65 67 36 64 
26 52 75 65 36 31 73 78 27 52 
75 17 67 26 23 63 56 52 35 52 
35 38 23 62 86 35 43 3h 53 56 
85 26 32 63 58 65 35 73 68 56 
25 62 46 34 83 71 87 37 13 43 
64 56 57 25 57 25 65 76 72 52 
6h 36 57 25 57 25 75 31 43 64 
16 72 52 57 25 57 25 36 23 28 
38 63 58 75 58 75 36 73 53 65 
61 36 41 54 15 63 16 72 56 83 
3h 37 65 83 78 27 61 36 51 85 
68 46 14 83 58 35 37 13 57 85 
63 76 57 85 65 76 78 68 56 57 
85 57 85 65 36 31 53 61 86 56 
15 36 13 53 65 76 57 35 31 63 
41 5h 65 14 56 75 37 63 53 15 
68 76 78 68 36 37 83 67 86 82 
62 76 62 76 36 23 62 45 78 47 
68 56 67 26 68 26 51 75 51 85 
82 32 13 37 13 73 71 37 71 87 
67 46 57 15 53 15 56 25 72 14 
71 64 34 17 21 57 25 28 58 75 
58 75 85 36 53 46 18 41 57 85 
37 63 31 63 78 36 73 64 14 83 
58 35 37 83 57 85 82 52 75 52 
75 35 23 16 51 46 32 43 63 57 
65 1h 71 56 35 56 25 17 21 57 
25 15 61 64 14 51 71 58 45 36 
13 56 75 64 35 63 17 51 17 81 
36 43 36 43 51 65 53 65 35 36 
53 36 13 54 75 18 71 18 41 58 
45 37 63 65 35 73 16 51 16 51 
37 63 65 35 83 64 76 36 53 68 
14 51 31 83 14 87 82 41 45 62 
46 3h 13 56 36 73 15 61 15 61 
64 26 37 53 31 53 13 28 68 46 
16 81 78 54 35 87 64 54 75 17 
81 51 75 36 13 46 12 41 37 63 
64 34 73 57 25 35 73 16 51 35 
43 17 34 6h 51 73 17 35 7h 51 
43 46 36 43 15 61 63 57 64 36 
16 71 78 52 6h 27 45 18 54 72 
6h 81 85 27 46 78 64 52 12 3h 
87 26 25 41 72 62 58 8h 23 27 
78 38 14 8h 86 45 62 54 2h 47 
7h 8h 2h 4h ah 
