1
4a 42 82 85 8h 83 8h 4h 75 74 
74 67 6h a3 63 65 64 6h 36 84 
38 51 68 56 16 8a 83 a8 83 48 
4a 61 65 46 a6 86 48 8a 48 43 
15 4h 51 7h 15 2h 67 a8 76 4a 
34 51 67 43 64 68 36 48 14 63 
56 78 46 54 87 61 64 a6 78 4a 
45 74 27 a5 15 6a 36 51 84 72 
63 76 73 57 48 63 56 76 57 45 
84 16 45 84 23 61 48 64 67 36 
47 17 34 58 64 36 42 46 84 26 
48 54 84 85 45 48 24 21 25 42 
34 62 43 54 58 48 14 71 47 34 
26 43 84 85 45 34 62 43 64 24 
26 23 63 43 46 34 46 54 58 48 
34 64 63 43 46 34 46 34 64 63 
43 46 a4 36 24 23 8a 85 a5 3a 
63 a6 1a 12 13 72 a7 36 5a 58 
63 a8 36 5a 51 63 a1 36 5a 52 
57 56 45 46 34 56 35 45 84 81 
41 54 53 85 43 84 54 85 82 38 
52 35 85 48 42 34 82 38 48 54 
58 35 48 34 54 35 a3 1a 12 a2 
3a 53 45 43 64 53 65 45 64 68 
48 54 58 35 48 34 54 35 a3 5a 
45 43 64 53 65 45 24 21 41 54 
56 35 46 34 54 35 a3 5a 45 43 
64 53 65 45 14 12 42 54 56 15 
46 24 25 21 51 41 34 52 35 45 
34 a3 1a 12 a2 3a 43 54 53 25 
43 14 52 15 45 24 25 45 24 21 
41 54 51 41 54 52 35 42 34 54 
35 a3 1a 12 a2 3a 53 45 43 24 
53 15 42 14 54 25 24 54 25 21 
51 45 41 51 25 27 57 45 47 34 
57 35 45 34 a3 1a 17 a7 3a 43 
54 53 75 43 14 57 15 45 74 75 
45 74 71 41 54 51 41 54 57 35 
47 34 54 35 a3 1a 17 a7 3a 53 
45 43 74 53 15 47 14 54 75 74 
54 75 71 51 a5 3a 35 a5 4a 41 
a1 4a 47 34 a7 43 64 3a 46 14 
17 47 64 a3 46 34 5a 54 53 15 
a4 51 45 43 53 15 4a 74 75 45 
34 71 43 74 14 17 47 41 34 71 
43 a4 17 3a 34 71 a4 17 5a 57 
51 65 a7 56 75 8a 57 85 a5 8a 
86 a6 5a 56 35 a6 53 45 43 53 
15 8a 51 35 34 54 85 a5 8a 84 
38 a4 83 58 54 35 84 38 58 35 
38 3h 32 3a 3h 13 1h 12 18 1h 
3h 1h 6h 6h 4h 2h 7h 6h 7h 6h 
7h 6h 6h 7h 4h 2h 4h 4h 7h 6h 
2h 7h 1h 2h 7h 4h 2h 7h 4h 8h 
7h 4h 7h 8h 2h 8h 7h 8h 5h ah 

