0
8h 8h 2h 37 27 87 8h 83 13 1h 
1h 21 83 28 48 58 51 21 42 4h 
4h 35 34 31 54 51 35 36 38 26 
2h 28 12 15 25 45 42 41 52 51 
21 74 7h 12 15 25 21 51 82 38 
23 52 12 15 25 21 51 42 47 15 
45 34 83 48 74 24 52 51 21 62 
61 21 82 38 23 42 47 27 34 12 
83 48 16 26 34 83 82 42 14 15 
45 34 23 42 64 65 45 34 23 28 
48 72 74 24 32 83 28 72 78 28 
42 48 54 28 72 56 46 54 51 41 
74 7h 6h 78 7h 17 15 67 65 64 
26 82 8h 75 7h 37 34 74 83 8h 
84 87 47 48 78 74 37 38 78 13 
17 37 13 16 36 73 76 57 36 53 
56 5h 4h 73 67 65 75 37 35 63 
75 67 37 61 63 13 16 36 31 73 
76 57 36 53 73 57 56 76 37 36 
76 83 87 37 83 84 34 73 74 34 
17 13 1h 2h 6h 4h 73 62 67 27 
65 62 52 56 26 25 72 76 47 26 
42 72 87 47 48 78 74 27 28 78 
62 67 27 52 62 65 25 26 56 72 
76 57 26 42 75 87 24 82 84 24 
62 74 67 65 75 67 25 62 72 37 
67 63 73 76 27 23 42 73 87 24 
52 78 57 27 53 52 32 35 25 23 
72 75 25 37 32 36 26 42 76 47 
48 78 28 67 62 63 23 73 42 47 
27 12 41 74 71 41 67 64 6h 2h 
74 52 5h 6h 47 53 5h 5h 1h 1h 
5h 5h 7h 6h 5h 2h 8h 3h 8h 3h 
8h 3h 8h 3h 8h 8h 8h 1h 3h 3h 
1h 4h 
