1
4h 2h 4a 38 28 2h 1h 26 46 36 
36 45 26 23 12 1h 4h 6h 48 42 
67 34 31 41 54 76 45 34 32 3h 
7h 53 52 32 13 85 31 a3 58 43 
24 4a 14 13 43 24 a4 85 3a 31 
a1 58 2a 27 a7 85 1a 13 a3 58 
4a 47 85 a7 58 34 31 41 85 64 
6a 67 a7 47 14 58 13 43 85 54 
4a 84 a4 6a 45 48 58 34 31 41 
64 61 a4 85 2a 58 26 82 a6 28 
12 2a 12 13 23 82 a3 25 72 2a 
52 28 72 74 24 82 a4 25 42 5a 
24 82 a2 3a 25 28 52 28 32 31 
21 82 a1 25 72 2a 72 a2 58 7a 
76 a6 85 2a 58 26 82 a6 28 12 
2a 12 13 23 82 a3 25 42 2a 52 
28 42 46 26 82 a6 25 42 5a 24 
82 a2 3a 25 28 52 28 32 31 21 
82 a1 25 42 2a 52 28 72 47 84 
a7 48 64 4a 64 67 47 84 a7 48 
64 2a 32 46 14 23 41 85 82 84 
24 54 82 45 a8 4a 42 a2 52 84 
4a 25 84 52 82 81 a4 3a 32 a2 
13 3a 13 a3 1a 12 a2 3a 32 a2 
13 3a 13 53 13 a1 8a 83 18 13 
83 61 68 18 61 64 14 81 51 84 
18 14 84 61 68 18 61 6h 6h 2h 
5h 2h ah 58 5h 7h 7h 2h 7h 3h 
2h 35 47 4h 53 85 23 2h 58 35 
32 52 45 48 58 45 5a 45 46 34 
56 35 45 34 a6 43 54 53 85 43 
84 54 35 4a 46 84 53 85 45 34 
81 58 51 35 45 34 81 58 61 85 
68 43 54 53 65 18 15 85 81 58 
81 58 56 35 45 34 86 58 54 65 
84 68 58 15 a5 8a 86 58 51 45 
81 48 58 65 43 84 83 68 58 35 
45 34 a8 43 54 53 85 43 84 54 
35 86 78 71 7h 7h 7h 8h 7h 1h 
2h 1h 5h 2h 1h 3h 1h 1h 2h 4h 
3h 1h 7h 2h 4h 3h 2h 6h 6h 2h 
1h 2h 
