1
5h 6h 37 4a 85 32 a8 4a 45 35 
a4 64 7a 72 a2 5a 56 a6 5a 53 
58 a3 7a 7h 75 7h ah 6a 71 47 
63 a3 5a 52 74 a7 1a 15 72 87 
a5 7a 87 a7 4a 47 a7 8a 82 83 
62 a6 7a 74 a4 7a 76 47 a6 2a 
46 76 87 a2 7a 47 46 86 46 34 
a8 1a 13 18 18 12 71 47 42 a4 
72 57 4a 54 74 56 a7 5a 25 32 
53 45 46 a4 1a 56 25 a1 5a 35 
a3 8a 52 85 a5 7a 84 57 28 54 
25 74 67 52 a5 82 6a 68 a8 78 
37 23 72 6a 67 65 75 a5 6a 61 
a1 27 32 73 5a 57 a7 51 5a 25 
32 53 a5 7a 71 a1 2a 32 a3 5a 
87 85 81 51 71 28 32 35 85 a7 
2a 23 a3 7a 28 27 87 28 24 84 
58 57 25 87 28 58 75 37 53 85 
82 78 52 75 85 78 74 27 84 28 
78 57 54 25 74 27 57 35 43 54 
85 87 38 57 35 45 43 53 85 a8 
5a 54 15 a4 51 45 7a 54 75 a5 
3a 43 a4 7a 72 47 a2 34 8a 38 
78 57 52 85 72 37 58 35 75 87 
85 28 75 27 87 58 45 84 38 37 
87 58 45 84 18 13 83 58 45 84 
a8 5a 45 a4 3a 31 a1 5a 45 a4 
3a 38 36 53 45 34 83 86 28 36 
23 83 58 45 84 38 32 53 82 58 
38 53 57 25 37 23 53 85 87 28 
57 35 38 23 58 25 2h 2h 26 2h 
42 2h 42 2h 72 74 24 72 1h 27 
12 2h 72 4h 27 12 16 26 42 2h 
42 6h 24 72 47 24 62 2h 42 7h 
27 42 6h 24 72 16 7h 24 62 1h 
26 72 ah 27 12 2a 72 4h 27 42 
4h 27 12 4h 21 72 1h 27 12 15 
71 25 72 74 24 72 14 51 27 52 
12 71 78 27 18 41 72 67 7h 67 
4h 76 87 8h 47 ah 74 1a 41 4h 
17 21 25 72 74 87 15 41 47 48 
78 18 51 43 28 15 34 74 52 2h 
51 67 62 72 67 15 21 27 42 43 
74 14 51 23 62 72 47 42 34 65 
2h 43 24 21 32 15 45 34 24 52 
16 51 21 52 65 26 12 15 61 51 
56 16 26 82 1h 41 43 84 24 32 
12 81 8h 83 23 13 41 43 64 13 
61 28 62 25 62 52 12 31 56 85 
42 34 14 31 58 45 41 24 51 25 
26 56 15 46 14 54 35 15 41 45 
64 5h 46 54 53 65 38 2h 32 56 
85 23 82 38 52 65 42 64 54 25 
28 58 65 3h 43 45 64 35 63 43 
54 5h 53 65 5h 85 82 52 85 5h 
25 2h 28 32 36 26 82 ah 28 62 
63 23 82 7a 37 28 32 72 87 6h 
26 78 62 ah 87 1a 26 78 62 ah 
81 4a 27 18 72 ah 86 5a 24 68 
42 ah 81 2a 18 2h 87 8h ah 7a 
ah 3a ah 
