1
26 3a 72 71 7h a1 7a 73 a3 4a 
4h 74 27 a2 7a 67 62 63 6h 72 
67 a6 76 26 27 67 43 62 72 76 
34 3a 37 a7 47 3a 26 36 74 3h 
47 a6 74 7a 76 57 a6 46 75 37 
5a 73 27 64 72 67 47 46 48 8h 
76 a5 67 3a 34 35 37 53 a4 35 
23 7a 32 73 a3 6a 76 37 36 53 
76 57 37 a3 6a 63 a3 7a 75 27 
a5 72 57 2a 75 27 a7 3a 36 a6 
3a 73 72 47 32 43 73 a7 3a 34 
53 a4 35 13 7a 17 37 13 a1 6a 
61 a1 7a 73 57 a3 75 67 7a 67 
a7 1a 17 a7 1a 16 1h 15 15 1h 
a6 7a 76 a6 4a 4h 43 4h 45 24 
ah 42 54 5a 6h 86 a5 45 24 1a 
21 41 24 21 25 a1 21 2a 26 72 
71 57 21 52 72 37 32 72 37 35 
83 75 87 8h 83 82 58 57 87 58 
53 83 58 a8 38 7a 78 73 67 a8 
76 57 5a 58 75 27 28 78 a7 57 
5a 58 58 65 8h 56 25 6h 52 65 
61 51 65 5h 65 8h 56 25 8h 52 
85 1h 52 85 2h 58 65 1h 56 25 
82 58 15 5h 15 8h 28 51 85 6h 
58 25 23 62 53 65 25 62 83 26 
12 8h 21 52 56 85 26 82 52 15 
6h 51 25 28 62 58 65 25 62 64 
24 62 6h 56 54 85 64 86 56 85 
87 38 57 35 85 68 67 56 58 35 
68 36 56 85 86 56 35 87 68 67 
87 68 65 16 14 64 56 86 38 58 
65 68 16 58 15 65 86 6h 56 51 
85 61 86 56 75 5h 65 68 16 58 
15 65 86 6h 56 51 75 5h 15 5h 
85 83 78 75 85 38 78 73 83 87 
58 53 57 35 85 38 73 87 58 53 
75 35 37 57 87 38 58 75 4h 57 
85 83 78 75 85 38 78 73 83 87 
58 53 57 35 85 38 73 87 58 53 
75 35 37 57 87 38 58 45 5h 85 
83 78 75 85 38 78 73 83 87 58 
53 57 35 85 38 73 87 58 53 75 
35 37 57 87 38 58 75 5h 75 6h 
86 56 75 83 78 58 65 58 75 35 
37 53 37 13 67 86 67 86 76 85 
68 65 76 57 87 58 68 76 31 67 
7h 83 16 78 12 71 31 83 62 16 
31 73 57 25 18 61 46 45 65 16 
13 51 63 56 52 35 37 57 25 65 
26 54 14 81 56 75 58 75 15 81 
83 68 37 17 41 48 46 86 42 82 
68 18 51 53 85 13 61 64 26 64 
76 81 38 51 35 85 18 67 26 14 
84 58 53 75 83 78 38 53 75 62 
86 12 31 68 36 16 81 57 18 8h 
25 41 83 78 52 65 42 12 31 51 
45 68 16 13 41 51 63 8h 35 36 
56 15 87 28 14 61 54 25 85 28 
63 26 37 17 51 46 84 15 5h 68 
71 58 75 15 81 14 71 62 56 48 
51 85 61 26 86 48 56 45 85 18 
13 83 68 85 68 17 31 86 38 18 
61 62 86 12 71 37 23 53 81 38 
61 56 62 35 82 76 1h 13 28 85 
28 24 17 41 37 12 76 8h 63 51 
58 18 21 36 83 81 68 31 73 83 
18 52 35 24 14 84 37 57 12 48 
8h 23 75 71 48 83 48 17 84 57 
3h 71 48 34 82 16 6h 25 73 48 
82 54 37 6h 71 1h 28 45 52 8h 
23 34 2h 46 6h 7h 4h ah 
