1
43 2a 74 71 81 78 78 76 71 27 
a8 2a 27 a7 27 2h 2h 4h 47 6a 
62 6h a2 3a 35 a5 3a 38 35 3h 
45 35 38 63 6h 6h 1h 7h 68 a6 
3a 23 28 38 a2 7a 73 75 35 83 
25 82 32 53 a5 3a 53 a5 2a 28 
52 35 13 a8 31 83 2a 52 38 53 
57 23 12 18 28 52 72 75 87 81 
71 37 32 83 72 87 37 23 a2 3a 
73 78 57 38 53 73 27 a2 7a 27 
a2 3a 35 83 a5 38 53 8a 35 23 
72 87 a7 1a 17 a7 3a 23 a2 1a 
31 a3 7a 73 a3 7a 78 57 a8 75 
87 5a 78 57 a7 3a 38 a8 3a 23 
12 31 73 75 87 35 83 73 87 a8 
7a 37 38 53 78 57 37 23 12 31 
73 75 87 35 83 73 87 a8 7a 37 
38 53 78 27 35 13 71 27 17 12 
72 37 13 63 86 a1 81 61 56 1a 
65 16 a6 8a 18 a1 7a 27 a2 8a 
18 a1 6a 68 16 a8 61 56 7a 65 
86 27 68 26 76 72 87 81 71 57 
a2 75 67 6a 16 18 68 26 72 a7 
27 2a 25 a5 65 86 81 61 86 5a 
68 56 76 75 67 a6 75 87 5a 78 
57 67 65 76 a5 67 46 4a 24 52 
75 27 12 18 28 52 75 27 a2 8a 
81 a1 5a 75 a7 4a 42 a2 4a 14 
18 48 54 75 47 a4 5a 75 a7 1a 
14 12 16 a4 8a 84 a4 5a 52 72 
75 27 a2 75 27 8a 52 75 87 a7 
8a 81 a1 8a 83 a3 5a 25 a2 7a 
71 87 a1 78 57 25 72 87 7a 87 
a7 8a 86 86 83 8h 58 25 82 48 
41 81 58 25 82 a8 5a 25 a2 1a 
14 a4 5a 25 a2 7a 78 27 a8 52 
75 47 41 71 27 5a 75 27 a7 5a 
52 72 75 27 a2 75 27 4a 52 75 
47 43 54 73 57 47 54 a3 45 74 
75 27 75 27 57 52 42 54 7a 74 
27 2h 25 45 75 27 47 54 57 47 
54 52 42 54 56 46 74 72 42 74 
76 57 46 54 74 57 5h 1h 13 2h 
31 1h 26 3h 62 a2 13 5a 58 31 
75 27 26 76 27 7h 57 13 75 27 
1h 72 57 2h 75 27 24 52 74 57 
27 12 5h 15 25 42 18 31 35 15 
41 21 52 53 23 52 58 15 28 32 
38 28 42 51 35 24 32 2h 12 14 
31 24 32 12 41 4h 6h 6h 8h 85 
5h 6h 61 5h 15 56 25 23 42 53 
65 51 65 15 16 51 16 31 24 32 
12 41 47 24 65 17 61 67 17 51 
17 61 23 62 12 31 41 74 4h 14 
13 61 8h 43 24 21 32 41 34 24 
82 2h 42 43 14 23 12 42 84 5h 
25 48 34 52 35 45 24 21 32 8h 
58 52 15 45 24 23 52 43 84 43 
84 51 85 21 82 52 15 42 34 42 
34 51 35 45 14 38 53 58 15 16 
81 56 85 46 24 21 41 24 34 13 
34 13 12 61 32 43 32 43 23 58 
65 48 64 54 85 25 35 32 53 32 
53 58 45 38 23 38 23 15 21 31 
53 54 15 34 83 81 58 38 1h 45 
43 53 85 46 84 54 35 36 43 56 
85 12 81 21 45 64 51 31 63 43 
14 52 65 12 42 34 35 13 45 24 
31 23 43 14 18 51 5h 28 42 84 
8h 56 35 32 52 7h 23 25 35 73 
3h 53 54 65 42 32 73 17 21 56 
25 15 21 42 54 51 65 12 42 74 
56 75 35 63 76 37 23 3h 23 4h 
54 31 23 13 12 61 51 75 4h 34 
56 25 45 64 32 53 32 13 46 36 
5h 24 23 65 43 64 47 16 3h 64 
71 28 38 17 46 57 8h 62 83 71 
74 27 17 38 4h 85 72 71 16 26 
58 6h 63 84 37 48 6h 71 1h 82 
2h 8h 7h ah 
