2
5h 8a 6b 6h a3 8a 68 64 63 61 
56 b4 8b 87 8h 58 b7 5b 54 58 
25 64 26 23 73 b2 6b 76 36 37 
67 63 86 46 48 68 73 64 a6 84 
5a 85 45 37 48 58 73 54 25 26 
37 56 84 35 75 48 73 53 57 84 
85 45 48 58 54 84 25 37 b2 3b 
52 b5 2b 75 48 b2 5b 73 84 b3 
57 45 6b 58 15 37 b6 51 25 2b 
84 a2 73 52 8a 37 a5 3a 45 48 
58 a3 5a 45 a5 85 8a 84 73 a4 
3a 54 a7 8a 86 a8 5a 58 25 a8 
5a b5 7b a2 5a 35 73 b3 6b 57 
48 a5 25 7a b6 8b a7 3a b8 2b 
a7 5a 52 75 84 a2 48 57 25 4a 
73 52 45 a5 85 8a 84 a4 54 5a 
37 58 35 a8 75 73 48 53 57 45 
37 54 65 4a 73 56 45 a5 85 8a 
84 a4 54 5a 58 75 35 37 57 53 
75 53 45 48 37 58 35 a4 53 15 
2a 51 25 a5 84 3a 48 b2 84 3b 
48 38 34 84 b4 52 7b 25 a4 52 
7a 25 b4 52 1b 25 a7 52 2a 47 
b1 74 2b 47 52 45 a2 75 74 54 
57 45 57 45 75 74 54 57 15 5a 
15 a5 47 3a 74 37 37 3h 74 14 
36 38 13 53 14 14 17 51 45 5h 
45 3h 54 15 31 43 47 37 13 51 
a5 3a 13 16 71 74 14 71 36 73 
13 71 78 18 71 72 52 75 72 7h 
47 43 73 47 48 78 47 ah 74 37 
38 78 47 3a 37 43 a7 34 73 4a 
37 43 a3 2a 25 a5 3a 34 73 a4 
37 43 7a 34 73 74 27 34 23 73 
47 a7 2a b2 7b 74 27 b4 72 47 
2b 74 27 25 42 b7 24 62 2b 62 
b2 6b 65 b5 2b 25 42 b5 24 62 
4b 26 42 b2 3b 37 43 b7 34 23 
24 62 34 63 23 42 67 46 26 42 
6b 62 46 b2 64 26 4b 62 46 b6 
3b 37 43 b7 34 23 4b 32 43 b3 
4b 41 b1 4b 47 a4 6a 63 46 a3 
64 26 4a 62 46 a6 46 4a 47 54 
ah 57 4a 45 24 5h 75 8h 42 54 
82 2h 45 74 5h 47 84 4h 24 48 
24 23 52 84 83 43 48 54 38 45 
34 25 32 42 84 2h 48 54 23 52 
42 54 7h 27 24 72 4h 27 52 42 
54 56 25 24 32 54 35 25 42 ah 
24 52 53 45 23 42 52 35 46 24 
26 32 52 35 46 14 2a 25 32 34 
53 52 85 5h 25 35 43 23 52 53 
85 23 82 52 35 41 24 25 32 45 
34 31 83 24 82 32 53 52 32 43 
53 25 23 53 25 24 32 54 35 25 
32 38 53 52 45 58 65 28 38 43 
23 12 3h 42 64 54 25 21 62 51 
45 31 63 54 65 35 43 42 84 4h 
24 34 53 23 42 43 84 23 82 56 
85 18 25 32 45 34 24 52 58 28 
42 43 64 51 35 25 32 34 53 52 
85 81 51 25 35 43 23 52 53 85 
23 82 52 35 46 84 1h 53 25 24 
32 54 35 25 32 36 53 52 45 32 
43 48 64 38 63 58 25 43 14 7h 
48 24 54 35 25 42 45 84 25 82 
42 54 21 36 53 43 54 28 32 34 
83 24 82 32 43 56 45 46 84 56 
25 36 83 15 24 52 14 51 45 25 
42 51 76 43 74 64 67 47 46 34 
24 12 38 13 25 12 32 53 32 43 
18 38 63 58 25 58 25 85 41 74 
36 53 46 84 35 83 54 53 45 53 
85 42 34 42 34 31 83 41 24 41 
24 67 38 13 12 32 83 41 24 41 
24 25 62 45 64 24 52 38 53 58 
65 38 43 28 62 52 65 18 42 64 
54 25 73 75 35 37 53 37 53 81 
35 23 24 52 53 45 23 42 52 35 
46 34 18 43 24 53 85 26 82 51 
85 25 32 46 34 36 83 46 54 26 
82 14 28 12 13 18 76 58 35 67 
28 12 32 13 85 45 76 82 42 54 
42 54 58 25 28 58 25 45 24 23 
52 54 35 24 82 24 82 42 53 85 
24 25 42 25 42 83 43 23 52 23 
52 32 48 24 67 42 34 24 25 42 
25 32 42 54 42 54 58 35 48 24 
48 24 25 32 45 84 45 84 54 58 
48 45 84 45 84 23 82 42 54 42 
54 83 53 58 35 45 24 45 24 23 
52 53 23 82 52 85 81 28 48 34 
48 34 32 35 31 25 45 84 45 84 
54 21 42 58 28 52 21 52 41 84 
41 84 82 68 42 64 84 28 53 25 
23 62 53 45 83 68 28 62 13 48 
34 58 35 41 34 54 85 75 78 58 
57 45 43 84 47 84 53 85 45 84 
82 58 54 25 84 38 26 32 82 48 
56 45 46 34 56 25 86 38 48 14 
52 15 21 41 84 52 65 83 28 43 
64 54 65 23 62 52 45 42 64 83 
28 13 82 68 48 24 54 25 28 42 
31 24 32 58 45 48 34 58 35 45 
34 25 82 43 14 72 78 28 41 54 
27 52 87 14 12 42 41 24 41 24 
14 7h 41 42 34 54 25 24 82 54 
85 25 42 12 14 24 21 52 58 45 
28 42 52 45 21 25 42 43 54 52 
35 14 4h 12 7h 41 24 53 25 87 
52 85 12 41 24 58 75 4h 24 58 
35 87 25 82 45 84 24 52 12 15 
25 21 42 48 54 28 12 45 14 24 
52 24 52 42 45 25 24 52 24 52 
42 13 53 51 45 41 34 54 25 21 
72 51 75 87 27 12 58 15 24 32 
12 52 45 52 45 41 24 45 24 41 
24 51 54 85 23 72 58 75 5h 35 
87 27 42 53 85 24 82 5h 45 28 
32 42 84 52 85 45 24 86 28 48 
54 23 82 83 68 23 12 23 12 58 
15 25 32 25 32 48 54 42 54 24 
25 42 25 32 21 32 41 54 41 54 
52 85 42 84 54 25 86 28 58 15 
1h 23 82 52 45 83 28 23 62 83 
18 42 14 52 35 84 38 58 45 41 
84 85 38 45 34 84 58 54 51 45 
85 48 43 54 58 25 81 41 34 84 
28 58 45 43 74 5h 35 7h 53 85 
82 38 52 15 83 78 1h 13 2h 87 
18 2h 26 12 82 38 82 38 31 23 
38 23 83 82 68 2h 86 38 32 13 
23 83 68 21 32 31 86 18 28 62 
1h 31 83 81 78 31 73 72 76 26 
36 13 86 18 38 63 27 12 6h 21 
72 7h 67 6h 72 87 81 28 71 82 
ah 17 18 78 27 26 12 4a 64 74 
87 82 48 72 84 ah 27 28 21 78 
5a 82 47 15 85 25 74 ah 48 46 
86 3a 52 57 64 68 75 25 48 ah 
83 86 36 5a 67 5h 62 51 26 76 
14 ah 68 63 41 36 86 6a 15 6h 
51 ah 12 2a 1h ah 6a bh ah 
