1
21 82 1a 15 1h 7h 1h 18 51 a1 
8a 81 a1 5a 53 51 56 25 a3 52 
56 26 57 65 6a 52 65 67 6h 57 
a7 27 75 3a 57 35 72 a5 27 2a 
26 36 3h 53 56 36 85 82 8h 8h 
1h 2h 2h 1h 1h 2h 1h 63 13 16 
36 38 68 63 83 86 36 a8 78 5a 
65 87 56 35 65 63 53 56 35 78 
53 75 85 87 68 57 45 41 64 84 
68 62 82 68 6h 65 6h 5h 26 28 
68 56 34 3h 5h 8h 45 43 53 45 
48 4h 2h 58 35 38 58 15 54 15 
14 81 83 13 41 45 15 31 38 18 
41 4h 2h 82 83 23 72 67 36 38 
68 56 51 61 86 83 63 76 27 32 
38 28 a2 42 84 83 43 84 6a 36 
48 34 64 76 a7 4a 43 84 34 a4 
6a 46 43 63 86 46 34 36 46 84 
82 68 63 83 68 64 36 84 38 68 
76 a7 6a 86 83 48 63 46 86 38 
36 86 38 3h 42 64 68 48 64 62 
86 84 82 48 68 76 a7 8a 82 18 
15 85 78 67 26 a6 8a 68 64 76 
84 78 68 46 42 62 86 87 58 67 
56 86 78 a7 8a 68 65 76 85 78 
68 76 75 65 86 85 38 3h 65 76 
7h 7h 2h 2h 8h ah 4h 7h 7h 5h 
5h 2h 5h 3h 2h 5h 5h 2h 6h 7h 
2h 5h 2h 5h 2h 1h 
