2
5a 7b 85 81 8h 12 86 82 b5 6b 
62 86 58 b2 85 68 5b 86 58 b8 
5b 5h 54 57 5h 65 48 56 b5 84 
8b 85 68 b5 86 48 85 48 7b 74 
7h 58 a7 85 6a 58 b4 85 6b 58 
a7 85 8a b8 78 7b 76 b6 86 8b 
18 1h bh 71 8b a8 7a b7 2b 21 
b1 8b 28 27 87 18 17 87 b8 1b 
12 58 b2 7b 72 7h 1h b2 85 7b 
7h 67 ah 7a 47 a6 41 2a 31 58 
a2 7a 57 87 32 a3 7a 75 17 31 
a5 6a 73 67 58 a7 1a 14 a4 85 
3a 31 58 a1 6a 63 a3 85 65 8a 
78 73 63 68 a7 16 2a 41 64 16 
8h a2 61 b6 5a 8b 57 38 a7 6a 
56 b3 4b 65 a6 14 5a b1 7b a5 
8a b8 75 85 a8 1b 7a 41 47 17 
14 74 71 57 41 b4 75 2b 27 b7 
8b 38 b3 1b 41 b4 2b 26 b6 8b 
18 41 84 78 76 17 86 18 48 41 
71 37 b3 1b 81 b8 1b 14 84 81 
48 81 48 18 14 84 81 68 b1 86 
48 7b 17 74 17 87 48 41 81 28 
25 85 18 14 27 84 18 12 74 1h 
41 17 41 48 18 41 78 bh 87 8b 
81 b1 71 7b 78 47 b8 78 47 4b 
bh 6b 6h 6h 65 4h 45 34 6h 36 
46 34 32 42 64 62 36 42 34 38 
31 23 47 24 34 23 26 36 43 46 
24 36 23 72 38 63 48 64 34 63 
68 38 43 48 24 38 23 43 24 37 
6h 26 27 52 6h 56 26 52 54 24 
62 64 56 24 52 57 27 42 67 46 
26 42 47 27 52 4h 64 67 86 47 
84 64 86 25 42 46 84 6h 64 56 
53 15 5h 35 bh 65 46 48 74 2b 
52 47 84 64 86 25 42 46 84 81 
41 64 24 52 61 46 41 84 61 86 
46 84 25 62 64 76 2h 52 53 45 
48 67 23 84 54 36 bh 42 75 63 
76 56 75 48 64 65 36 45 34 64 
56 28 72 6b 56 52 85 6h 26 27 
12 1h 67 86 bh 56 45 43 74 2b 
62 53 75 45 74 68 56 54 35 64 
36 28 72 56 75 25 42 4h 45 64 
63 56 43 54 64 36 56 45 73 63 
43 84 53 85 67 36 45 14 1h 63 
56 58 35 68 36 37 67 36 57 35 
65 86 5h 53 85 65 36 bh 63 56 
58 75 2b 32 57 85 23 12 65 16 
26 52 58 15 8h 51 65 62 76 21 
51 75 65 36 3h 53 57 15 37 13 
53 75 7h bh 4b 34 31 1h 73 76 
36 73 bh 37 63 67 37 13 21 72 
76 26 72 5b 65 62 52 15 67 16 
56 75 bh 57 65 68 26 38 73 23 
63 86 27 82 52 75 4b 24 57 62 
bh 35 76 36 56 25 37 52 4b 73 
6h 65 24 28 48 67 57 7h 82 84 
76 24 67 ah 45 72 41 51 27 3a 
76 14 15 58 48 67 8h 82 73 21 
37 7h 15 58 8h 8h 7h bh 1b ah 
bh 
