0
2h 6h 5h 62 76 71 76 75 7h 78 
57 58 54 5h 1h 57 53 75 78 67 
58 65 75 67 6h 61 6h 56 57 85 
67 86 56 45 47 57 85 54 65 64 
86 54 85 65 86 86 87 64 68 26 
48 62 46 86 84 64 68 16 17 67 
26 21 61 86 82 84 28 25 23 85 
28 65 26 34 62 76 82 78 43 87 
48 45 85 28 35 82 78 72 53 68 
26 67 56 36 35 65 72 34 64 86 
27 68 26 76 72 62 67 86 27 68 
46 56 54 64 65 86 72 68 36 3h 
1h 27 63 86 45 68 26 76 72 62 
67 86 27 68 26 76 72 62 67 16 
15 65 86 82 78 62 46 87 38 64 
36 3h 2h 2h 5h 5h 7h 86 28 27 
87 28 23 72 83 78 16 87 48 27 
42 82 78 73 83 28 24 72 84 78 
28 72 71 87 16 26 12 1h 3h 5h 
7h 5h 8h 47 4h 4h 48 75 47 87 
48 4h 4h 4h 1h 3h 3h 5h 3h 3h 
7h 2h 5h 6h 6h 5h 4h 7h 4h 5h 
6h 8h 1h 5h 6h 3h 5h 6h 5h 
