1
14 5a 5h 3h a5 4a 48 a8 2a 18 
1h 32 43 4h 48 a8 7a 17 a1 3a 
34 a4 2a 28 32 a8 1a 18 a1 68 
2a 24 23 a4 64 8a 18 a1 46 2a 
2h 64 6h 8h 18 63 6h 6h 36 81 
8h 82 63 a6 1a 12 1h a1 2a 28 
a8 18 51 6a 36 15 31 61 a6 2a 
32 3h 36 83 7h 38 53 56 36 53 
25 82 63 28 12 15 81 25 82 36 
28 72 73 27 82 12 31 63 16 21 
28 52 18 51 21 32 63 26 72 73 
23 82 7h 28 52 57 56 85 27 12 
17 81 51 85 27 12 15 81 25 82 
12 51 36 15 81 78 17 51 63 15 
21 28 52 18 51 21 82 52 15 12 
81 52 85 17 81 51 85 a7 36 2a 
58 25 27 57 15 a7 18 31 58 35 
15 61 2a 82 15 81 21 82 56 28 
52 53 85 23 82 52 15 12 81 83 
52 85 5h 85 87 82 68 2h 36 4h 
83 28 7h 82 68 6h 4h 7h 4h 7h 
4h 7h 4h 43 43 54 35 38 58 35 
36 56 85 86 56 35 34 23 54 25 
35 23 21 72 31 73 23 52 51 35 
32 73 52 75 35 23 25 35 73 21 
52 51 21 52 53 65 68 58 35 25 
82 37 63 83 23 52 86 38 36 86 
78 25 72 82 58 52 65 82 68 58 
25 8h 83 28 36 58 25 27 82 85 
78 25 62 87 68 28 72 36 83 36 
53 27 52 32 73 53 65 5h 35 1h 
53 25 23 62 86 38 58 15 2h 82 
52 35 21 28 42 37 83 85 78 35 
63 24 62 32 13 3h 23 26 52 36 
53 58 45 38 63 28 62 32 83 54 
65 18 31 23 25 82 35 83 23 52 
54 24 32 56 85 13 21 32 35 63 
25 62 32 53 87 68 15 31 23 28 
52 38 53 23 82 57 35 13 51 75 
1h 31 35 83 23 52 57 35 27 12 
27 12 72 38 13 73 23 27 32 27 
32 31 83 86 18 36 13 56 75 52 
75 25 28 52 28 72 52 85 52 85 
71 81 68 51 25 51 25 23 62 82 
38 58 15 1h 58 25 26 82 13 83 
23 62 52 35 81 68 31 51 25 28 
32 58 15 23 12 52 35 37 83 8h 
57 15 ah 71 3a 23 25 72 12 52 
32 13 53 25 23 53 25 27 32 57 
35 25 32 86 78 7h 83 58 53 83 
4h 35 38 58 35 23 82 83 23 3h 
38 32 85 68 52 53 45 5h 45 48 
46 86 56 25 84 38 58 45 23 82 
23 62 65 2h 52 26 32 28 32 82 
83 28 54 83 2h 45 5h 38 32 65 
82 68 58 25 23 82 53 28 3h 85 
32 37 27 58 8h 73 72 32 84 6h 
45 1h 23 54 32 ah 48 8a 26 27 
67 7h 71 1h 4h ah 7a ah 
