2
3a 8b 62 37 b7 3b 37 36 b6 8b 
84 8h 83 2h 27 28 12 1h b1 2b 
25 b5 6b 64 b4 6b 62 6h 3h b6 
8b 82 38 b2 13 1b 1h 13 16 1h 
a1 81 46 b8 3a 38 a8 3b 5a 53 
a3 64 7a 73 a3 46 7a 75 a5 64 
7a 72 73 3h 46 1h 64 b2 46 1b 
21 64 17 31 35 15 81 87 17 21 
81 28 46 82 58 53 83 28 64 82 
68 48 46 86 84 28 64 82 38 35 
85 18 12 51 53 13 51 82 78 72 
15 41 82 68 46 16 51 84 28 64 
82 58 18 31 38 18 31 35 23 15 
61 41 32 43 13 14 61 41 31 34 
23 27 37 23 14 32 83 85 35 23 
41 32 43 46 36 23 16 32 53 58 
38 23 61 32 63 13 16 36 31 23 
61 32 63 64 34 23 14 32 83 85 
35 23 41 32 43 46 36 23 16 32 
13 63 14 21 64 12 51 58 18 51 
34 36 53 13 81 83 13 81 85 48 
15 61 46 86 38 14 31 81 28 64 
82 58 35 83 28 46 82 18 15 21 
53 83 28 64 18 31 35 15 21 46 
12 41 61 64 14 16 21 46 12 51 
53 13 81 82 58 12 51 81 28 64 
82 68 48 46 86 84 28 64 82 18 
15 31 38 18 51 31 35 13 46 31 
83 81 85 31 64 a8 23 46 32 53 
58 38 53 2a 25 64 a5 46 1a 18 
a8 64 5a 52 46 a2 64 1a 13 41 
a3 14 61 41 46 16 14 21 25 15 
61 6a 14 61 a1 41 5a 52 14 a2 
41 8a 83 14 a3 41 2a 25 14 a5 
41 4a 46 a6 16 5a 52 61 a2 16 
5a 61 45 42 72 a4 16 3a 27 61 
38 72 a8 16 1a 27 15 71 a5 17 
51 61 65 15 16 51 2a 15 21 24 
56 14 61 a4 15 61 74 16 31 1a 
21 56 47 12 31 a1 74 3a 23 47 
32 53 63 65 35 36 23 56 32 53 
74 35 83 81 31 23 47 32 53 63 
65 35 36 23 56 32 53 74 35 73 
43 47 37 34 53 74 35 13 18 38 
23 47 32 53 63 65 35 36 23 74 
32 a3 47 1a 56 13 51 a3 61 65 
15 16 21 56 12 51 61 65 15 16 
51 74 15 81 1a 21 56 47 12 31 
81 83 13 18 21 38 12 51 74 15 
31 a8 13 51 3a 47 15 31 a1 74 
3a 23 47 32 53 63 65 35 36 23 
56 32 53 74 35 83 81 31 23 47 
32 53 63 65 35 36 23 56 32 53 
74 35 73 43 47 37 34 53 74 35 
13 18 38 23 47 32 53 63 65 35 
36 23 74 32 a3 47 1a 56 13 51 
a3 61 65 15 16 21 56 12 51 61 
65 15 16 51 74 15 81 1a 21 56 
47 12 31 81 83 13 18 21 65 12 
71 a3 56 17 51 61 65 15 16 51 
6a 15 61 a1 74 6a 51 67 36 38 
68 46 74 67 86 83 63 26 15 62 
16 56 51 61 65 36 38 68 46 74 
67 86 83 63 26 15 62 a6 51 5a 
56 a6 16 3a 38 61 a8 16 4a 74 
61 a7 16 8a 83 61 a3 16 1a 15 
21 a5 65 5a 12 51 65 16 31 38 
18 21 a6 12 51 61 65 15 16 21 
56 12 31 1a 51 61 65 15 16 31 
a1 56 3a 83 81 31 43 74 37 13 
18 38 23 65 32 63 53 56 36 35 
83 81 31 43 74 37 13 18 38 23 
65 32 a3 56 8a 81 65 a1 56 8a 
83 65 a3 56 1a 13 65 a3 56 1a 
18 61 a8 16 51 61 65 15 16 51 
5a 16 51 a1 61 3a 38 16 a8 61 
4a 74 a7 16 8a 83 61 a3 16 1a 
15 21 a5 65 5a 12 51 65 16 31 
38 18 21 a5 12 81 1a 21 56 12 
31 81 83 13 18 61 a3 16 51 61 
65 15 16 51 5a 16 51 a1 61 3a 
38 16 a8 61 4a 74 a7 16 8a 83 
61 a3 16 1a 15 21 a5 65 5a 12 
51 65 16 31 38 18 21 a6 12 51 
61 65 15 16 21 56 12 31 1a 51 
61 65 15 16 31 a1 56 3a 83 81 
31 43 74 37 13 18 38 23 65 32 
63 53 56 36 35 83 81 31 43 74 
37 13 18 38 23 65 32 a3 56 8a 
81 65 a1 56 8a 83 65 a3 56 1a 
13 65 a3 56 1a 18 61 a8 16 51 
61 65 15 16 51 5a 16 51 a1 61 
3a 38 16 a8 61 4a 74 a7 16 8a 
83 61 a3 16 1a 15 21 a5 65 5a 
12 51 65 16 31 38 18 21 a5 12 
81 4a 56 18 41 71 74 14 17 21 
47 12 51 61 65 15 16 51 a4 15 
81 1a 21 56 12 31 81 83 13 18 
61 a3 16 51 61 65 15 16 51 5a 
16 51 a1 61 3a 38 16 a8 61 4a 
74 a7 16 8a 83 61 a3 16 1a 15 
21 a5 65 5a 12 51 65 16 31 38 
18 21 a6 12 51 61 65 15 16 21 
56 12 31 1a 51 61 65 15 16 31 
a1 56 3a 83 81 31 43 74 37 13 
18 38 23 65 32 63 53 56 36 35 
83 81 31 43 74 37 13 18 38 23 
65 32 a3 56 8a 81 65 a1 56 8a 
83 65 a3 56 1a 13 65 a3 56 1a 
18 61 a8 16 51 61 65 15 16 51 
5a 16 51 a1 61 3a 38 16 a8 61 
4a 74 a7 16 8a 83 61 a3 16 1a 
15 21 a5 12 51 61 65 15 16 21 
56 12 51 61 65 15 16 81 4a 56 
18 51 61 65 15 16 21 56 12 41 
71 65 a7 56 3a 38 65 a8 56 4a 
42 65 a2 56 1a 71 72 12 17 21 
65 a2 56 3a 17 51 61 65 15 16 
31 a1 56 2a 72 65 a7 56 3a 73 
65 37 63 53 56 36 35 23 72 37 
83 81 31 73 65 37 a3 56 2a 72 
65 a7 56 8a 83 65 a3 56 2a 72 
65 a7 56 1a 13 65 a3 56 2a 72 
65 a7 56 1a 18 21 72 17 61 a8 
16 51 61 65 15 16 21 56 72 17 
61 5a 16 21 72 17 51 a1 61 2a 
72 a7 16 3a 38 61 a8 16 2a 72 
61 a7 16 1a 15 71 a5 27 12 31 
8a 81 83 13 18 21 38 12 61 a8 
16 51 61 65 15 16 21 56 72 17 
61 5a 16 21 72 17 51 a1 61 2a 
72 a7 16 8a 83 61 a3 16 2a 72 
61 a7 16 1a 15 71 a5 27 12 51 
61 65 15 16 21 56 12 81 1a 81 
a1 65 2a 72 a7 56 3a 31 65 a1 
56 2a 72 65 a7 56 3a 38 65 a8 
56 2a 72 65 a7 56 1a 18 65 a8 
56 2a 72 65 a7 56 1a 13 21 72 
17 61 a3 16 51 61 65 15 16 21 
56 72 17 61 5a 16 21 72 17 51 
a1 61 2a 72 a7 16 8a 83 61 a3 
16 2a 72 61 a7 16 1a 15 71 a5 
27 12 71 2a 17 21 71 72 12 17 
21 65 a7 56 12 51 61 65 15 16 
21 56 72 5a 27 12 51 a1 61 2a 
72 a7 16 3a 38 61 a8 16 2a 72 
61 a7 16 1a 15 71 a5 27 12 71 
3a 17 51 61 65 15 16 31 a1 56 
2a 72 65 a7 56 3a 73 65 37 63 
53 56 36 35 23 72 37 83 81 31 
73 65 37 a3 56 2a 72 65 a7 56 
8a 83 65 a3 56 2a 72 65 a7 56 
1a 13 65 a3 56 2a 72 65 a7 56 
1a 18 21 72 17 61 a8 16 71 3a 
17 51 61 65 15 16 21 56 38 72 
17 31 81 83 13 18 21 38 12 61 
a8 16 51 61 65 15 16 51 5a 16 
21 72 17 51 a1 61 2a 72 a7 16 
8a 83 61 a3 16 2a 72 61 a7 16 
1a 15 71 a5 27 12 41 4a 47 46 
42 45 24 72 47 64 7h 27 46 34 
38 48 24 74 72 42 47 24 47 24 
74 72 42 65 b2 56 47 24 27 47 
24 65 42 64 54 56 46 45 64 5b 
46 54 b4 64 8b 83 46 b3 64 8b 
46 8h 86 48 45 24 85 28 48 24 
21 41 84 81 28 41 24 84 28 a8 
48 4a 74 71 41 64 65 45 14 17 
47 b4 5b 56 b6 3b 34 b4 3b 36 
b6 3b 73 71 31 b3 6b 63 b3 4b 
43 b3 6b 65 b5 3b 34 b4 3b 35 
b5 3b a3 83 4a 45 38 a5 83 4a 
54 38 45 14 17 47 54 83 45 84 
34 82 58 32 13 85 18 38 13 14 
34 23 13 81 84 28 14 21 81 38 
31 53 81 58 38 53 a5 8a 83 58 
38 35 43 a8 34 53 3a 53 a3 5a 
56 a6 3a 36 53 a6 35 83 86 36 
53 8a 58 38 73 74 34 83 85 48 
35 43 83 48 74 87 38 34 53 84 
58 38 43 47 37 83 85 48 35 43 
83 48 41 81 38 31 53 81 58 38 
73 71 31 83 85 48 35 73 84 78 
38 73 74 34 83 84 28 34 23 2h 
52 7h 73 57 27 52 6h 25 72 75 
47 25 42 72 57 8h 58 78 57 6h 
75 27 24 52 74 57 27 52 6h 4h 
4h a6 5a 58 5h 85 1h 58 45 6h 
54 85 1h 58 45 6h 54 65 5h 65 
5h 85 56 85 87 48 57 45 85 48 
43 54 83 78 53 75 43 64 65 45 
64 84 58 84 58 57 65 87 48 87 
48 62 76 74 64 76 65 76 85 48 
85 48 46 54 48 54 46 14 13 43 
84 46 54 84 68 84 68 48 57 45 
47 64 54 85 54 75 56 75 86 48 
86 48 68 57 25 75 72 57 47 64 
3h 84 87 48 87 68 48 74 48 74 
84 87 47 48 74 48 74 65 76 46 
84 46 84 87 68 84 68 48 46 84 
46 74 45 24 74 57 74 57 52 45 
57 45 87 68 87 68 78 54 85 76 
31 42 72 13 62 52 35 51 35 67 
16 13 63 76 86 18 58 65 74 17 
56 85 87 68 57 45 86 28 54 35 
5h 45 8h 78 54 75 85 68 71 47 
67 56 87 28 51 75 61 26 72 52 
35 86 18 83 18 58 65 67 16 27 
52 85 86 18 36 53 65 81 68 58 
25 8h 52 15 65 76 85 78 68 36 
5h 63 86 87 18 27 62 76 81 78 
68 56 74 87 84 18 24 58 25 45 
42 72 47 2h 52 57 85 65 76 74 
57 26 7h 67 72 47 67 26 67 26 
76 72 62 67 26 67 26 81 28 68 
76 68 76 86 87 67 68 76 68 36 
7h 63 86 87 67 26 86 78 76 86 
18 74 67 58 65 75 67 62 86 6h 
56 57 45 67 26 56 75 76 74 67 
81 57 6h 48 15 86 78 76 37 86 
38 78 67 51 85 42 64 58 65 74 
87 83 18 52 35 75 47 42 54 72 
37 45 34 31 83 58 57 15 45 74 
84 38 75 47 45 24 75 27 26 83 
28 76 57 46 54 74 57 53 73 47 
43 64 73 67 68 78 37 48 34 51 
35 62 36 56 15 31 46 84 76 87 
53 15 78 67 48 64 74 67 65 46 
47 54 67 86 43 84 64 76 51 75 
65 46 73 87 47 14 4h 24 82 38 
2h 67 56 83 65 42 38 bh 76 24 
6b 56 58 35 42 34 54 25 6h 86 
84 78 52 45 65 46 87 58 56 75 
41 64 13 63 26 43 83 57 62 34 
4h 78 25 36 34 64 36 87 48 46 
74 86 47 52 68 7h 24 86 74 2h 
65 68 47 58 74 63 bh 82 45 37 
87 27 54 7b 46 7h 64 73 bh 48 
32 21 8b 15 53 4h 36 61 3h 17 
1h bh 7b bh ah 
