0
5h 87 56 25 86 82 84 8h 83 28 
38 32 82 4h 5h 52 5h 3h 31 56 
25 28 58 52 15 82 8h 51 75 3h 
73 53 76 25 28 58 25 26 52 85 
82 52 65 85 68 67 87 58 57 25 
28 27 87 82 78 58 75 27 52 85 
87 57 28 25 85 78 75 85 78 72 
82 58 52 82 58 57 87 65 68 58 
65 6h 1h 4h 43 2h 6h 27 41 48 
2h 2h 3h 28 27 24 52 15 1h 14 
14 34 61 61 6h 76 5h 35 45 43 
67 26 53 54 62 85 34 86 56 43 
85 82 68 52 62 15 34 16 82 56 
78 75 85 78 72 82 58 52 75 7h 
82 38 48 43 83 84 38 3h 84 68 
61 46 81 28 64 26 86 48 43 83 
28 25 85 38 34 84 68 65 16 85 
18 68 46 43 63 86 81 38 61 26 
83 48 62 46 86 38 36 86 48 4h 
2h 4h 7h 3h 34 3h 73 34 73 7h 
5h 5h 1h 5h 1h 5h 1h 5h 6h 17 
1h 1h 7h 2h 6h 2h 6h 2h 6h 2h 
2h 3h 4h 8h 4h 
