2
8h 14 5a 13 6b 6h 18 13 51 54 
87 a7 8a 8h 8h bh 82 15 8b a8 
51 7a 78 a8 15 1a 1h 12 b1 12 
a1 51 5h 52 2b 5a 25 b5 8b 87 
b7 5b 52 b5 52 a5 1b 5a 45 b1 
5b 45 b5 7b 78 b8 4b a4 7a 73 
74 78 b8 5b 58 45 b8 3b 54 35 
b5 3b 34 b4 5b 54 b5 54 a5 2b 
5a 25 b5 8b 83 b3 5b 52 15 b2 
51 75 7b 37 38 78 37 38 b3 73 
27 86 72 17 16 21 76 27 17 21 
7b 71 27 24 74 27 23 83 b1 38 
7b 17 83 71 a7 38 b7 83 2a 38 
2b 2h 6h 4h 83 a6 38 b4 83 2a 
62 a2 38 1b 83 2a 26 12 14 61 
24 62 6h 68 b4 12 61 a2 6b 6h 
3h 26 83 62 86 36 38 68 63 86 
1a 31 68 36 16 31 37 17 81 b3 
18 61 67 26 17 21 87 12 31 62 
36 16 21 31 53 25 1b 78 52 65 
12 31 87 13 81 71 56 85 75 15 
17 61 b2 16 51 1b 51 58 25 78 
b1 52 65 87 6b 16 78 17 41 68 
46 16 b1 51 65 87 6b 46 b6 56 
15 2b 51 25 b5 78 4b 87 41 4h 
4h 78 7h 7h ah 5a 52 65 a2 56 
25 6a 52 65 a5 6a 56 b1 65 26 
6b 56 a1 65 26 6a 56 51 35 a2 
61 26 53 25 65 16 2a 32 b5 61 
56 23 52 62 16 5b 25 61 36 52 
85 63 86 56 25 87 8h 3h 52 65 
67 26 57 15 62 16 56 b5 6b 61 
26 25 12 65 16 26 52 b6 25 62 
5b 26 52 b2 5b a5 2a b5 25 62 
2b 62 61 56 21 52 62 16 a2 61 
26 2a 25 12 b2 6b 26 21 82 a5 
61 56 28 52 62 16 5a 85 b2 61 
26 58 25 65 16 3b 53 61 86 35 
83 63 56 52 15 62 16 56 35 38 
63 58 15 36 13 53 65 63 26 53 
25 65 a6 26 52 56 35 26 32 52 
35 31 23 25 62 35 63 23 52 3a 
25 12 36 13 23 52 a6 25 62 5a 
26 52 53 65 23 62 52 65 a3 56 
25 26 32 56 35 25 62 2a 52 53 
65 23 62 52 35 a2 53 25 6a 26 
56 b5 6b 62 36 b2 63 26 3b 62 
36 b6 1b 14 61 63 26 13 21 61 
36 b4 63 16 12 31 62 46 1b 81 
64 36 18 31 61 26 b1 62 16 2b 
61 26 b6 2b 32 34 63 24 12 36 
13 14 81 23 82 12 31 34 63 14 
21 36 73 12 71 31 23 28 62 38 
13 26 72 12 61 32 83 73 78 7h 
16 21 38 12 b1 83 6b 61 36 b1 
63 26 2b 23 12 b3 21 32 62 16 
6b 16 b6 1b 21 23 82 87 27 32 
12 31 37 17 21 27 62 17 41 26 
42 12 b1 2b 24 62 61 46 21 42 
62 16 b2 61 26 1b 62 16 b6 1b 
a1 6a b1 61 26 6b 26 24 12 64 
16 26 42 a6 24 62 6a 61 46 b6 
2b 62 64 76 a1 24 12 67 16 26 
42 3a 43 23 42 b6 24 62 5b 65 
61 46 51 35 21 42 53 45 25 32 
36 53 26 42 35 43 23 52 53 65 
23 62 63 46 52 45 65 26 23 52 
63 46 25 42 62 16 b4 24 6b 16 
42 61 56 52 15 62 36 b5 63 16 
1b a1 5a 56 35 a6 53 65 3a 56 
35 a5 1a 51 53 45 13 41 4h 4h 
6h 51 65 47 4h 3h 5h 3h 6h 3h 
3h 4h 7h bh 3h 3h 7h 3h 7h 2h 
7h 2h 7h 2h 7h 2h 7h 7h ah 1h 
1h 8h 
