1
6h 3a 3h 81 54 84 a6 3a 36 83 
87 83 a3 6a 84 68 a8 6a 61 64 
a6 8a 86 58 5h a6 5a 54 56 15 
a4 1a 16 a6 56 45 81 48 58 45 
8a 85 a8 85 48 8a 48 a8 4a 41 
54 a1 45 4a 4h 47 48 a8 58 5a 
54 a5 54 85 54 85 1a 58 45 58 
15 17 57 85 a7 54 65 5a 65 a5 
48 6a 62 a2 84 5a 48 52 85 a2 
58 75 3a 57 45 85 84 54 58 35 
a5 48 3a 32 a2 84 5a 52 85 a2 
58 45 58 65 5a 65 a5 84 3a 13 
a1 48 5a 84 56 85 a6 58 45 58 
45 85 84 54 58 45 58 65 4a 56 
45 a5 85 8a 84 a4 54 5a 58 45 
48 58 45 a5 85 8a 84 a4 54 8a 
45 87 58 a7 84 28 8a 48 85 48 
47 87 48 24 a4 57 5a 58 45 42 
52 85 a5 75 8a 58 87 58 78 75 
85 87 58 87 28 24 84 28 75 82 
a8 57 4a 42 75 a2 57 5a 58 25 
24 54 25 21 51 45 41 51 85 a5 
75 7a 78 a8 58 4a 54 57 85 87 
57 85 45 24 75 42 74 78 48 54 
48 a4 85 8a 87 a7 57 5a 58 25 
a8 52 85 75 78 58 57 85 57 25 
4a 64 78 46 24 54 85 57 85 75 
78 58 57 85 57 25 26 56 85 75 
78 58 57 85 57 85 75 78 58 57 
45 46 34 56 43 87 a5 74 7a 87 
47 84 a4 74 8a 48 87 48 78 74 
84 87 18 15 85 48 87 48 78 74 
84 87 18 16 86 58 56 86 48 87 
48 78 74 84 87 48 87 68 65 85 
68 74 86 78 48 47 87 84 a8 74 
5a 56 47 a6 74 5a 45 57 45 48 
64 58 75 58 35 46 74 53 75 45 
84 45 84 54 58 48 45 84 45 84 
87 47 54 47 54 58 65 48 64 78 
54 65 61 a1 87 4a 45 64 a5 46 
54 51 41 74 8a 47 84 a4 74 8a 
48 87 48 78 74 84 87 18 15 85 
48 87 48 78 74 84 87 18 16 86 
58 56 86 48 87 48 78 74 84 87 
48 87 68 65 85 68 74 86 78 48 
47 87 84 a8 74 5a 56 47 a6 74 
7a 78 a8 48 5a 45 47 84 87 47 
14 58 15 45 24 28 12 1h 1h 7h 
ah 87 8h 7a 78 7h a8 4a 34 31 
83 41 84 87 47 54 37 23 45 24 
25 23 2h 6h 7h a3 8a 68 65 6h 
6h 85 a8 2a 72 78 7h 6h 7h 6h 
7h 6h 28 52 a7 25 62 6a 64 a4 
24 82 2a 82 a2 8a 68 64 36 46 
43 63 64 26 34 62 a6 43 2a 26 
72 a6 27 52 2a 52 a2 34 8a 28 
43 82 48 38 34 84 83 28 43 82 
a8 34 2a 25 72 a5 43 2a 62 34 
26 72 71 21 52 a1 43 2a 52 a2 
34 8a 28 43 82 48 38 34 84 83 
28 43 82 a8 34 2a 25 72 a5 43 
2a 72 a2 34 7a 71 74 7h 7h 5h 
6h 5h 6h 5h 6h 5h 5h 7h 1h 4h 
1h 4h 4h 2h 1h 3h 3h 2h 3h 1h 
4h 1h 4h 4h 1h 8h 1h ah 
