2
1h 4a 2b 2h 41 b4 8b 8h a8 5a 
54 74 25 2h ah 7a 71 24 a7 5a 
52 a2 8a 84 68 61 68 6h a4 6a 
67 a6 26 2a 25 a2 62 65 4a 46 
25 a6 1a 16 a6 4a 47 a7 6a 61 
a1 52 6a 67 a6 25 1a 67 16 a6 
1a 71 a7 6a 67 a7 52 4a 46 a6 
25 4a 52 42 41 4h 3h 71 b2 32 
8b 17 82 83 82 87 28 23 83 78 
71 81 38 32 82 b8 4b a4 1a 17 
a7 8a 28 23 83 68 64 16 84 18 
68 16 14 18 1h 7h 12 1h 3h 3h 
7h 3h 31 35 3h 87 8h 8h 1h 6h 
38 3h 2h 51 56 53 58 16 51 5h 
65 63 26 53 25 65 26 2h 63 56 
53 45 b5 63 56 54 25 21 42 62 
36 51 45 6b 26 25 32 65 36 31 
61 56 21 52 62 36 54 15 38 43 
68 46 36 83 b5 38 53 51 85 2b 
58 75 7h 1h 26 12 18 28 12 b6 
21 62 5b 15 26 12 52 85 82 52 
85 81 51 25 21 51 25 28 12 58 
15 25 12 81 28 52 51 65 21 62 
52 15 18 58 25 26 12 56 15 25 
82 85 25 82 81 21 52 51 21 52 
58 15 28 12 52 15 81 58 25 21 
62 51 65 25 12 18 28 62 64 56 
52 15 62 16 56 85 86 56 85 81 
51 65 61 51 65 68 26 58 25 65 
16 24 82 12 62 56 54 25 64 26 
56 15 28 12 52 65 68 76 7h 8h 
7h 8h 7h 28 2h 42 47 4h 27 82 
81 8h 21 72 7h 74 7h 7h 7h 7h 
ah bh 3h 6h 5h 2h 1h 1h 4h 1h 
4h 4h 8h 
