0
5h 74 67 6h 2h 36 82 56 15 16 
36 12 81 32 82 85 83 8h 18 16 
1h 14 1h 86 41 48 42 4h 1h 61 
82 68 18 61 65 15 81 85 68 15 
61 81 68 6h 7h 7h 2h 2h 63 43 
63 16 46 18 61 68 18 26 21 61 
26 23 24 63 16 13 21 63 26 24 
2h 2h 64 32 36 3h 43 63 56 5h 
23 42 4h 8h 41 4h 45 34 65 36 
32 62 36 31 61 36 3h 42 14 16 
46 14 37 17 47 21 24 14 61 21 
26 32 35 43 41 34 3h 34 13 16 
36 53 5h 1h 41 46 74 16 71 72 
12 71 7h 75 42 54 34 53 74 57 
58 37 53 5h 1h 71 78 57 18 51 
5h 5h 6h 4h 6h 4h 6h 4h 6h 6h 
8h 6h 6h 8h 8h 8h 2h 3h 1h 2h 
8h 8h 2h 2h 7h 
