0
2h 13 12 16 1h 5h 18 58 48 4h 
52 56 58 5h 35 38 36 3h 58 15 
12 52 61 65 15 61 63 76 7h 13 
51 53 13 65 61 6h 1h 4h 41 41 
62 56 15 14 21 54 25 23 53 13 
65 63 53 21 25 15 21 27 67 56 
26 51 45 47 42 57 65 61 84 51 
86 85 65 86 87 67 86 82 84 8h 
62 56 57 35 67 36 56 35 31 51 
65 61 36 51 35 65 36 38 68 56 
58 35 68 36 3h 3h 3h 13 56 15 
35 13 18 38 53 58 38 15 13 53 
15 16 56 31 36 75 73 16 71 72 
12 32 52 71 73 75 35 15 73 71 
7h 8h 31 73 7h 4h 4h 8h 4h 8h 
27 2h 8h 2h 2h 6h 5h 6h 6h 84 
8h 5h 6h 51 25 2h 2h 2h 63 6h 
86 83 8h 2h 63 86 8h 7h 2h 6h 
4h 5h 3h 3h 1h 3h 1h 3h 1h 
