1
3h 7h 3a 36 3h 2h 31 34 53 52 
a1 6a 64 24 a2 3a 36 a6 1a 13 
a3 5a 54 15 13 54 52 53 65 42 
56 45 25 24 54 52 65 42 56 a5 
24 1a 17 15 18 1h 5h 3h 61 58 
65 15 21 41 42 12 14 51 56 35 
16 31 51 65 32 63 53 15 12 61 
52 65 61 63 6h 46 75 64 36 31 
61 46 57 64 a6 36 43 75 34 83 
8h 81 57 3a 43 75 34 83 85 8h 
ah 2h 1h 84 86 18 1a 86 18 a8 
68 1a 41 86 14 81 61 68 18 16 
21 24 14 81 16 81 61 68 18 16 
41 86 14 71 75 a5 4a 42 57 a2 
75 8a 85 48 a5 84 68 85 28 24 
84 68 58 56 86 85 48 42 82 68 
8a 58 a8 65 6a 85 67 56 a7 68 
46 85 87 48 57 84 28 64 26 86 
48 24 82 68 64 26 84 28 68 46 
48 68 46 42 62 46 75 64 86 82 
62 46 57 64 86 84 28 64 26 75 
64 26 84 28 68 46 48 68 46 42 
62 86 4a 57 82 62 46 75 64 76 
56 57 67 65 86 a4 75 84 28 64 
26 86 48 24 82 68 64 26 84 28 
68 46 48 68 46 42 62 46 57 64 
86 82 62 46 75 64 86 84 28 64 
26 86 48 24 82 68 64 26 84 28 
68 46 48 68 46 42 62 86 6a 46 
82 64 86 26 28 68 62 46 82 64 
86 26 57 a6 75 28 24 84 82 48 
82 48 57 84 68 62 82 78 4a 85 
28 26 86 48 57 84 28 24 84 28 
a8 75 6a 64 57 68 26 2h 48 21 
75 a8 57 6a 46 75 64 86 84 64 
86 57 68 26 27 67 46 48 21 82 
62 46 84 68 26 24 82 64 86 26 
42 46 26 42 48 28 62 68 28 62 
64 86 24 82 62 46 84 68 26 28 
12 68 16 26 82 84 24 a2 4a 48 
a8 6a 61 46 a1 64 76 6a 86 84 
64 76 75 65 46 48 68 46 a5 64 
76 4a 67 46 42 62 46 a2 64 86 
82 62 46 4a 43 a3 63 46 4a 4h 
4h 4h 4h 8h ah 5h 2h 5h 2h 7h 
8h 7h 5h 2h 5h 2h 2h 7h 7h 7h 
5h 8h 5h 2h 5h 5h 7h 5h 5h 3h 
3h 1h 3h 3h 1h 1h 6h 
