1
75 37 3a 62 58 62 6h 7h 61 64 
68 a6 8a 85 a5 1a 16 31 a6 5a 
58 a8 38 5a 5h 56 52 a2 1a 16 
18 17 18 41 65 a5 14 1a 1h 51 
56 16 71 78 18 31 3h 53 87 8h 
ah 5a 75 78 58 a5 1a 71 7h 76 
27 8h 72 47 41 71 27 41 46 54 
25 75 a7 5a 52 15 a2 51 25 1a 
52 15 a5 1a 16 51 a6 15 21 5a 
56 25 15 21 a6 12 41 2a 14 21 
a1 2a 2h 27 6h 8h 6h 8h 84 4h 
6h 6h 67 7h 4h 84 7h 67 8h 85 
5h 6h 63 8h 36 3h 1h 21 2h 28 
24 72 76 47 26 42 72 47 38 23 
27 42 37 43 45 74 31 73 43 84 
75 37 35 83 75 87 43 84 28 52 
2h 82 86 26 82 24 52 8h 58 28 
52 51 21 82 81 68 8h 68 8h 68 
2h 32 37 63 27 62 67 32 13 82 
18 15 85 28 35 23 27 12 14 37 
53 87 58 52 82 68 32 63 54 25 
83 28 24 84 78 5h 75 8h 38 36 
73 53 65 85 78 3h 38 53 56 85 
76 37 58 2h 83 65 62 52 75 27 
85 48 35 43 83 58 57 87 48 41 
81 38 31 43 81 78 26 72 82 18 
56 75 34 63 37 63 53 15 8h 28 
51 35 36 43 56 75 67 25 12 85 
18 28 52 57 27 62 34 83 14 84 
78 34 73 72 32 73 53 25 85 28 
26 52 58 35 28 62 52 85 82 83 
28 83 53 2h 38 35 32 52 45 82 
48 41 37 43 81 28 51 25 76 26 
56 15 86 18 58 15 27 62 14 61 
21 82 85 18 25 62 27 62 72 12 
51 82 58 53 45 35 85 28 15 21 
76 26 16 51 86 58 18 51 27 62 
54 65 25 82 81 58 21 62 27 62 
72 52 75 8h 18 56 15 85 28 13 
61 21 81 58 53 15 83 18 58 35 
26 82 17 31 51 35 28 12 15 81 
25 62 76 86 48 16 51 27 52 53 
75 38 28 62 18 61 21 82 57 65 
34 13 76 57 85 25 82 31 53 52 
15 32 63 76 13 21 53 25 15 31 
28 62 32 12 51 84 54 25 14 21 
36 51 27 63 8h 15 42 48 28 42 
51 85 82 48 36 23 53 15 17 57 
28 61 3h 85 72 35 73 23 52 58 
75 16 81 21 32 35 13 25 62 27 
31 84 52 2h 13 58 42 31 73 83 
18 12 31 82 37 56 16 2h 28 63 
65 71 57 37 24 84 16 4h 65 43 
72 78 86 26 34 5h 61 68 42 18 
24 8h 43 87 3h 75 56 6h 6h 4h 
7h ah 
