1
2a 74 72 a5 7a 74 7h 2h 24 24 
a2 7a 67 6h 5h a7 4a 46 41 a6 
4a 42 34 a2 4a 43 4h a3 6a 61 
62 64 a1 6a 6h 1h 5h 2h ah 1a 
12 16 a2 1a 14 a4 84 6a 76 16 
14 74 67 64 74 a6 2a 26 27 67 
62 36 31 61 a7 2a 26 a6 3a 38 
28 23 83 28 25 21 62 68 28 46 
42 62 76 78 68 26 24 64 32 36 
35 26 82 51 87 27 15 62 51 61 
21 56 82 81 21 65 42 46 26 42 
43 23 62 63 23 46 42 62 76 71 
61 26 24 64 32 36 26 32 34 24 
62 64 24 86 82 85 25 65 42 46 
26 42 43 23 62 63 23 46 42 62 
16 48 17 67 84 26 48 28 68 32 
36 26 32 38 28 62 68 28 76 72 
62 16 71 27 26 76 32 37 3h 43 
47 37 43 24 73 62 61 6h 21 37 
46 73 42 4h 62 37 54 73 56 46 
37 a4 73 6a 65 37 a5 73 26 37 
2a 73 72 32 37 27 a3 63 72 56 
27 4a 65 72 84 86 8h 5h 3h 46 
27 84 83 43 72 84 82 42 87 34 
32 42 84 8h 38 23 28 38 23 27 
37 83 87 37 83 82 32 58 53 83 
58 54 57 5h 1h 6h 1h 6h 5h 5h 
1h 7h 1h 7h 3h 2h 1h 7h 3h 1h 
7h 8h 7h 4h 1h 2h 2h 4h 2h 1h 
7h 1h 7h 7h 1h 1h 1h ah 
