1
15 4a 13 43 61 62 6h 6h ah 82 
84 6a 63 56 52 51 57 a2 1a 65 
16 a6 8a 83 82 12 81 68 62 46 
82 48 68 46 41 4h 4h 6h 84 81 
31 56 43 28 24 84 28 26 25 65 
62 a6 85 48 45 85 76 3a 34 14 
13 a3 67 4a 41 a1 38 34 84 6a 
18 16 86 38 13 81 68 61 36 81 
38 68 46 48 24 68 26 46 14 81 
48 64 62 86 42 54 68 56 46 14 
81 48 54 52 42 64 62 86 42 84 
14 18 68 46 41 24 61 26 46 24 
25 45 64 65 26 45 84 62 86 46 
84 83 28 43 24 84 68 63 26 83 
28 68 36 13 61 46 48 34 68 36 
16 13 63 61 36 61 36 16 13 43 
64 61 26 41 a4 74 3a 13 a1 47 
8a 82 a2 74 3a 13 a1 47 8a 74 
86 28 a6 26 86 38 47 13 4a 34 
83 18 38 31 41 84 18 41 64 62 
42 84 83 28 43 64 24 84 38 13 
81 a8 78 3a 13 a1 87 4a 42 46 
34 78 13 41 64 a2 87 46 54 8a 
58 48 34 13 41 24 26 46 34 13 
41 54 56 46 34 13 41 84 86 38 
46 34 14 13 83 48 41 24 81 58 
54 84 38 13 81 58 25 85 38 13 
81 28 a2 82 18 3a 83 18 a8 3a 
31 81 83 28 72 87 18 a1 83 28 
72 87 18 2a 31 83 28 78 a7 3a 
13 a1 2a 2h 6h 6h 27 82 72 78 
28 27 62 64 24 32 87 23 82 72 
78 28 27 32 87 23 12 31 23 82 
72 78 28 27 32 87 23 42 46 26 
32 78 23 72 82 87 27 28 32 78 
23 a2 87 3a 13 a1 78 7a 72 75 
a2 82 3a 13 a1 28 7a 82 75 7h 
6h 8h 71 37 64 6h 73 47 46 76 
27 28 78 27 21 32 71 37 27 82 
81 21 42 45 34 25 32 42 34 a3 
8a 68 65 85 78 72 37 82 38 3h 
5h ah 35 3h 32 3h 63 6h 78 67 
3a 13 76 17 37 13 12 32 73 72 
67 32 13 76 17 37 a3 7a 71 67 
a1 76 27 7a 27 a7 2a 21 a1 7a 
71 27 2h a1 7a 57 53 5h ah 6h 
2h 73 17 6a 36 71 37 67 16 35 
23 24 82 34 53 28 12 35 13 23 
72 63 16 27 12 62 76 75 37 65 
36 76 27 37 63 67 16 37 13 34 
13 43 63 76 23 72 62 76 73 27 
26 12 76 17 1h 6h 1h 6h 5h 6h 
5h 3h 5h 3h 5h 3h 5h 3h 1h 2h 
5h 3h 5h 5h 7h ah 4h 4h 8h 4h 
8h 5h 
