1
7h 6h 6h 4a 45 84 83 73 7h 84 
83 73 7h ah 2h 38 32 82 83 23 
5a 32 73 57 a7 3a 23 a2 5a 56 
52 82 68 65 85 28 23 83 78 75 
47 85 48 78 47 4h 6h 8h 87 a8 
3a 32 a2 8a 48 41 61 56 85 38 
4h 34 84 38 31 81 38 36 3h 32 
37 65 3h 56 3h 63 4h 41 74 36 
53 47 54 34 53 6h 35 63 46 45 
74 35 73 43 54 65 46 34 37 13 
1h 47 54 18 45 14 84 81 78 41 
87 68 6h 56 4h 14 85 18 48 54 
65 a6 16 5a 45 84 86 78 46 54 
a5 87 28 8a 58 45 24 a4 8a 58 
a5 2a 23 a3 5a 85 48 43 74 83 
78 48 54 a5 8a 87 58 45 74 4h 
54 85 28 26 86 58 45 14 2h ah 
7a 57 51 71 57 5h 3h 3h 4h 54 
5h 15 17 57 15 ah 1a 3h 36 2h 
63 2h 36 3h 13 14 54 15 16 21 
28 72 18 71 14 61 24 62 1h 81 
26 82 12 41 47 87 28 21 42 17 
87 48 28 72 71 21 72 78 28 12 
18 28 62 2h 82 81 21 82 87 27 
12 17 27 82 84 78 24 72 82 78 
17 21 28 72 18 71 21 82 81 21 
42 74 17 18 78 17 12 81 72 87 
17 21 82 78 71 47 12 82 48 78 
27 21 71 27 28 78 67 1h 65 7h 
17 56 71 87 17 18 61 7h 16 7h 
81 87 17 81 28 72 71 87 21 62 
78 67 56 26 1h 15 82 67 84 68 
78 76 47 27 62 51 65 17 82 85 
78 2h 87 68 36 73 2h 62 37 53 
58 75 82 32 73 86 37 57 2h 28 
73 75 86 57 37 1h 68 82 7h 65 
2h 73 56 37 2h 61 7h 74 1h 48 
8h 4h 6h ah 
