2
6a 8b 71 b2 1b 16 13 83 b6 1b 
17 16 13 13 41 47 45 42 87 52 
2h 3h 83 a6 8a 86 a8 7a 78 a8 
7a 74 76 78 78 a4 3a b7 3b 38 
b8 3b a8 4a b3 2b a4 7a b2 7b 
a7 1a 61 67 17 b1 61 7b 71 76 
47 b1 74 37 4b 73 47 b7 4b 48 
43 24 52 52 2h 8h 4h 34 8h 43 
24 83 42 84 34 38 48 43 14 16 
46 34 84 83 43 48 34 48 34 84 
83 43 48 b4 38 7b 83 74 87 b4 
37 38 78 73 87 7b 87 b7 38 78 
73 87 3b 78 37 b7 87 2b 78 2h 
7h 73 27 2h 7h 37 7h 57 54 5h 
bh 3b 31 35 61 8h 16 2h 26 21 
26 24 32 6h 61 b4 16 3b 31 3h 
83 84 34 83 3h 83 1h 61 4h 16 
1h 38 13 4h 31 43 4h 38 13 3h 
83 84 34 83 3h 13 3h 43 8h 48 
38 43 6h 34 83 84 58 25 42 32 
b3 2b 24 52 85 48 8h 48 43 83 
48 42 34 38 48 24 34 83 84 34 
53 25 42 48 28 42 43 84 82 42 
34 84 28 24 84 b8 2b a2 32 43 
8a 48 38 43 42 54 32 63 2h 36 
83 24 25 45 42 64 6h 61 8h 18 
86 58 82 58 28 25 85 82 58 61 
6h 85 18 16 51 86 58 12 85 25 
b5 51 58 18 51 25 12 81 85 68 
52 12 61 67 17 51 87 28 15 21 
81 78 4b 14 87 58 25 18 71 48 
74 76 46 84 16 81 41 54 85 68 
52 6h 45 14 12 2h 61 1h 21 5h 
12 6h 61 5h 65 67 62 5h 75 42 
57 1h 74 25 21 51 25 47 14 15 
71 45 17 ah 54 51 41 74 76 17 
52 65 12 72 45 3a 51 27 24 23 
43 73 15 bh 34 8b 57 31 41 32 
75 ah 18 54 23 13 83 45 5a 37 
31 56 13 73 bh 38 34 65 84 32 
4b 21 56 12 42 67 2h 28 76 82 
6h 23 2h bh 3b ah 6a bh ah 
