1
7h 16 36 31 6a 65 63 46 42 72 
71 78 a5 6a 68 a8 78 3a 37 43 
43 64 76 a6 4a 46 74 67 a7 6a 
64 a4 5a 54 74 75 a7 75 17 7a 
17 12 31 72 a7 72 47 13 8a 54 
75 31 87 a7 5a 45 a4 8a 82 a2 
7a 72 57 45 74 a2 37 7a 37 a7 
17 5a 45 a4 71 3a 31 35 63 54 
62 61 76 74 57 64 56 76 87 38 
63 65 46 35 43 45 35 43 65 46 
36 43 48 38 63 68 56 38 53 63 
a6 58 3a 38 53 a8 35 13 7a 17 
18 78 57 38 53 73 17 14 54 52 
51 65 36 34 53 64 56 81 36 53 
5h 45 18 54 25 23 53 15 17 1h 
57 35 32 52 85 a1 57 85 2a 58 
75 23 a3 58 75 85 87 57 58 35 
78 53 45 2a 54 25 a5 87 3a 35 
78 a5 87 3a 73 38 73 83 87 37 
38 73 38 23 21 31 73 83 87 37 
38 73 38 73 83 87 37 38 a3 78 
5a 53 87 a3 78 5a 51 85 a1 57 
35 31 51 85 5a 75 78 58 75 a5 
85 3a 53 38 53 57 45 37 83 54 
25 38 23 26 53 75 85 87 57 58 
75 58 35 36 73 56 75 83 57 25 
87 37 38 73 52 15 38 13 53 75 
85 87 57 58 15 a1 78 3a 35 23 
a5 87 32 53 51 31 83 3a 73 78 
38 73 a3 83 5a 35 58 35 37 43 
57 85 34 23 58 25 35 73 83 87 
37 38 73 38 23 2h 2h 1h 8h 1h 
8h 8h ah 8h 7a 7h 78 27 2h 2h 
ah 1h 1h 8h 1h 2h 8h 1h 6h 42 
4h 16 82 8h 84 61 6h 48 4h 5h 
53 45 4h 37 3h 43 42 14 16 21 
46 24 14 81 21 42 41 84 21 82 
83 45 84 86 8h 1h 8h 1h 8h 2h 
6h 1h 6h 1h 6h 5h 6h 5h 6h 6h 
3h 3h 7h 4h 7h 
