1
2h 52 6a 65 a5 65 6a 64 61 26 
24 64 76 24 2h 23 24 84 12 17 
18 1h 1h 1h ah 1a 61 a6 56 1a 
16 a6 5a 51 58 5h 18 51 52 5h 
65 a8 1a 61 68 18 58 71 75 72 
15 71 7h 76 87 86 8h 76 47 4h 
a4 74 67 1a 76 41 47 17 41 42 
12 71 72 12 67 61 68 18 78 41 
47 45 75 15 87 81 86 16 76 81 
87 17 a1 7a 78 a8 67 7a 67 68 
78 a8 87 6a 78 26 27 67 26 25 
65 76 75 65 87 86 76 a7 87 1a 
78 61 68 18 26 21 61 26 24 64 
82 86 87 67 27 86 82 62 16 14 
64 71 76 72 62 12 86 81 61 a6 
7a 17 18 78 51 57 17 51 54 14 
71 74 14 87 81 71 a7 6a 16 18 
68 21 26 27 67 17 86 81 61 26 
21 61 72 76 71 61 21 86 82 8h 
ah 1h 1h 8h 8h 17 1h 78 71 81 
47 18 7a 81 37 23 18 12 82 a4 
18 8a 38 73 17 16 76 a6 21 26 
16 37 83 62 31 38 3h 26 37 37 
3h 3h 6h 37 18 62 63 6h 23 61 
76 17 32 61 76 2a 67 42 4h 3h 
16 43 4h 4h 7h 7h 78 54 5h 87 
61 67 17 46 45 4h 65 41 46 16 
84 a1 48 2a 42 4h 47 4h 4h 6h 
2h ah 1h 3h 7h 7h 5h 7h 5h 7h 
7h 5h 8h 5h 8h 5h 6h 
