0
63 16 52 51 85 82 81 71 73 85 
8h 81 68 67 87 28 21 81 48 4h 
81 28 27 45 41 24 61 64 67 65 
26 2h 82 78 71 7h 3h 81 36 38 
35 32 3h 1h 85 65 18 17 87 56 
58 68 65 16 1h 85 8h 12 1h 78 
76 86 78 72 82 78 38 3h 4h 74 
6h 7h 2h 5h 67 62 72 16 17 13 
73 63 17 16 76 87 81 71 38 37 
36 76 86 17 18 78 17 31 83 87 
37 18 13 83 18 1h 4h 4h 2h 13 
21 28 2h 18 41 45 4h 26 2h 23 
2h 64 63 6h 43 82 84 83 43 23 
78 7h 54 52 42 54 58 5h 48 57 
24 28 48 52 54 24 52 5h 1h 5h 
3h 8h 3h 8h 3h 8h 3h 8h 87 3h 
7h 3h 7h 72 3h 4h 3h 4h 6h 2h 
3h 6h 2h 6h 
