2
6h 6h 42 5a 56 5b 52 b5 4b a2 
1a 65 b4 8b 56 18 a1 5a 53 25 
35 a5 32 65 8a 83 56 a3 5a 52 
a2 62 6a 63 b6 1b 13 b3 18 16 
4b 48 4h b8 34 5b 51 45 b1 5b 
65 b3 2b 56 34 b5 3b 52 75 37 
b7 47 4b 43 4h 34 b4 74 7b 73 
b3 43 7b 34 7h 72 71 43 a1 34 
7a 27 21 71 37 47 43 73 74 37 
74 37 47 43 73 74 a7 34 8a 87 
8h 81 84 4h 43 a7 34 3a b8 38 
3b a8 48 3a 35 34 13 a5 31 3a 
ah 3a b5 3b 37 13 7h 31 73 6h 
37 13 b1 7b 7h 73 17 37 31 73 
31 43 84 38 63 6h 7h 17 4h 71 
47 45 14 75 17 47 14 12 42 14 
85 41 74 72 17 42 54 71 87 45 
84 74 57 4h 75 17 48 14 74 57 
58 78 47 41 84 71 87 47 84 58 
45 74 75 27 45 24 74 57 58 78 
47 42 72 b4 17 3b 13 73 87 85 
75 37 31 83 71 87 37 53 57 37 
53 58 38 73 78 38 73 75 87 35 
83 73 87 58 75 a7 4a 34 38 53 
83 85 35 45 14 38 13 43 54 58 
48 34 31 83 41 84 34 a3 4a 48 
54 a8 45 14 4a 14 a4 8a 85 a5 
4a 41 84 a1 48 14 8a 41 84 a4 
3a 53 54 34 53 58 38 43 48 38 
43 45 14 35 13 43 84 85 45 34 
31 53 41 24 35 23 43 54 58 48 
24 21 41 34 31 83 41 84 34 13 
2h 31 43 45 24 35 23 43 54 58 
48 34 32 42 b3 24 4b 24 b4 7b 
27 26 76 47 46 14 76 17 47 84 
85 45 74 71 87 41 54 57 58 78 
48 14 75 17 47 84 85 45 74 71 
87 41 84 74 57 54 74 57 58 78 
47 48 78 47 45 14 75 17 47 84 
85 45 74 71 87 41 84 74 57 54 
74 57 58 78 47 48 78 27 21 1h 
2h ah 3a 13 ah 31 43 45 14 35 
13 43 14 42 14 16 46 14 26 41 
34 36 13 46 14 34 13 17 37 43 
47 84 37 83 43 84 58 45 34 38 
53 48 54 34 83 84 34 83 85 35 
43 45 35 43 48 54 38 53 43 84 
58 45 34 38 53 48 54 34 83 84 
34 83 85 35 43 45 35 43 48 74 
1a 81 47 24 25 18 51 38 53 13 
81 51 58 18 15 31 38 53 18 51 
31 83 6h 38 13 15 81 35 83 85 
35 83 15 81 31 83 82 18 13 51 
83 58 18 31 51 53 13 15 81 83 
58 13 51 52 12 31 82 38 32 82 
38 12 31 81 58 38 13 18 71 38 
73 13 81 8h 2h ah 4a 34 37 63 
3h 63 3h 23 21 31 83 85 78 48 
14 12 42 74 2h 35 83 84 58 34 
53 83 28 8h 38 35 43 85 48 38 
53 47 84 87 58 47 24 85 28 18 
21 35 83 48 24 6h 42 54 12 51 
41 84 38 23 25 35 83 48 14 12 
81 52 18 51 67 8h 82 68 32 73 
76 36 73 83 78 41 34 38 13 48 
74 31 63 3h 13 15 81 35 83 13 
51 84 58 6h 36 18 41 31 83 85 
18 35 23 25 35 23 47 24 81 58 
34 63 54 84 18 36 53 81 48 52 
32 43 83 48 45 34 38 53 82 42 
14 83 78 41 64 3h 35 13 43 24 
18 51 36 38 23 43 84 15 31 25 
35 83 15 21 87 28 37 53 47 54 
51 58 18 48 74 38 73 52 75 43 
84 12 81 57 85 15 81 28 12 51 
41 34 58 15 18 71 58 25 31 23 
53 15 45 84 17 51 61 57 35 16 
17 81 85 15 81 45 74 13 71 41 
54 82 58 53 83 78 61 3h 52 15 
56 15 18 31 58 25 68 13 21 51 
85 31 8h 56 85 87 18 83 18 57 
35 31 51 75 83 18 83 18 12 71 
51 25 85 38 5h 83 18 17 31 87 
38 18 71 52 75 5h 65 6h 6h 67 
2h 17 81 83 78 13 71 81 38 3h 
32 13 17 21 37 12 ah 73 71 31 
23 4a 14 32 41 7h 23 ah 14 32 
41 5a 27 ah 13 72 31 8a 24 ah 
15 42 51 1a 27 16 72 6h 23 2h 
ah 3a ah 6a bh ah 
