1
2h 47 27 2h 2a 63 a3 2a 25 2h 
62 a5 25 3a 32 a2 3a 13 61 a6 
3a 37 87 37 31 83 86 8h 3h 46 
32 34 84 32 a4 1a 13 a3 1a 15 
18 18 a1 3a 31 a1 6a 63 a3 6a 
65 64 58 a8 2a 23 a3 2a 28 a8 
4a 42 72 74 24 27 42 a7 24 12 
5a 21 72 47 24 52 56 26 12 a6 
21 52 7a 47 25 42 a2 7a 74 24 
27 42 a7 24 12 5a 21 72 47 24 
52 53 54 54 3h a2 3a 38 a8 3a 
35 13 a5 31 73 1a 37 13 a3 1a 
14 15 71 a4 17 31 34 73 14 71 
31 83 8a 58 38 53 a3 83 1a 38 
17 31 35 73 15 71 31 83 a1 38 
53 83 85 35 38 73 58 37 13 6a 
31 73 85 37 83 53 58 38 35 63 
62 32 83 a2 35 83 3a 53 58 38 
53 a3 83 8a 85 a5 35 3a 38 73 
a8 58 37 43 3a 43 a3 85 6a 36 
34 73 64 76 58 36 73 85 7h 58 
7h 78 71 4h 8h 85 5h 4h 47 7h 
5h 85 5h 7h 87 5h 75 87 4h 78 
57 78 57 41 75 47 17 14 74 71 
47 5h 74 57 41 1h 51 85 87 7h 
14 1h 8h 78 47 41 71 47 7h 47 
46 76 47 43 73 47 a7 5a 45 4h 
84 8h 8h 28 ah 82 4a 42 14 4h 
14 16 46 14 13 81 87 38 48 64 
17 61 41 84 83 18 14 61 84 68 
18 41 48 18 61 43 84 83 43 84 
81 38 41 34 84 18 65 46 48 14 
68 36 41 34 64 86 84 64 16 86 
48 46 86 48 41 64 81 68 48 64 
63 86 84 18 83 78 43 63 16 46 
54 3h 87 68 38 14 81 86 38 18 
31 86 14 31 41 81 68 81 68 18 
43 45 14 63 56 4h 84 81 38 41 
34 65 36 84 18 14 84 18 16 41 
86 48 18 41 45 84 81 68 41 64 
84 18 14 15 41 81 48 46 14 18 
71 85 45 64 84 78 18 41 46 74 
8h 84 68 18 41 47 24 63 76 4h 
34 67 86 84 28 17 41 61 26 67 
26 76 72 62 82 78 43 14 13 51 
43 54 14 31 68 36 56 15 41 46 
34 65 15 21 6h 12 51 43 84 63 
56 53 63 56 13 51 87 38 47 34 
36 46 34 86 38 41 64 18 13 61 
68 18 31 48 74 15 71 65 26 41 
24 64 16 17 41 46 84 16 81 41 
64 62 67 86 42 14 16 71 6h 65 
86 83 78 63 56 63 56 87 58 17 
31 38 18 31 61 86 61 86 85 78 
65 16 65 16 13 71 81 38 68 56 
8h 65 16 17 51 67 56 16 71 83 
78 ah 18 61 63 56 36 16 81 87 
68 17 61 81 38 63 16 18 31 15 
21 68 26 16 81 85 15 21 72 17 
61 67 56 17 51 53 18 71 83 85 
38 85 38 65 76 16 71 83 68 61 
76 12 82 58 67 36 17 51 81 78 
63 76 4a 54 67 26 87 18 35 27 
67 56 63 26 81 28 45 14 13 71 
43 74 14 31 68 46 48 34 68 36 
45 74 15 81 72 42 84 14 81 63 
46 41 54 12 62 36 18 51 41 84 
63 56 87 28 35 63 76 6h 16 82 
38 53 18 31 81 61 26 83 28 68 
16 13 63 86 84 28 48 68 36 42 
84 15 31 48 34 61 86 82 62 16 
53 45 61 8h 14 36 58 41 24 65 
26 46 14 18 51 13 21 83 43 64 
61 36 41 34 64 16 85 28 1h 18 
41 43 54 34 35 45 43 54 43 13 
ah 84 31 87 58 38 47 84 14 31 
83 48 41 74 13 83 78 15 48 6a 
81 34 36 46 34 18 61 64 86 14 
51 13 68 35 5h 41 46 16 81 87 
68 43 74 63 83 14 5h 46 38 31 
35 15 85 64 2h 51 5h 48 53 84 
ah 36 1a 42 63 24 ah 35 4a 53 
4h 38 3h ah 8a ah 7a ah 
