1
31 64 81 8h 56 4a 67 5h 65 75 
2h 27 a4 3a 35 a5 8a 28 24 28 
26 32 a6 2a 27 12 a7 21 42 2a 
42 a2 4a 41 46 36 a4 2a 24 32 
37 13 a4 75 6a 31 63 a3 57 8a 
87 85 75 a5 3a 36 43 a6 34 13 
4a 31 43 a3 4a 48 34 a8 43 48 
46 38 4a 84 ah 43 64 3a 46 14 
5h 57 7h 41 64 8h 38 13 46 14 
34 13 12 18 13 43 ah 34 1a 16 
15 7h 43 a6 16 31 1a 81 86 16 
81 1h 61 a4 16 41 8a 14 81 a1 
43 8a 18 34 81 38 48 43 54 57 
47 64 5h 46 14 83 41 a4 38 3a 
32 13 a2 31 83 6a 38 63 a3 82 
6a 28 6h 82 a1 28 3a 31 73 a1 
37 63 3a 13 82 31 63 64 34 63 
a4 36 43 6a 34 63 a3 8a 38 36 
13 86 18 38 13 14 34 83 84 68 
34 63 83 a8 28 1a 61 82 16 31 
36 23 16 71 32 73 75 35 63 15 
61 31 23 7h 38 43 7h 34 63 82 
72 37 63 65 73 5h 37 4h 73 ah 
37 8a 68 73 2h 37 a8 28 6a 46 
82 64 86 73 68 16 13 41 63 26 
14 81 62 76 73 76 18 21 7h 12 
81 87 48 21 27 17 12 41 72 14 
71 84 78 18 21 a3 12 81 87 48 
17 41 81 48 43 83 18 13 41 83 
48 18 71 21 27 17 12 81 84 78 
14 71 82 78 18 21 1a 41 1h 41 
1h 81 87 58 17 51 81 78 27 82 
18 15 71 85 78 18 51 5h 2h 82 
87 28 a8 1a 81 87 58 17 51 81 
78 72 82 18 15 71 85 28 21 27 
17 12 71 81 a8 4a 14 17 51 47 
54 14 71 72 12 41 45 74 15 21 
24 27 47 42 74 42 74 12 51 47 
54 14 51 52 12 41 42 74 12 51 
56 1h 51 47 64 1h 21 8h 78 46 
24 87 28 14 21 6h 81 48 41 64 
3h 46 14 84 18 12 41 48 64 1h 
81 82 38 46 34 8h 78 43 64 87 
28 18 71 46 24 75 87 84 58 74 
27 85 28 78 47 15 61 7h 47 48 
54 78 57 47 84 16 81 41 84 82 
78 42 14 12 61 42 34 16 43 87 
61 3h 24 28 48 74 75 27 45 84 
87 58 47 54 84 78 24 8h 78 74 
27 84 28 78 47 16 31 1h 61 7h 
87 16 41 78 47 17 81 85 78 71 
47 17 87 58 18 71 78 45 84 85 
47 54 74 52 72 37 42 12 31 71 
37 36 76 17 16 21 76 27 48 24 
82 74 67 14 61 71 47 42 72 67 
85 18 17 51 87 68 41 74 83 68 
38 36 86 83 68 4h 74 78 17 48 
34 15 81 75 87 17 51 84 78 74 
57 17 41 46 16 71 43 64 63 43 
64 83 28 21 27 17 87 28 18 71 
78 18 71 75 87 15 81 71 87 46 
54 1h 14 51 47 41 74 41 64 78 
37 7h 17 78 17 15 81 17 81 71 
78 17 78 57 17 81 17 81 46 18 
78 8h 74 81 17 31 85 78 45 34 
14 61 72 47 82 58 74 57 87 48 
41 74 27 42 34 14 13 21 43 83 
78 17 21 46 81 3h 14 78 81 38 
47 14 86 38 68 15 71 15 61 72 
87 42 54 71 57 18 16 81 16 83 
47 7h 61 68 24 47 34 25 75 86 
43 72 1h 58 54 67 21 81 38 14 
12 83 7h 41 28 37 18 73 42 5h 
81 27 34 82 12 43 7h 35 56 3h 
28 2h 61 6h ah 8a ah 1a ah 2a 
ah 
