0
4h 4h 18 34 36 74 7h 58 36 32 
12 34 31 34 73 7h 53 72 71 37 
32 72 63 67 65 63 75 37 35 83 
75 87 82 8h 72 17 32 13 16 17 
1h 1h 2h 4h 12 71 73 13 67 61 
6h 63 86 86 28 2h 2h 71 47 4h 
67 6h 45 65 76 75 65 37 36 76 
37 31 43 4h 71 67 61 86 71 87 
67 38 26 21 61 23 26 36 23 24 
2h 8h 21 34 73 71 27 31 63 64 
56 34 53 52 32 62 53 58 38 56 
53 63 56 57 35 67 37 26 23 63 
86 26 2h 85 87 28 28 62 65 36 
25 35 65 12 13 16 23 12 14 1h 
1h 24 52 64 56 26 32 34 53 24 
52 57 5h 5h 5h 1h 27 37 62 67 
43 46 36 27 43 42 32 63 62 32 
46 43 63 46 41 4h 8h 45 4h 2h 
2h 7h 2h 7h 2h 7h 3h 7h 3h 7h 
6h 7h 1h 4h 7h 1h 1h 1h 7h 7h 
7h 5h 5h 8h 
