1
38 3a 71 63 a6 5a 51 5h 57 a1 
5a 5h 2h 65 61 51 45 a6 3a 36 
a6 53 7a 75 72 a5 7a 7h 7h 37 
32 3h 1h 72 87 37 83 85 a8 6a 
64 a4 6a 67 a7 3a 35 a5 7a 73 
a3 7a 75 a5 27 28 78 3a 17 35 
13 73 17 a5 71 47 45 75 17 3a 
37 13 a7 31 43 1a 4h a1 3a 63 
68 a6 1a 18 a8 18 6a 61 46 84 
a1 48 7a 78 74 17 84 71 87 a4 
78 17 7a 17 a7 6a 16 1h 1h 4h 
48 7h 76 17 84 1h 41 18 41 47 
17 41 54 4h 87 4h 84 4h 64 61 
76 41 74 64 16 5h 61 46 47 14 
67 16 46 74 78 48 64 61 76 41 
24 67 56 8h 65 16 42 74 84 87 
47 48 14 78 41 74 61 26 47 24 
64 76 72 17 62 16 76 27 87 82 
72 78 67 61 26 71 27 82 1h 67 
16 72 78 27 78 27 61 26 76 87 
8h 82 62 68 26 76 17 1h 61 62 
86 12 81 61 26 21 61 26 28 68 
16 18 68 16 1h 21 24 23 1h 81 
86 16 81 5h 18 61 68 18 51 8h 
17 41 5h 86 14 71 75 67 15 81 
71 87 16 84 74 87 14 61 14 81 
71 87 28 12 17 81 27 82 12 81 
87 48 1h 21 86 48 68 12 41 86 
81 28 1h 82 68 61 46 74 67 16 
86 28 14 61 64 56 14 51 58 18 
41 68 46 47 67 86 17 81 61 46 
52 82 85 18 12 41 61 26 25 65 
26 85 48 2h 72 5h 27 12 18 51 
28 52 12 81 2h 26 82 12 31 5h 
13 61 65 26 15 71 62 76 84 78 
68 46 1h 81 82 58 12 51 81 28 
27 87 18 15 21 85 78 64 76 86 
78 17 41 82 68 62 56 82 58 68 
26 27 67 26 21 32 8h 85 18 68 
56 23 82 14 51 53 13 41 63 76 
81 78 82 78 28 68 56 8h 82 81 
28 81 78 65 76 86 58 26 12 26 
12 62 2h 21 62 85 68 18 16 26 
82 81 68 21 62 82 18 16 14 61 
67 81 1h 26 48 61 56 12 18 21 
18 71 21 82 21 82 84 18 82 18 
28 21 82 21 42 82 18 82 38 8h 
28 81 28 24 12 14 24 32 81 38 
35 28 12 63 86 85 48 65 46 24 
61 84 1h 42 46 48 61 36 21 52 
87 58 28 12 63 56 17 27 82 65 
36 53 86 78 26 72 82 68 63 83 
28 74 65 82 17 56 2h 48 71 28 
32 36 35 65 63 56 26 82 87 58 
21 32 6h 62 76 85 18 64 26 17 
23 6h 41 52 36 87 65 23 14 78 
8h 56 6h 32 25 4h 51 78 13 87 
5h 76 32 64 23 7h 31 1h 48 4h 
ah 8a ah 3a ah 
