0
8h 8h 28 31 71 7h 62 71 87 81 
84 71 61 62 32 61 81 81 68 61 
36 34 64 56 83 58 58 75 67 36 
38 34 37 53 56 54 36 73 56 75 
35 73 7h 57 53 73 65 67 57 65 
68 58 76 78 45 68 47 46 76 56 
47 45 43 14 53 15 73 17 57 15 
18 58 75 78 58 27 25 23 53 63 
65 35 48 62 16 53 52 15 65 16 
72 17 67 26 32 63 26 84 62 56 
57 15 67 16 1h 3h 56 15 1h 8h 
23 2h 5h 45 48 58 35 32 52 15 
1h 3h 3h 14 21 54 25 15 21 23 
13 51 53 25 13 21 2h 1h 21 2h 
8h 3h 8h 3h 8h 3h 8h 3h 7h 8h 
3h 7h 3h 7h 8h 8h 3h 3h 42 76 
47 41 23 42 45 4h 4h 6h 8h 3h 
3h 6h 1h 8h 7h 6h 8h 8h 1h 5h 
8h 5h 2h 
