1
4h 5h 6a 85 64 6h 67 a8 6a 6h 
ah 5a 56 57 a6 2a 27 57 58 52 
65 62 76 74 52 64 75 76 56 75 
7h ah 8h 74 7h 7h 7h 27 12 18 
51 25 72 17 2a 71 27 57 65 61 
51 26 25 65 76 75 65 17 16 76 
57 a5 7a 67 61 71 36 3h 57 a5 
6a 56 75 a7 3a 36 37 31 35 23 
27 26 2h 8h 65 72 7h 75 47 41 
71 57 56 76 17 14 74 87 8h 8h 
78 67 65 75 47 41 71 57 56 76 
87 81 71 67 65 75 87 38 53 56 
36 a3 73 17 2a 71 62 65 25 17 
12 72 17 14 74 27 24 74 12 17 
27 52 13 56 26 31 72 13 73 23 
17 62 65 25 71 42 47 27 42 43 
23 72 73 23 47 42 72 41 4h 27 
21 71 42 47 24 62 67 27 16 12 
62 46 42 62 48 76 74 64 78 16 
17 67 46 48 68 14 1h 16 1h 1h 
ah 3h 5h 2h 2h 3h 5h 5h 2h 3h 
3h 5h 2h 5h 7h 5h 5h 8h 3h 8h 
3h 8h 3h 3h 6h 8h 7h 8h 3h 8h 
4h 
