1
5h 41 25 8a 68 64 76 71 76 72 
84 82 8h 74 7h 1h 87 a4 8a 83 
73 28 27 87 28 24 a4 7a 78 37 
3h 34 16 1h 15 31 a8 3a 3h 34 
36 36 a3 43 73 4a 47 a7 4a 42 
a2 4a 48 a8 3a 37 a7 3a 23 28 
38 13 15 35 a3 7a 73 a3 7a 78 
47 a8 74 37 38 78 47 4a 4h 34 
53 51 31 43 6h 34 13 15 35 43 
8h 34 53 84 35 83 43 48 38 34 
53 84 35 a3 48 73 87 4a 78 47 
46 7h 47 4h 54 51 41 54 6h 45 
14 15 45 24 28 6h 8h 6h 67 8h 
76 6h ah 1a 21 24 12 7h 17 12 
1h 51 8h 15 41 6h 14 51 61 65 
15 5h 8h 84 4h 5h 15 41 84 18 
51 4h 15 61 46 84 6h 48 54 63 
56 52 46 54 57 52 56 47 54 58 
65 62 52 35 2h 26 2h 53 65 62 
36 52 35 65 26 31 83 3h 13 6h 
56 53 25 63 26 56 35 8h 53 65 
62 36 52 35 65 26 85 27 67 56 
68 26 24 52 82 64 26 25 82 62 
56 53 85 65 26 65 36 68 46 28 
42 5h 62 56 53 85 68 36 56 25 
31 63 86 81 31 83 24 62 54 15 
26 12 62 63 16 68 46 38 28 52 
45 65 86 83 63 26 28 32 6h 56 
23 82 54 85 25 32 25 32 38 43 
63 56 58 68 36 25 82 25 82 63 
56 58 68 76 51 75 53 75 21 32 
37 25 12 65 16 26 52 57 27 62 
53 85 52 85 25 26 52 26 32 34 
83 53 65 53 65 24 32 25 32 61 
46 52 53 25 53 45 65 16 26 32 
5h 54 23 7h 65 32 36 26 42 53 
65 53 65 61 76 51 35 51 35 15 
24 72 24 72 38 43 32 43 23 24 
82 34 64 56 12 62 16 68 46 58 
25 58 25 37 43 63 46 52 35 37 
83 32 83 57 25 53 25 64 86 56 
35 62 61 52 31 46 2h 15 13 53 
25 64 76 21 32 74 64 16 56 23 
4h 35 42 31 43 74 24 12 52 65 
37 23 52 45 61 57 31 1h 26 15 
43 62 76 25 74 64 56 21 37 65 
4h 52 13 76 47 31 73 18 51 85 
21 58 67 34 8h 12 15 46 73 25 
37 64 7h 52 43 37 58 4h 86 73 
26 37 8h 75 ah 64 57 46 6a 72 
61 27 1h 73 7h ah 3a ah 1a ah 

