1
2a 56 5h 43 58 a8 2a 27 7h 6h 
61 64 68 a8 3a 38 63 a8 78 1a 
13 a3 1a 1h 15 15 71 7h 72 a2 
4a 47 a7 6a 67 56 57 54 74 64 
56 16 5h 45 8h 61 54 25 a8 52 
75 16 57 45 47 57 25 5a 25 a5 
61 7a 74 16 a4 61 2a 26 2h 24 
72 8h 27 42 3h 24 12 61 26 a2 
5a 52 75 a2 57 45 7a 54 75 a5 
1a 61 a6 5a 57 45 a7 54 75 4a 
57 45 47 57 45 a7 54 75 4a 57 
15 61 56 75 a4 57 15 8a 61 56 
85 a5 1a 61 a6 8a 87 a7 5a 57 
a7 75 4a 57 15 61 56 a4 15 8a 
61 56 85 84 54 a4 75 78 7h 58 
45 7a 74 57 65 a7 16 4a 51 75 
74 54 75 a5 45 4a 47 a7 57 5a 
54 a4 74 75 45 47 57 54 74 75 
45 47 57 7a 54 15 61 56 a4 75 
45 47 57 54 74 75 45 47 57 8a 
75 74 54 57 47 85 74 84 54 87 
82 a4 75 5a 75 a5 1a 61 a6 5a 
57 a7 75 4a 57 45 47 57 a7 35 
3a 38 a8 58 45 5a 45 a5 1a 61 
a6 5a 54 a4 15 3a 3h 7h 8h 51 
75 74 54 15 61 56 45 47 57 25 
23 53 75 74 54 15 61 56 45 47 
57 85 83 53 75 74 54 15 61 56 
45 47 57 a5 7a 74 a4 1a 61 a6 
4a 47 a7 3a 38 a8 7a 74 a4 1a 
61 a6 4a 47 a7 3a 32 a2 7a 74 
a4 1a 61 a6 4a 47 a7 3a 31 36 
83 82 32 73 74 34 13 61 36 43 
47 37 83 85 78 74 84 18 61 86 
48 47 87 28 23 83 78 74 84 18 
61 86 48 47 87 a8 7a 74 a4 3a 
32 a2 3a 13 61 36 43 47 37 a3 
7a 74 a4 2a 23 a3 4a 47 a7 2a 
28 a8 7a 74 a4 3a 38 a8 3a 13 
61 36 43 47 37 23 21 31 42 73 
72 32 43 73 74 34 37 47 23 27 
24 74 34 72 73 23 42 43 23 42 
47 27 32 37 27 32 34 24 73 74 
34 72 73 23 42 43 23 42 47 27 
32 37 27 12 16 26 72 73 23 72 
74 24 32 34 24 32 37 27 43 47 
37 42 73 72 32 43 73 74 34 37 
47 23 74 24 27 47 37 42 73 72 
32 43 73 74 34 37 47 23 27 24 
74 34 12 13 23 42 47 27 12 13 
71 63 17 61 31 36 16 13 71 63 
17 a1 36 7a 74 63 a4 36 8a 81 
63 a1 36 4a 47 63 a7 36 8a 86 
83 48 a6 84 78 74 84 78 4a 87 
18 16 86 48 a8 7a 47 a4 2a 82 
87 38 74 24 32 82 48 47 87 68 
61 81 78 74 84 28 23 72 83 78 
28 42 48 28 42 47 27 82 87 27 
82 84 78 72 82 68 63 83 28 27 
87 48 28 72 78 28 72 74 24 12 
13 23 42 47 27 82 87 27 82 84 
78 72 82 a8 74 1a 21 24 27 62 
14 61 21 42 47 27 62 68 28 72 
74 24 12 18 71 28 72 12 41 42 
12 41 47 17 21 27 17 21 24 72 
71 21 a2 74 1a 14 a4 17 41 47 
17 41 1a 41 a1 7a 71 a1 7a 74 
a4 1a 14 a4 1a 17 41 a7 14 71 
4a 17 31 32 12 41 a1 7a 47 a4 
2a 23 a3 2a 12 17 41 71 21 a2 
74 3a 32 a2 47 3a 38 a8 74 1a 
14 a4 17 41 47 17 41 1a 41 a1 
7a 71 a1 7a 74 a4 2a 28 a8 2a 
12 14 24 12 17 41 27 14 a2 71 
1a 71 a1 8a 82 a2 1a 17 41 a7 
14 31 1a 31 a1 4a 47 a7 3a 36 
73 74 34 73 a6 37 43 47 37 43 
7a 73 74 34 37 43 37 43 73 74 
34 37 23 28 38 43 a3 2a 32 37 
43 73 74 23 12 16 71 41 47 17 
26 42 71 72 12 17 31 32 12 71 
74 31 23 21 31 23 24 34 73 23 
72 75 25 42 43 23 42 45 25 42 
47 27 42 4h 2h 3h 72 46 4h 3h 
6h 74 24 32 3h 43 47 14 1h 37 
13 15 81 8h 5h 8h 2h 72 86 8h 
2h 8h 8h 72 a6 27 52 7a 25 72 
a2 7a 7h 4h 1h 3h 6h 5h 6h 5h 
6h 5h 5h 5h 8h 5h 6h 2h 6h 2h 
8h 6h 6h ah 
