0
35 3h 18 62 6h 7h 12 78 17 1h 
5h 54 65 6h 18 14 17 61 6h 56 
57 67 56 57 57 15 31 37 38 3h 
68 46 43 4h 63 56 51 61 25 26 
27 67 57 36 35 31 73 51 75 35 
73 61 76 36 53 56 36 75 73 53 
75 74 54 35 34 54 73 75 72 57 
37 45 43 53 45 47 57 45 42 52 
75 72 52 35 32 52 73 75 74 78 
54 34 65 63 53 65 62 52 46 35 
32 43 63 52 46 45 65 36 35 43 
65 46 4h 14 36 13 43 14 18 1h 
16 81 86 16 81 46 34 36 46 83 
84 34 14 83 81 31 83 78 17 13 
81 73 87 86 85 8h 75 15 47 41 
43 24 13 21 41 73 24 27 25 75 
45 17 15 75 24 21 27 41 24 74 
17 14 74 21 27 17 21 2h 4h 3h 
82 78 71 27 81 28 2h 6h 27 2h 
5h 6h 5h 6h 5h 6h 5h 6h 5h 6h 
4h 3h 5h 6h 4h 5h 6h 4h 6h 5h 
3h 3h 5h 7h 5h 3h 5h 3h 5h 1h 
7h 1h 8h 1h 
