1
2a 41 35 a3 2a 24 a4 1a 16 a6 
5a 51 a1 3a 36 a6 2a 82 83 58 
52 52 54 5h 3h 8h a5 52 45 86 
85 32 5a 54 a5 43 53 25 5a 25 
a5 2a 28 a8 2a 23 a3 2a 2h a2 
5a 58 a5 58 45 2a 42 52 a5 4a 
46 76 7h 54 a5 2a 25 a2 25 82 
2a 82 a2 8a 83 a3 2a 23 a2 23 
62 2a 62 a2 6a 64 a4 2a 24 a2 
24 32 2a 32 a2 3a 38 a8 2a 28 
a2 28 62 6a 61 a1 21 42 2a 42 
a2 4a 41 a1 2a 21 a1 82 3a 28 
32 a2 3a 35 a5 2a 25 42 a5 2a 
42 a2 3a 43 63 6h 6h 1h 7h 41 
4h 74 7h 1h 8h 1h 8h 7h 8h 1h 
1h 8h 1h 8h 1h 13 27 23 73 52 
58 28 37 32 31 21 71 82 85 25 
37 32 72 34 3h 2h 24 a3 47 46 
76 32 57 58 7a 23 87 a7 72 7a 
57 5h a7 8a 27 38 53 85 72 78 
28 62 64 24 82 87 27 48 4h 32 
3h 53 25 62 63 46 a3 74 73 43 
54 7a 45 37 34 74 37 35 75 47 
45 75 64 26 57 52 72 57 53 73 
27 23 73 52 57 27 62 46 a4 8a 
38 34 84 38 37 87 48 47 87 68 
26 72 74 24 72 73 23 42 43 23 
72 75 25 37 34 74 32 35 25 47 
45 75 62 86 57 54 74 58 53 83 
57 38 37 35 43 48 38 47 53 74 
73 43 75 84 83 43 57 54 74 37 
38 78 37 34 74 87 84 74 67 26 
42 48 28 42 43 23 82 83 23 42 
45 25 14 12 42 34 38 48 34 35 
45 84 85 45 64 76 57 58 78 57 
53 73 87 83 73 a7 2a 21 a1 32 
38 28 32 35 25 82 85 25 62 46 
54 58 48 54 53 43 84 83 43 54 
8a 45 38 34 84 38 35 85 48 45 
85 14 18 48 64 26 12 17 27 82 
87 27 58 52 82 58 53 83 28 23 
83 72 78 28 62 46 84 87 47 38 
34 84 38 35 85 48 45 85 74 78 
48 14 12 1h 8h 5h 7h 1h 1h 8h 
5h 7h 5h 4h 3h 5h 2h 6h 1h 1h 
ah 7h 5h 2h 5h 5h 6h 
