1
3h 1h 6h 8h 3h 38 52 81 83 74 
6a 6h 64 13 a4 31 3a 36 a6 16 
3a 37 36 23 57 58 15 31 63 65 
35 83 12 38 a3 21 5a 56 12 a6 
21 5a 53 5h 57 12 a3 21 85 87 
57 35 87 53 85 84 18 8a 68 63 
83 a8 81 48 8a 38 36 86 48 a8 
12 4a 45 a5 21 6a 63 12 a3 21 
8a 85 38 36 86 18 a5 3a 82 38 
21 35 43 85 48 12 8h 68 a5 21 
86 58 6a 85 68 12 a8 21 6a 56 
a5 12 8a 21 86 78 a6 87 68 65 
85 78 8a 78 74 84 18 a4 81 78 
3a 43 87 18 34 63 81 68 38 53 
58 38 53 56 36 83 86 36 83 85 
48 35 43 47 37 63 65 35 73 83 
18 74 81 78 48 47 34 38 53 56 
36 83 87 37 13 32 13 23 47 17 
32 1h 23 7h 32 6h 65 4h 23 41 
56 32 5h 23 8h 28 38 2h 83 1h 
38 7h 83 6h 65 72 38 7h 83 6h 
38 6h 83 4h 46 24 27 23 23 47 
64 6h 76 7h 72 7h 73 4h 24 23 
43 14 7h 1h 71 78 78 1h 81 2h 
82 12 51 4h 34 6h 26 15 31 41 
34 28 12 14 81 24 52 61 36 2h 
42 61 46 26 12 42 64 62 56 6h 
26 46 24 23 12 43 64 63 56 43 
54 64 56 57 67 56 18 41 28 72 
14 71 21 42 41 84 21 82 42 14 
75 37 7h 57 65 36 6h 16 46 14 
15 21 45 64 65 36 45 34 12 31 
23 41 54 61 56 46 14 13 43 54 
57 47 64 67 56 47 34 28 32 42 
74 18 31 65 86 63 86 16 71 4h 
24 17 61 68 56 18 31 83 21 72 
41 74 24 12 13 23 72 75 47 42 
84 14 21 25 71 56 1h 42 67 17 
51 24 72 71 47 21 32 48 34 24 
12 78 47 48 14 78 37 46 34 26 
82 15 81 21 62 74 17 14 61 74 
87 15 81 25 42 71 47 71 21 1h 
17 12 74 21 4h 17 42 74 21 1h 
47 52 56 26 52 18 61 43 25 73 
16 6h 64 82 57 31 47 34 12 71 
24 28 42 75 87 15 48 28 8h 81 
54 52 78 25 13 4h 87 32 28 73 
6h 51 1h 34 4h 82 23 8h 37 7h 
5h 3h ah 
