2
3a 13 6b 6h 72 76 a4 1a 1h b5 
1b 17 1h 8h 1h 21 27 17 46 51 
41 47 24 52 53 b5 3b 38 b8 1b 
74 12 41 b2 14 71 41 47 17 14 
21 74 12 71 41 47 62 5b 26 74 
14 17 62 51 26 58 53 53 83 47 
62 b1 74 45 2b 57 38 25 74 83 
62 56 38 b2 83 45 7b 26 47 57 
62 b4 74 45 2b 57 38 25 74 83 
62 56 38 b2 83 45 7b 26 38 54 
62 75 83 b5 45 4b 26 47 4h 62 
b7 38 1b 26 57 14 62 b4 75 81 
1b 57 81 26 75 38 13 62 b3 21 
57 2b 16 71 38 b2 62 2b 17 21 
83 62 16 b2 75 21 57 2b 16 71 
38 b2 62 7b 26 83 15 62 71 38 
b1 26 83 51 62 5b 26 38 57 62 
b7 83 25 17 2b 56 75 38 b2 62 
2b 57 25 83 62 56 b2 71 85 5b 
85 b5 35 8b 26 53 86 83 17 8h 
71 81 28 3h 35 b1 53 8b 58 51 
25 81 28 58 25 31 2h 13 2h 31 
3h 1h 13 b8 31 2b 13 2h 42 6h 
24 82 62 68 28 26 42 8h 31 24 
82 68 26 42 3h 24 72 1h 13 8h 
68 8h 31 3h 43 27 42 32 6h 23 
24 32 63 24 82 85 78 25 72 82 
48 34 83 28 27 42 87 48 38 34 
24 32 38 37 34 73 b8 37 83 7b 
38 43 83 84 34 38 73 48 37 53 
58 38 73 54 75 35 73 b5 37 43 
7b 34 73 7h b3 7b 7h 47 6h 74 
57 2h 42 75 47 27 42 1h 24 72 
74 57 24 52 72 47 53 15 12 52 
15 13 53 45 75 47 16 41 71 47 
45 43 24 4h 84 4h 84 4h 54 48 
54 51 25 41 24 81 42 84 52 85 
45 14 4h 34 4h 24 43 24 26 82 
87 58 15 81 68 27 62 82 58 42 
14 32 41 34 57 15 81 28 23 83 
28 57 15 48 14 54 85 82 48 52 
15 84 38 8h 48 45 24 85 28 48 
54 26 82 38 23 62 75 47 84 82 
58 42 54 84 38 8h 48 51 35 25 
41 34 8h 58 82 18 54 25 54 25 
81 48 85 48 46 14 82 78 8h 58 
82 38 41 24 26 46 74 83 78 23 
12 48 14 53 75 84 85 48 51 45 
34 21 52 57 35 45 64 45 64 27 
62 42 54 42 54 87 28 25 85 38 
28 12 48 54 48 54 56 15 46 84 
46 84 25 82 42 54 51 25 41 74 
17 41 64 62 42 64 54 25 54 25 
26 12 56 45 56 45 83 18 28 62 
64 24 62 52 45 5h 25 26 42 54 
65 25 82 81 58 21 42 25 32 84 
58 63 85 5h 46 18 65 16 86 58 
43 85 5h 34 38 52 65 61 26 71 
68 76 23 72 83 62 16 62 16 26 
38 43 24 64 62 46 17 31 83 27 
67 36 54 35 65 46 42 74 42 74 
18 21 14 21 6h 56 12 41 12 81 
68 76 53 25 26 56 85 42 34 54 
65 48 14 56 4h 21 65 43 84 62 
52 35 16 53 2h 21 35 27 62 83 
78 43 87 27 16 6h 34 38 72 71 
53 43 17 27 6h 35 34 71 72 12 
43 58 2h 86 31 83 63 27 1h 34 
35 78 45 87 5h 76 53 67 3h 72 
2h 3h 7h bh ah 
