1
5h 18 7a 7h 51 74 52 a5 8a 84 
86 a4 5a 57 a7 8a 85 8h 8h 3h 
38 36 3h 35 38 31 a5 6a 63 a3 
45 1a 13 54 a3 45 6a 68 54 a6 
45 3a 31 54 a1 45 3a 36 13 54 
31 83 87 37 63 a3 45 8a 38 36 
13 18 16 16 36 23 21 31 83 63 
68 38 36 13 86 54 31 53 43 45 
35 34 13 54 31 a3 45 23 27 28 
54 1a 45 8h 54 a1 45 8a 82 18 
54 81 68 62 82 68 a8 28 1a 45 
4h 82 a1 28 6a 67 a7 82 8a 87 
18 a7 27 4a 81 48 64 72 a8 27 
4a 43 72 a3 43 45 27 1a 72 5h 
27 7h 14 a4 2a 72 a7 4a 41 a1 
4a 4h 46 14 5h 58 8h 41 84 58 
45 14 7h 27 2h 41 84 23 12 48 
14 16 14 5h 85 8h 18 1h 61 3h 
16 41 46 34 16 31 41 24 1h 62 
13 61 41 64 2h 12 14 61 68 18 
61 62 46 48 34 68 36 46 34 7h 
43 64 63 26 43 24 64 36 3h 7h 
5h 54 4h 7h 76 6h 4h 48 24 84 
54 25 42 48 28 32 35 73 25 72 
32 73 57 35 23 62 56 3h 23 26 
72 36 73 23 62 63 23 72 65 36 
35 65 36 32 73 71 8h 62 16 17 
21 84 4h 12 71 61 26 8h 48 24 
64 86 4h 42 84 64 26 23 42 41 
54 18 4h 14 63 86 26 32 41 34 
6h 61 86 43 84 64 16 64 16 23 
42 26 42 62 64 26 64 36 21 42 
21 42 12 47 34 5h 21 27 12 27 
12 72 43 54 63 26 43 74 64 76 
42 46 24 35 61 41 34 26 12 26 
12 43 64 61 41 34 26 52 2h 62 
43 14 42 14 24 26 42 26 32 41 
54 6h 43 64 35 23 12 41 26 6h 
54 52 32 67 26 17 62 36 46 24 
23 72 63 46 74 24 62 65 46 61 
36 65 36 47 14 78 48 54 26 52 
42 64 81 4h 24 18 17 81 17 81 
63 25 18 7h 86 7h 32 51 42 15 
5h 24 68 25 7h 81 56 63 43 18 
5h 32 37 86 27 68 ah 84 4a 71 
73 13 3h 35 5h 8h ah 3a ah 
