2
1h 43 65 6a 6h 3h 6b 61 68 56 
58 68 56 a6 1a 15 21 a5 1a 12 
1h b5 2b 12 74 a2 47 1a 12 51 
74 15 a1 47 6a 74 61 56 a1 65 
86 6a 86 81 61 56 a1 65 46 6a 
b6 2b 26 b6 2b a4 2a 47 b2 74 
6b 62 47 b2 74 6b 26 47 62 a6 
74 2a 47 b6 74 4b 26 a6 2a b4 
2b 47 2h 74 b2 47 5b 74 a2 47 
3a 74 b5 47 3b 35 74 5h 47 ah 
74 2a 47 b3 74 2b 53 47 5h 74 
6h 47 b2 74 5b 47 5h 74 ah 47 
2a 25 28 74 1h 18 a5 47 2a 52 
81 25 32 74 23 62 65 25 32 18 
23 12 82 81 21 28 52 56 26 52 
47 18 25 62 65 25 42 72 4h 81 
43 48 27 3h 72 ah 27 6a 46 42 
b4 6b 36 34 64 56 3h 65 36 37 
67 86 18 61 76 72 62 86 18 61 
b6 3b 83 18 31 23 27 37 83 18 
31 a3 6a 56 53 63 56 57 67 56 
5h 4h ah 4a 45 84 18 41 54 4h 
14 3h 81 48 74 34 37 43 37 83 
18 31 73 bh 34 23 5b 45 57 85 
32 83 53 85 74 7h 76 1h 31 35 
43 46 84 36 83 36 83 86 37 53 
13 15 35 85 68 45 64 84 68 31 
43 67 34 63 87 48 47 54 87 58 
51 81 58 41 74 36 73 43 64 85 
28 6h 36 37 53 67 16 82 18 68 
16 b8 63 86 31 35 83 63 56 81 
38 31 73 81 78 38 73 65 76 36 
83 86 58 36 73 47 64 85 68 48 
64 63 86 84 38 64 26 4b 83 48 
43 74 62 36 34 64 56 84 78 38 
43 72 3h 43 48 38 73 65 86 84 
64 86 82 48 62 56 84 78 38 73 
65 46 42 62 56 53 75 63 76 78 
37 5h 35 75 27 36 83 24 74 57 
56 45 76 27 54 25 75 47 45 75 
27 78 27 87 38 53 54 34 53 57 
45 37 83 47 57 65 38 13 1h 56 
75 74 54 75 78 58 45 48 58 75 
72 67 52 65 75 27 ah 72 57 56 
25 76 27 57 65 3a 83 84 34 73 
72 67 57 45 48 58 65 bh 32 73 
75 27 35 23 73 57 4b 84 8h 75 
37 32 53 72 57 37 23 56 85 83 
53 75 76 37 56 35 75 27 37 53 
57 65 78 3h 73 72 67 57 25 35 
83 7h 38 53 52 65 32 83 32 83 
56 85 76 27 25 75 27 37 53 37 
53 58 65 38 73 38 73 72 67 57 
25 35 83 8h 35 73 76 57 36 53 
73 67 52 65 5h 35 32 13 28 58 
15 17 57 25 37 83 52 85 35 73 
7h 71 5h 52 15 7h 17 28 57 25 
85 82 52 16 ah 58 75 28 61 71 
27 51 85 72 58 4a 27 85 84 72 
17 52 48 1h 25 24 54 85 45 42 
14 2h 41 2h 54 12 58 21 6h 85 
12 45 21 ah 16 3a 54 61 45 ah 
12 7a 53 21 35 bh 16 6b 54 58 
48 ah 87 82 72 2a 28 8h 1h ah 
8a bh ah 
