0
8h 3h 6h 7h 6h 24 76 73 71 7h 
78 47 42 45 48 45 72 17 12 71 
37 38 78 67 64 74 37 36 35 34 
31 83 86 36 71 83 87 37 83 8h 
4h 8h 8h 8h 68 67 87 68 63 67 
83 48 46 86 48 43 4h 64 68 6h 
56 5h 48 51 54 14 54 57 5h 1h 
64 56 53 15 12 52 15 16 1h 13 
15 73 7h 25 2h 13 81 8h 26 83 
58 56 86 48 52 45 85 48 46 54 
86 56 28 25 85 46 28 24 84 58 
54 84 75 78 58 75 72 67 52 85 
82 68 78 67 52 65 75 67 64 74 
57 54 25 74 87 84 28 58 74 25 
27 57 85 87 38 57 35 3h 85 78 
38 37 87 83 28 2h 73 7h 7h 6h 
7h 6h 6h 23 26 2h 1h 4h 5h 4h 
5h 4h 4h 3h 4h 3h 4h 3h 4h 3h 
4h 7h 3h 4h 4h 3h 3h 6h 8h 
