2
4a 7h 5h 8b a8 4a 43 47 37 a7 
4a 48 41 a1 84 7a 73 48 74 a3 
4a 74 75 73 a4 5a 53 a3 53 51 
5a 58 a5 28 52 6a b5 a5 8b 3a 
36 a6 b8 4a 4b 34 37 47 a4 6a 
67 a7 4a 84 85 45 b4 1b a4 3a 
34 a4 5a b1 3b a5 7a 76 a6 7a 
74 a4 5a 58 a8 38 5a 53 a3 15 
6a 64 a4 51 2a 25 a5 2a 26 25 
46 a5 64 b5 46 2a 2h 42 62 64 
24 26 82 46 8b 83 64 b3 23 46 
82 64 7b 28 12 17 27 12 13 23 
82 17 14 28 32 4h 46 7h 64 23 
42 6h 24 82 61 64 28 32 4h 23 
72 73 23 42 41 21 32 37 27 a2 
7a 73 a3 7a 17 14 74 b7 2b 12 
17 27 82 16 28 32 a1 31 21 82 
3a 28 32 a2 1a 12 a2 1a 13 15 
81 a3 18 31 8a 13 81 a1 2a 23 
a3 4a 47 a7 3a 32 a2 1a 18 31 
a8 13 81 3a 18 31 a1 2a 21 a1 
2a 23 82 a3 28 12 13 23 82 3a 
31 28 12 a2 3a 13 a1 7a 74 a4 
3a 13 a1 2a 23 12 a3 21 82 6a 
28 32 31 21 82 a6 28 72 2a 72 
75 87 25 82 72 87 86 a5 1a 13 
a3 4a 45 a5 3a 31 a1 2a 27 82 
a7 8a 8h 38 bh 83 68 3b 86 38 
32 82 38 37 87 38 5h 54 1h 83 
18 12 82 68 a4 86 38 3a b1 21 
3b 37 12 3h 38 21 3h 63 12 36 
13 17 61 37 63 27 13 61 62 62 
76 4h 67 26 67 26 45 62 46 56 
54 64 65 46 6h 76 6h 76 6h 76 
2h 27 4h 54 72 67 56 6h 76 6h 
76 6h 26 27 67 26 28 42 68 46 
26 42 54 25 62 64 86 24 82 62 
46 45 65 26 28 42 68 46 26 42 
43 64 62 86 42 84 64 26 2h 23 
42 48 34 28 32 42 84 8h 5h 56 
6h 5h 65 26 23 52 56 53 63 65 
36 26 82 7h 28 62 63 56 36 35 
65 63 56 63 56 36 35 65 25 82 
74 4h 28 32 62 86 5h 68 26 23 
82 63 56 63 76 47 34 45 34 28 
32 42 54 6h 26 46 84 65 62 36 
48 24 26 82 46 54 46 54 28 52 
42 64 42 64 53 63 43 24 43 24 
26 82 46 34 46 34 28 62 24 62 
42 46 24 46 84 23 62 23 62 48 
64 24 82 65 46 45 34 46 34 64 
28 32 62 46 62 86 45 34 2h 68 
26 24 52 24 52 62 86 31 43 45 
35 23 24 12 34 53 68 46 34 53 
63 86 21 52 3h 68 16 26 82 36 
43 36 43 63 45 64 4h 34 36 53 
46 54 28 62 41 64 24 82 31 63 
16 7h 28 42 43 84 61 74 31 21 
42 78 28 12 47 84 47 14 43 14 
46 14 36 34 63 23 72 2h 72 3h 
34 83 37 63 28 72 87 43 46 36 
78 45 74 24 82 87 48 87 68 83 
68 24 52 82 38 82 48 36 23 74 
3h 43 37 23 84 68 36 73 21 72 
15 85 32 2h 48 63 82 58 24 35 
73 23 42 56 85 24 4h 68 52 51 
21 86 4h 32 18 14 23 62 86 24 
4h 38 62 37 45 61 21 87 15 1h 
53 54 76 72 34 27 67 4h 78 73 
83 45 3h 52 37 25 5h 76 6h 5h 
7h ah 1a ah bh 
