2
74 53 84 8h 5h 4a 5b 57 a4 5a 
53 b5 53 75 4b 57 45 43 53 75 
b3 57 65 7b 6h b7 67 8b 87 27 
26 47 47 81 86 28 8h 28 25 7h 
3h b5 2b 2h 62 68 28 62 6h 64 
36 3h 45 a5 6a 56 54 64 16 12 
62 46 45 65 16 31 61 76 a1 67 
36 6a 36 a6 3a 32 a2 6a 62 76 
a2 67 56 54 64 56 6a 56 a6 4a 
46 a6 4a 54 a5 6a 65 a5 6a 64 
76 a4 67 46 7a 64 76 a6 5a 54 
a4 5a b5 6b 67 46 b7 64 76 4b 
67 46 b6 4b a4 6a 64 76 a4 67 
46 5a 15 64 16 12 62 46 52 45 
65 46 b4 6b 56 54 75 64 76 56 
15 1h 51 65 67 46 57 45 65 46 
7h 64 76 2h 67 46 32 35 64 36 
32 34 73 2h 37 43 7h 34 73 75 
35 73 74 71 34 73 3h 43 b7 34 
73 4b 37 43 47 37 43 b7 34 73 
6b 76 36 43 73 74 34 37 63 64 
76 34 73 57 63 46 75 76 47 43 
73 57 5h 53 63 65 36 76 57 35 
73 67 65 46 75 47 67 56 53 63 
76 74 57 64 56 76 47 57 65 67 
46 57 45 65 46 4h 4h 74 2h 21 
3h 47 34 47 34 74 73 43 47 34 
47 34 74 12 1h 73 2h 21 4h 12 
4h 34 21 47 54 56 75 46 34 54 
35 47 45 74 45 74 36 76 46 54 
46 54 57 15 52 65 47 14 57 15 
76 18 45 74 31 63 67 46 14 37 
23 41 84 3h 53 76 35 73 48 54 
63 67 37 36 73 36 73 45 74 34 
63 3h 43 47 14 67 36 53 41 74 
35 73 71 87 31 83 73 17 47 24 
4h 54 42 74 71 87 61 46 34 37 
13 47 14 34 23 3h 43 41 74 31 
73 43 64 5h 35 37 63 43 74 78 
17 54 15 75 37 31 53 31 43 48 
64 75 67 5h 54 15 54 15 38 43 
35 43 53 54 35 54 15 57 15 37 
43 37 43 45 74 43 74 34 37 43 
37 53 51 65 31 83 41 74 41 74 
38 73 43 14 43 14 34 31 41 56 
85 76 87 36 83 46 14 46 14 57 
15 45 74 38 13 47 54 53 75 43 
84 57 65 5h 35 48 34 54 75 31 
83 73 17 6h 46 47 34 54 75 71 
47 65 7h 57 76 17 57 65 57 65 
75 76 56 57 65 57 65 38 63 53 
75 53 75 35 37 57 53 75 53 25 
5h 35 57 35 36 83 56 75 43 56 
6h 64 65 45 74 71 37 16 46 54 
51 65 41 64 54 65 38 43 45 14 
45 14 34 53 78 57 37 43 45 74 
45 84 37 83 2h 43 74 71 37 38 
13 53 78 4h 8h 1h 2h 5h 8h bh 
3h 3h 2h 5h 8h 2h 6h 2h ah 
