1
2h 3h 4h 8a 83 8h 84 a8 2a 28 
28 2h 2h 8h 1h 14 15 23 a3 8a 
82 a2 54 3a 63 16 81 84 38 76 
37 87 28 21 32 81 78 72 82 48 
45 85 28 27 23 72 82 38 73 87 
58 54 84 38 73 87 28 23 52 83 
58 35 37 57 53 25 72 a7 23 12 
8a 38 21 32 72 73 23 27 32 27 
32 82 48 45 85 78 73 23 27 32 
83 58 27 52 82 38 73 87 58 45 
84 38 73 87 28 25 32 85 38 78 
27 a2 7a 87 a8 7a 73 83 87 38 
87 38 78 73 83 87 18 a7 81 78 
1a 87 58 54 84 78 a1 87 18 3a 
81 58 52 82 78 a7 83 18 8a 18 
a8 3a 73 a7 5a 56 35 73 57 85 
81 38 51 35 75 73 53 57 35 57 
35 85 48 42 82 78 73 53 57 35 
83 28 57 25 85 38 73 87 28 42 
84 38 73 87 58 52 35 82 38 78 
73 53 25 24 54 35 83 87 38 57 
35 75 73 53 57 25 87 28 58 35 
73 26 32 57 35 75 73 23 82 86 
38 37 26 32 72 73 52 85 78 7h 
ah 38 5a 58 75 a8 57 15 5a 15 
17 57 65 a7 56 75 6a 57 65 a5 
2a 82 a8 5a 56 75 a6 57 65 7a 
56 75 71 51 75 a1 57 25 2a 23 
12 a3 21 32 52 35 1a 53 15 17 
57 35 a7 53 15 5a 25 23 72 53 
75 25 32 83 28 52 57 45 27 62 
42 46 26 56 35 24 82 53 65 64 
28 42 52 35 83 58 65 46 54 35 
83 58 a5 3a 83 a8 2a 24 72 a4 
27 32 83 28 42 2a 32 46 23 42 
62 64 24 26 72 a4 27 82 3a 23 
82 a2 3a 38 28 23 82 a8 23 82 
7a 38 23 72 75 25 82 a5 28 72 
7a 47 46 76 37 83 78 a7 27 82 
3a 23 82 a2 3a 38 28 23 82 a8 
23 42 2a 42 a2 3a 83 a8 1a 12 
31 62 13 61 21 26 16 12 41 42 
4h 43 4h 38 a4 83 7a 38 78 37 
a8 73 57 1a 51 58 18 31 78 37 
17 21 62 6h 5h 25 12 71 73 27 
52 65 13 21 72 67 57 25 12 61 
64 14 71 74 37 14 21 24 73 47 
17 a1 5a 75 72 37 52 35 75 27 
24 74 27 21 32 71 37 27 52 57 
15 27 12 52 45 42 52 45 41 51 
25 21 51 25 24 12 54 15 25 12 
41 24 52 51 65 21 62 52 15 14 
54 65 6h 3h 4h 67 41 a1 6a 62 
16 14 64 16 1h 12 41 46 16 41 
42 12 61 62 12 a1 6a 86 81 8h 
61 86 87 8h 67 a6 2a 26 2h 24 
a6 42 3a 24 73 7h 42 4h 4h 78 
7h 4h 45 34 38 48 34 3h ah 1h 
1h 6h 1h 6h 6h 8h 2h 8h 2h 8h 
2h 7h 5h 8h 2h 7h 4h 8h 2h 7h 
8h 5h 8h 
