0
2h 2h 1h 1h 7h 4h 41 48 78 38 
27 2h 3h 25 45 24 25 72 75 7h 
7h 75 17 13 1h 73 47 4h 2h 42 
41 54 21 52 56 26 46 52 54 24 
52 51 25 42 45 34 25 32 31 3h 
21 41 82 84 24 82 86 26 32 35 
38 43 46 54 36 53 43 54 58 48 
54 5h 75 37 38 53 78 57 51 71 
31 65 67 57 63 65 35 63 68 6h 
38 73 75 35 87 83 86 36 76 83 
87 84 74 34 87 83 68 73 67 64 
74 67 84 8h 81 82 62 68 76 87 
82 68 72 67 87 68 63 76 73 47 
63 46 43 63 56 5h 73 57 53 45 
73 47 57 45 48 74 58 78 48 15 
17 14 57 15 45 14 12 1h 42 54 
52 42 75 72 14 17 47 14 52 15 
1h 6h 2h 2h 3h 2h 3h 2h 3h 2h 
2h 3h 1h 8h 7h 3h 2h 8h 7h 8h 
8h 3h 2h 3h 2h 2h 8h 3h 4h 3h 
2h 3h 5h 
