1
2h 31 36 26 26 56 75 72 5a 52 
35 3h 27 a7 1a 18 a8 18 16 13 
18 15 14 21 4a 12 41 45 46 47 
a1 61 3a 31 34 38 a3 31 83 3a 
83 84 34 a3 34 73 7a 72 a2 32 
43 3a 43 48 38 a3 38 13 3a 13 
16 36 a3 36 43 3a 43 4h 84 8h 
a3 83 4a 43 a4 43 64 6a 61 a1 
41 34 4a 34 38 48 a4 48 24 2a 
27 a7 47 64 4a 64 65 45 a4 45 
14 4a 14 15 45 a4 45 84 4a 84 
83 43 a4 43 74 7a 72 a2 42 54 
4a 54 51 41 a4 41 34 4a 34 38 
48 a4 48 64 4a 64 a4 7a 7h 3h 
67 a6 3a 43 47 a4 37 53 5a 57 
a7 6a 37 63 65 67 6h a3 6a 16 
17 1h 67 16 15 65 21 26 16 31 
21 23 13 12 32 61 23 63 13 26 
21 23 61 a6 4a 84 86 46 a4 8a 
84 a4 6a 64 a4 6a 86 82 8h 4h 
4h 7h 23 63 76 75 65 46 43 63 
56 57 67 86 8h 26 2h 81 81 52 
78 72 82 58 78 75 85 87 57 28 
27 25 75 85 72 58 52 82 78 58 
57 87 85 75 28 57 27 25 75 85 
72 78 28 52 58 28 52 57 27 82 
87 27 62 61 21 56 52 62 76 78 
68 76 72 62 76 75 65 86 82 62 
56 57 67 86 87 67 28 76 26 27 
67 87 62 58 56 86 78 72 82 68 
65 85 76 78 68 76 75 65 86 85 
65 78 76 86 78 7h 3h 3h 27 25 
75 67 68 78 56 52 62 57 56 76 
57 58 78 67 68 78 56 57 67 56 
5h 5h 5h 3h ah 2h 4h 2h 2h 3h 
2h 3h 2h 3h 3h 7h 8h 1h 8h 1h 
2h 8h 1h 1h 7h 1h 8h 3h 8h 3h 
6h 3h 8h 1h 8h 
