2
2a 1b 81 53 45 a8 5a 53 a3 6a 
65 64 26 a5 6a 67 a7 2a 62 62 
a2 8a 86 a6 8a 84 81 8h b8 6b 
61 46 48 68 a6 2a b1 6b 26 a6 
2a 28 a8 6a 68 56 a8 65 46 4a 
41 b1 6b 26 26 a2 52 7a 78 a8 
25 2a 28 52 a8 2a 32 a5 7a 23 
72 76 7h 7h 3h 58 5h 76 14 37 
34 31 32 74 87 85 75 47 41 71 
87 83 73 57 53 73 17 14 74 37 
35 75 a7 87 5a 53 78 a3 87 4a 
41 a1 78 3a 35 87 a5 78 3a 38 
37 87 a7 5a 57 a7 1a 14 a4 1a 
13 a3 7a 75 a5 7a 78 a8 5a 58 
a8 4a 43 a3 4a 41 46 42 14 a4 
1a 16 a6 4a 46 14 a6 41 74 1a 
47 14 a4 1a 12 13 3h a1 7a 72 
57 56 36 a2 63 5a 36 5h 15 63 
51 45 41 34 6h 43 14 54 35 36 
56 45 41 24 51 85 42 34 58 35 
45 34 3h 43 54 53 15 43 14 54 
85 87 57 15 8h 82 2h 51 45 41 
74 51 75 45 24 82 48 54 57 15 
47 14 54 65 63 53 75 6h 57 15 
8h 51 75 28 57 45 41 84 51 25 
45 14 82 52 58 75 28 57 15 45 
74 82 47 b4 28 5b 51 85 b1 52 
15 7b 51 75 28 57 25 85 82 52 
58 15 b7 51 25 5b 85 b5 28 3b 
58 52 35 36 56 15 3h 82 3h 28 
35 34 13 2h 31 73 7h 5h 51 25 
b6 52 15 3b 13 53 85 82 52 15 
8h 51 35 31 23 51 25 28 58 15 
38 13 53 b5 7b 37 31 23 71 27 
37 13 24 12 32 73 74 17 34 13 
73 17 18 21 23 82 13 81 21 32 
7h 37 5h 85 84 54 15 14 31 54 
85 27 82 52 75 71 87 2h 27 62 
2h 82 6h 51 75 72 17 52 15 75 
27 13 21 28 42 2h 82 12 31 bh 
72 57 51 25 71 27 57 15 28 62 
2b 82 6h 51 75 72 17 52 15 75 
27 13 51 53 25 75 37 17 61 bh 
16 71 73 57 28 32 12 31 75 27 
21 82 7b 57 52 65 4h 56 15 13 
21 71 47 7h 17 28 32 52 85 71 
47 6h 74 67 58 25 7h 87 23 12 
53 65 53 65 17 61 27 32 31 21 
32 26 72 56 15 56 15 13 71 53 
65 53 65 35 17 31 5h 13 71 21 
32 53 65 25 12 17 51 27 32 25 
62 32 36 53 26 36 43 47 37 63 
52 65 15 21 31 53 52 65 25 1h 
31 53 13 26 72 74 2h 72 15 71 
56 36 17 41 27 42 12 71 35 73 
13 21 13 51 47 27 32 27 32 34 
73 61 3h 13 36 73 27 62 21 62 
3h 13 74 31 73 25 12 25 62 37 
53 52 32 73 15 21 15 21 37 53 
31 43 1h 37 53 56 45 16 41 51 
75 32 57 2h 13 75 53 75 35 31 
63 17 57 51 32 71 7h 15 63 23 
26 12 36 18 52 74 61 6h 85 47 
78 13 84 58 4h 27 31 85 25 75 
13 8h 32 36 26 bh 57 51 68 63 
15 75 83 5b 52 31 36 16 25 5h 
67 68 54 86 76 bh 63 61 42 31 
24 1b 45 16 54 6h 48 4h bh 8b 
bh 6b bh ah 
