1
5h 61 62 41 84 8h 86 7a 7h 75 
76 76 75 a7 2a 28 a8 2a 26 28 
36 73 47 52 48 78 37 34 5h 74 
13 27 25 75 a7 1a 14 a4 7a 67 
62 72 a7 6a 67 a7 2a 27 a7 2a 
26 a2 8a 34 26 82 81 21 62 a1 
43 5a 26 72 34 76 26 52 a2 43 
5a 57 56 a5 34 8a 86 43 a6 34 
2a 25 82 43 a5 34 8a 85 68 62 
82 68 67 87 68 43 86 28 27 87 
38 5h 83 18 8h 18 17 87 18 16 
81 38 26 42 83 48 28 12 16 26 
72 76 26 32 28 a2 83 6a 67 38 
a7 83 4a 42 a2 38 7a 76 a6 83 
8a 82 68 67 87 68 a2 86 48 4a 
32 46 16 23 4h 32 6h 76 23 24 
1h 67 21 41 31 42 64 32 46 34 
38 76 7h 43 64 67 47 64 12 46 
14 24 21 41 42 64 12 46 74 76 
21 7h 46 34 12 43 14 24 21 41 
42 34 3h 32 13 21 32 a3 43 64 
2a 46 24 14 12 42 41 34 a1 43 
64 6a 67 a7 47 64 4a 64 a4 1a 
21 a2 4a 46 34 a6 43 74 7a 76 
a6 46 14 4a 14 a4 1a 18 61 a8 
16 31 6a 13 61 67 17 61 a7 16 
31 6a 13 61 a1 4a 48 34 a8 43 
64 3a 46 14 16 71 46 74 14 61 
71 76 16 17 41 46 74 16 71 41 
64 a3 46 34 6a 43 64 61 41 64 
67 47 64 a1 46 74 4a 74 a4 6a 
76 a7 2a 82 a8 6a 76 a7 4a 46 
74 a6 47 24 4a 24 84 82 42 48 
64 67 47 34 a8 43 14 4a 14 17 
47 64 a7 46 34 6a 43 64 a4 1a 
14 61 4h 16 31 8h 13 61 28 16 
41 46 54 16 51 53 13 61 43 64 
14 31 5h 82 ah 28 6a 13 61 65 
15 61 68 8h 68 6h 36 6h 36 6h 
36 7h 63 46 3h 64 36 38 43 68 
76 34 73 63 46 3h 64 76 36 43 
73 74 34 37 63 64 76 34 73 75 
35 43 65 46 45 65 46 35 23 6h 
56 6h 56 8h 65 76 71 27 37 23 
61 76 73 57 7h 37 67 26 36 73 
76 57 36 53 73 67 5h 51 41 34 
31 63 41 64 73 57 46 54 8h 45 
84 4h 34 36 53 46 84 46 84 35 
83 75 87 37 53 47 64 47 64 74 
76 46 47 64 47 64 82 35 63 43 
74 43 74 34 37 47 43 74 43 74 
62 72 42 34 42 54 68 36 26 78 
57 38 63 68 26 36 23 68 63 26 
47 34 36 73 46 24 37 83 6h 38 
63 64 76 34 83 75 87 37 43 65 
76 73 87 37 67 46 36 73 76 84 
74 67 37 63 68 76 73 47 63 56 
7h 37 65 36 76 47 37 63 67 56 
37 53 63 76 42 74 64 76 68 36 
72 47 82 42 84 35 83 65 26 24 
23 43 63 26 73 57 68 56 76 37 
48 14 4h 64 73 87 82 65 26 45 
34 76 17 7h 57 4h 64 75 37 46 
34 74 67 62 46 47 34 67 26 46 
74 76 46 54 32 53 43 64 72 67 
47 64 68 76 74 27 47 42 74 64 
36 78 47 35 23 74 27 37 53 4h 
63 76 48 67 87 3h 84 86 46 74 
46 74 64 67 47 46 74 46 14 4h 
64 47 64 62 76 64 76 46 47 64 
47 24 64 76 64 76 35 67 47 7h 
43 76 64 16 72 47 32 13 63 56 
48 34 78 27 43 24 74 37 36 43 
84 38 13 63 61 86 31 71 47 64 
86 35 76 1h 63 47 76 17 34 63 
75 17 57 62 46 62 56 48 74 38 
23 46 24 67 65 76 65 71 34 4h 
56 57 83 34 13 82 42 75 31 48 
6h 27 23 54 86 76 17 63 68 71 
4h 36 87 14 67 41 38 2h 76 84 
13 78 68 31 4h 12 25 1h 87 8h 
56 5h ah 7a ah 6a ah 8a ah 
