2
3h 23 4a 8b 25 b7 67 86 8b a8 
6a 63 a3 53 2a 35 2h 62 53 56 
36 b5 63 8b 87 36 b7 63 2b 28 
36 b8 63 2b 27 a2 36 2a b2 57 
2b 82 63 28 62 32 36 26 23 b2 
3b 82 75 34 32 b4 23 64 57 32 
6b 75 62 64 57 b2 75 4b 42 57 
b2 75 1b 1h 71 51 57 17 51 56 
5h ah 2a 24 a4 7a 17 a1 4a 42 
a2 5a 85 35 83 86 58 53 45 83 
48 43 58 25 28 58 25 23 53 85 
83 53 85 82 48 4h 3h 52 75 17 
51 25 35 32 52 53 25 53 25 35 
32 52 53 75 17 51 35 25 23 53 
52 75 32 57 a5 23 85 38 8a 28 
32 83 78 17 81 38 a8 23 7a 83 
82 78 76 86 28 16 82 78 32 a1 
87 38 8a 28 23 83 28 a8 38 6a 
16 a1 83 8a 82 78 a2 87 28 38 
32 82 83 28 83 78 8a 78 a8 32 
7a 23 74 7h 76 71 7h 3h 6h 75 
47 16 a7 61 4a 41 4h 24 32 43 
84 87 28 47 24 84 18 16 86 48 
42 64 32 46 74 83 78 48 24 32 
43 a4 2a 32 a3 8a 87 38 a7 23 
8a 68 61 81 38 a3 6a 32 83 68 
67 87 38 a7 23 1a 82 78 18 17 
87 81 68 a7 86 38 8a 38 a8 2a 
23 a3 7a 71 a1 8a 82 38 a2 83 
68 7a 86 28 32 83 78 76 86 38 
a6 83 78 8a 28 32 83 78 a8 2a 
32 a3 7a 74 37 a4 23 7a 37 2h 
73 87 84 28 74 27 87 18 16 86 
78 72 67 82 68 78 67 16 71 87 
86 28 76 27 87 68 61 81 78 72 
67 82 68 64 84 28 74 27 87 18 
14 84 78 72 47 82 18 74 17 87 
28 16 82 48 47 87 48 46 86 78 
76 86 78 74 27 84 28 78 67 64 
74 87 82 68 72 57 6h 75 17 14 
57 1h 75 4h 57 4h 48 3h 32 4h 
75 3h 57 3h 46 4h 75 3h 57 37 
35 38 8h 75 3h 57 35 13 81 86 
28 16 21 81 28 25 62 85 78 2h 
12 15 61 25 62 64 24 62 14 61 
21 72 82 18 16 41 8h 68 63 26 
83 48 18 41 43 13 81 83 48 13 
51 84 58 18 51 27 82 81 78 21 
42 68 56 1h 68 16 18 41 21 82 
85 25 12 65 46 16 51 2h 82 15 
31 87 68 27 32 12 71 86 58 7h 
85 68 6h 26 23 52 63 56 51 61 
56 21 52 62 16 2h 61 56 27 12 
76 75 17 27 12 16 71 72 67 12 
61 71 27 ah 72 17 16 21 76 27 
17 61 65 15 71 72 37 7a 27 17 
51 56 16 71 72 67 12 61 71 27 
3h 72 17 16 21 76 27 17 61 21 
72 71 67 21 32 ah 23 12 76 17 
27 12 16 71 72 67 12 61 71 27 
7a 27 21 32 7h 17 23 12 15 72 
ah 51 57 17 31 76 75 37 38 78 
27 18 31 26 82 76 87 81 71 67 
21 62 65 34 25 12 75 17 18 78 
47 28 52 17 51 2a 82 15 81 87 
17 51 27 52 12 71 1h 21 26 72 
16 71 21 62 65 25 12 17 2h 71 
72 18 51 82 87 58 86 16 27 2h 
68 61 52 65 81 1h 76 58 25 18 
7h 82 51 74 15 28 5h 87 41 85 
14 5h 42 23 4h 38 5h 83 ah 31 
6a 13 ah 32 7a 23 ah 34 4a 3h 
ah bh 
