1
1h 8h 23 5a 51 71 a1 7a 71 72 
82 42 84 84 87 87 a7 46 68 4a 
86 48 a8 68 4a 54 52 53 58 45 
42 4h 47 4h 24 54 25 31 52 35 
15 13 53 51 25 31 52 45 42 34 
52 35 14 15 63 45 41 64 74 63 
6h 6h 47 4h 24 61 86 42 34 68 
36 46 24 86 42 14 51 45 24 68 
42 64 63 86 64 86 46 48 34 68 
64 26 84 62 16 51 65 26 48 62 
46 43 24 63 26 83 62 76 42 14 
51 45 84 67 86 46 a4 36 84 68 
2a 86 38 34 84 28 64 82 68 63 
26 83 28 68 46 a8 63 46 2a 36 
34 64 63 26 24 23 64 36 a4 63 
46 3a 64 16 51 65 46 a3 62 16 
8a 24 61 86 84 28 64 26 2h 25 
a4 24 32 51 23 52 12 15 25 21 
52 1a 25 12 a2 52 1a 16 25 a6 
52 8a 38 25 83 28 26 32 86 38 
28 32 56 23 52 62 65 25 26 32 
56 23 82 83 18 23 12 13 82 18 
a3 65 8a 18 a1 56 8a 38 65 83 
68 58 56 86 85 48 41 81 38 65 
83 68 58 56 86 85 38 65 83 a8 
56 7a 78 65 a8 56 1a 14 65 a4 
56 7a 76 75 65 a5 73 87 85 75 
37 8a 38 78 17 18 78 37 16 31 
71 37 a6 73 87 3a 78 37 a7 1a 
17 31 3h 4h 5h 8h 4h 5h 8h 5h 
65 6h 23 a7 32 3a 13 81 87 38 
17 31 32 3h 4h 5h 7h 4h 5h 5h 
7h 5h 4h 6h 7h 5h 7h 4h 6h 4h 
6h 7h 6h 7h 6h 6h 8h 4h 5h 4h 
4h 2h 4h 2h 4h 2h 1h ah 
