1
15 43 2a 65 17 42 61 a4 6a 6h 
64 ah 62 5a 56 a6 5a 58 5h 87 
2h 78 5h 51 54 25 24 21 54 25 
87 5h 35 8h 38 58 a5 83 6a 38 
65 76 a5 83 6a 76 a6 38 7a 83 
7h 73 73 71 a1 7a 17 12 72 67 
62 16 72 17 67 16 15 65 76 71 
27 15 65 26 76 27 25 75 67 65 
36 75 37 67 a6 38 7a 78 17 a8 
1a 71 a7 1a 17 a7 6a 56 51 61 
36 3h 83 5h 52 ah 38 2a 83 2h 
28 2h 12 a5 21 32 83 28 12 2a 
12 15 31 25 32 12 41 a5 14 21 
82 18 71 7a 73 47 a3 74 37 17 
31 4a 13 41 a1 2a 82 a8 1a 14 
31 a4 13 41 3a 14 31 a1 2a 82 
a8 7a 71 37 a1 31 43 7a 27 34 
83 72 87 37 43 86 34 23 26 42 
76 24 82 37 83 85 23 42 48 28 
42 5h 24 72 67 26 42 8h 24 82 
8h 24 72 67 26 42 8h 24 72 78 
47 28 42 72 47 5h 74 27 24 82 
74 87 27 42 83 48 28 42 8h 82 
48 47 87 28 27 42 87 48 5h 7h 
78 5h 87 7h 5h 51 7h 87 48 46 
74 15 7h 46 74 73 17 43 14 74 
57 7h 47 41 64 71 67 47 14 51 
45 74 76 17 46 14 74 17 5h 45 
47 14 12 71 74 67 14 61 71 47 
57 54 74 75 17 16 41 76 47 17 
41 75 42 54 12 51 41 54 74 17 
12 41 71 67 12 45 34 64 15 41 
63 14 61 74 67 17 41 43 13 71 
41 54 68 56 46 14 78 57 18 61 
48 54 74 27 71 27 17 16 31 62 
72 38 18 31 64 36 16 41 71 27 
6h 71 47 12 63 16 17 31 67 36 
16 71 45 74 14 61 75 47 45 34 
75 27 75 27 57 64 26 56 76 75 
67 75 67 62 46 72 57 72 57 16 
51 71 67 43 54 76 17 14 61 74 
57 16 21 4h 12 41 47 34 1h 61 
64 26 ah 14 21 27 17 41 67 46 
43 24 25 63 56 13 71 46 84 4a 
34 8h 43 74 14 61 65 46 52 71 
41 74 61 36 42 34 64 16 75 17 
12 72 47 62 56 74 37 16 41 47 
64 17 21 46 84 2h 26 7h 48 74 
73 67 72 67 43 24 26 72 42 ah 
87 84 74 27 1a 41 43 64 13 21 
71 27 46 34 16 75 67 65 38 48 
34 56 76 57 72 37 47 24 14 61 
4h 16 71 73 67 13 61 45 71 62 
34 ah 57 36 46 14 17 21 71 72 
41 25 6a 17 14 74 57 63 46 47 
84 71 75 17 52 15 81 41 34 75 
27 43 14 83 13 51 43 54 75 87 
52 14 31 42 62 36 37 67 36 17 
21 68 26 45 24 83 64 76 14 71 
61 46 45 65 16 38 78 18 51 68 
56 16 51 45 64 73 57 12 46 25 
3h 51 84 12 81 75 87 17 81 4h 
64 65 26 56 4h 74 13 51 73 12 
4h 67 31 34 65 72 14 4h 56 27 
21 65 75 12 43 5h 56 37 21 15 
62 73 5h 34 21 48 12 3h 26 87 
65 78 2h 84 4h 51 5h ah 1a ah 
8a ah 
