1
36 2a 42 12 83 58 a4 5a 56 52 
5h 51 45 41 51 35 34 3h 54 23 
25 35 a5 75 6a 67 a7 6a 87 67 
26 36 3h 5h 27 2h 32 37 67 63 
73 76 36 37 67 a3 5a 57 56 25 
a7 5a 15 a2 3a 13 53 15 12 52 
35 32 63 1h 7h 36 23 53 76 75 
65 67 57 56 35 32 63 73 52 65 
75 76 35 36 56 53 63 57 a5 36 
37 5a 63 65 35 76 43 56 57 a5 
3a 43 42 32 73 41 37 63 a2 37 
63 3a 13 14 34 73 76 36 73 a3 
63 6a 67 a7 37 3a 36 73 76 36 
73 a3 63 5a 75 36 57 35 37 23 
57 25 35 73 63 67 37 36 53 52 
45 32 43 53 a5 76 3a 34 63 a4 
36 73 63 67 37 36 73 36 23 3a 
23 a3 67 2a 21 a1 76 3a 31 63 
a1 36 73 63 67 37 36 73 36 23 
3a 23 24 34 63 a4 36 73 63 67 
37 36 73 36 23 3a 23 24 82 67 
a3 76 2a 25 2h 7h 72 a5 27 82 
86 85 18 1h 14 2a 72 41 27 82 
81 78 21 72 82 a8 75 2a 25 72 
a5 27 42 8a 48 28 42 43 23 82 
83 78 23 72 82 a8 2a 27 42 a7 
24 72 4a 27 42 a2 8a 48 4h 47 
24 28 72 48 54 27 32 45 34 24 
32 38 28 42 48 74 28 52 47 34 
25 62 43 64 65 45 74 25 72 42 
64 62 6h 6h 42 34 36 73 46 74 
34 a3 4a 47 24 a7 42 84 1a 48 
14 18 1h 1h 1h 48 74 a8 47 24 
2h 3a 23 27 62 37 63 23 72 61 
76 26 32 31 73 21 72 32 63 62 
76 32 73 71 71 7h ah 8h 8h 5h 
8h 5h 8h 4h 5h 8h 8h 2h 5h 1h 
1h 2h 5h 8h 8h 2h 8h 5h 1h 5h 
1h 2h 1h 6h 1h 5h 8h 5h 3h 5h 

