2
5a 42 62 68 54 5b 54 53 a3 8a 
b5 7b a8 4a 45 b5 3b 32 37 b2 
5b 54 a4 2a 27 a7 5a 53 a3 2a 
25 a5 4a b4 7b 75 b5 4b a4 2a 
b2 5b 57 b7 4b 43 23 b2 4b a4 
3a 23 a2 7a 75 a5 3a 23 a2 7a 
74 a4 3a 23 a2 7a 75 71 65 76 
87 81 71 37 23 72 67 a6 7a b7 
3b 37 27 23 25 b3 4b 42 b2 4b 
48 b4 3b 73 b7 48 4b 4h ah 8a 
3h 73 a8 37 4a 46 74 6h 47 34 
74 73 43 47 84 37 48 64 65 45 
84 73 48 74 34 37 47 43 24 28 
48 34 74 73 43 47 84 37 48 b4 
24 26 52 8b 84 25 b4 52 1b 73 
16 25 b6 52 4b 48 b8 25 2b 37 
26 82 84 73 24 72 a6 32 37 27 
23 82 73 28 72 32 37 27 23 72 
3a 27 32 a2 72 3a 36 27 a6 72 
7a 76 87 a6 26 78 37 62 3a 34 
31 71 67 32 63 73 67 a6 2a 23 
a3 7a 67 a6 2a 27 62 72 76 37 
a2 73 87 6a 78 67 a7 6a 61 a1 
3a 32 a2 3a 37 83 a7 38 13 16 
36 83 6a 61 38 13 a3 6a 16 a1 
2a 27 a7 6a 16 a1 3a 36 13 a6 
31 83 2a 38 63 61 31 83 a2 38 
13 5a 16 36 53 a3 8a b5 35 3b 
83 a3 6a 61 a1 7a 72 a2 1a 16 
a6 3a 38 63 61 31 63 a8 36 83 
2a 27 38 63 a7 36 23 3a 23 a3 
2a 12 16 26 72 73 23 62 61 21 
a2 1a 16 a6 7a 72 a2 6a 61 a1 
3a 32 a2 3a 37 83 a7 38 13 16 
36 83 6a 61 38 13 a3 6a 16 a1 
2a 27 a7 6a 16 a1 3a 36 13 a6 
31 83 2a 38 63 61 31 83 a2 38 
23 7a 73 72 32 37 63 a2 36 13 
7a 16 36 73 a3 6a 61 a1 2a 23 
a3 1a 16 a6 7a 76 87 a6 78 67 
8a 76 87 a7 3a 32 a2 3a 36 83 
a6 8a 85 84 82 68 2h 86 28 26 
86 28 5h 82 68 62 82 68 2h 28 
5h 26 8h 62 5h 26 8h 28 5h 82 
18 2h 81 68 62 82 58 54 84 28 
26 86 78 73 67 62 83 58 26 76 
57 87 68 62 82 58 53 65 83 68 
58 65 61 51 25 28 58 15 16 56 
75 73 67 61 53 65 15 75 67 17 
16 76 71 87 82 72 67 71 67 17 
16 76 71 87 85 68 75 67 16 87 
68 78 71 67 17 87 81 68 71 6h 
26 25 65 16 67 16 18 68 16 17 
14 21 52 51 21 52 4h 25 12 15 
25 12 2h 12 1h 3h bh 1b 41 5h 
14 5h 41 1h 52 1h 41 43 13 41 
2h 14 51 25 42 1h 51 24 52 12 
51 58 25 21 42 51 45 25 12 17 
27 52 18 41 25 42 12 51 52 75 
12 71 51 25 3h 52 15 17 21 57 
25 15 21 24 52 51 75 78 58 15 
25 42 12 51 52 75 12 71 51 25 
35 32 52 53 15 17 21 13 21 57 
25 15 21 24 52 51 45 21 72 54 
35 5h 45 1h 27 12 15 71 25 72 
12 31 8h 15 21 27 52 23 52 17 
31 35 15 71 23 52 23 52 17 51 
21 82 31 2h 12 23 12 15 71 25 
72 12 51 31 35 15 13 21 27 52 
23 52 17 51 21 72 31 87 28 12 
23 12 15 71 25 72 12 31 1h 31 
2h 13 51 27 52 12 71 54 25 24 
72 54 35 43 81 76 37 74 37 18 
12 41 17 41 51 75 74 27 26 42 
76 47 27 32 72 74 37 47 5h 15 
52 75 15 21 15 21 86 73 87 23 
82 13 51 13 51 54 65 72 67 57 
65 58 45 28 78 54 65 25 42 75 
87 12 81 7h 27 18 51 72 57 17 
21 24 72 14 31 14 31 41 56 35 
76 37 86 28 12 45 25 42 12 51 
12 51 54 25 51 25 15 12 51 12 
41 17 61 43 64 14 21 27 17 41 
52 75 52 75 14 21 27 17 41 23 
82 18 61 53 85 41 84 73 18 28 
32 27 32 72 41 34 74 24 27 42 
27 42 43 14 16 31 46 34 56 75 
71 51 75 25 82 2h 52 68 57 65 
27 12 27 12 14 61 24 72 24 72 
51 45 47 57 45 43 74 42 74 24 
25 42 25 12 73 43 54 43 54 57 
85 81 51 75 28 12 28 12 45 34 
45 34 54 53 43 16 81 57 65 85 
12 81 16 71 56 58 35 26 41 34 
13 53 65 68 58 65 17 31 37 17 
31 41 74 41 74 14 73 13 43 82 
56 85 25 17 31 47 54 17 31 45 
34 26 52 26 32 14 71 14 61 7h 
15 41 56 72 58 45 47 24 72 54 
85 27 47 17 61 42 64 56 25 16 
81 23 72 53 75 25 72 41 54 52 
15 37 27 47 64 61 68 58 15 48 
34 16 71 56 75 74 52 65 24 14 
61 51 45 27 42 52 45 43 24 25 
72 52 57 25 45 84 2h 52 41 34 
57 15 27 12 43 84 21 82 51 42 
12 1h 25 24 54 75 26 42 18 71 
51 75 24 12 15 31 73 57 27 42 
51 35 46 74 26 82 71 67 41 64 
53 74 28 15 1h 47 32 46 84 64 
68 48 78 17 46 84 86 46 84 71 
67 64 68 4h 12 13 21 13 81 16 
2h 31 32 12 61 18 46 8h 21 64 
23 46 3h 62 28 6h 84 8h ah 5a 
ah 7a ah 1a ah 4a ah 3a ah bh 

