1
46 54 5a 56 58 5h 53 75 a3 5a 
35 a5 3a 37 3h a7 5a 57 25 a7 
4a 47 47 a8 4a 43 a4 54 8a 85 
a5 7a 78 58 a5 7a 73 a3 5a 53 
83 a8 65 5a 65 a5 8a 38 a3 6a 
6h 6h 61 62 67 86 38 63 a6 8a 
38 a3 5a 56 a6 85 8h 87 8a 86 
81 a1 8a 8h 4h 3h 53 28 26 86 
21 75 78 58 75 71 51 75 72 76 
a6 7a 7h 62 37 38 78 26 37 31 
71 62 37 35 32 75 42 4h 1h 6h 
15 1h 37 43 54 51 41 a4 3a 34 
3h 2h a4 83 8h 81 3a 18 23 2h 
81 8h 26 2h 5h 2h ah 3h 1h 6h 
28 24 63 62 64 24 34 62 63 23 
68 42 46 43 63 23 46 48 68 32 
36 38 68 28 46 32 36 26 83 82 
2a 86 62 a2 32 63 86 38 23 3a 
23 26 36 a6 62 63 68 38 28 63 
62 32 64 83 46 3a 64 23 24 34 
86 84 64 a4 82 83 23 46 42 2a 
43 32 a2 62 36 38 68 23 86 3a 
48 43 63 a2 26 5a 62 35 34 54 
26 23 24 15 1h 3h 48 42 82 84 
24 28 48 83 12 1h 8h 34 a1 21 
43 48 38 42 83 5a 24 84 34 85 
42 45 25 48 43 52 83 53 23 84 
42 52 35 32 52 35 34 54 23 24 
34 15 13 53 25 28 58 42 48 28 
45 42 52 85 82 52 85 84 54 15 
17 57 35 37 57 23 24 34 75 73 
53 25 28 58 32 37 27 45 48 58 
73 72 32 75 7h 23 25 35 42 43 
23 82 83 23 82 84 24 32 34 24 
32 38 28 53 52 32 43 48 38 23 
25 35 42 43 23 82 83 23 82 84 
24 32 34 24 32 38 28 53 52 32 
13 71 27 25 75 42 48 28 57 52 
72 a7 6a 26 25 65 42 46 26 82 
86 26 82 84 24 62 64 24 62 68 
28 56 52 62 46 48 68 26 25 65 
42 46 26 82 86 26 82 84 24 62 
64 24 62 68 28 56 52 62 16 31 
23 25 35 42 48 28 53 52 32 a3 
2a 25 a5 52 6a 25 46 42 62 86 
82 62 86 84 64 26 24 64 26 28 
68 52 56 26 42 48 28 62 65 25 
46 42 62 86 82 62 86 84 64 26 
24 64 26 28 68 52 56 26 12 a1 
2a 12 a1 6a 65 a5 56 4a 65 48 
46 86 84 64 68 48 a8 56 2a 52 
62 16 a1 2a 25 a5 52 6a 25 16 
12 1h 1h 7h 3h 5h 8h 1h 5h 5h 
4h 8h 1h 4h 2h 1h 8h 6h 4h 8h 
1h ah 8h 
