1
2h 5h 46 1a 82 83 48 53 a4 2a 
24 a4 8a 82 a2 6a 62 a2 82 8a 
8h 38 36 86 18 18 15 31 31 34 
52 61 a2 6a 64 67 56 a4 72 54 
58 57 15 4a 54 15 a5 4a 41 51 
54 15 a1 54 15 7a 51 27 25 26 
56 76 a7 85 5a 85 a5 3a 31 81 
38 3h 73 67 36 53 51 31 45 43 
53 45 48 58 75 67 56 35 38 58 
13 15 35 73 67 36 13 18 38 73 
67 36 53 58 38 15 13 53 75 67 
56 15 14 1h 8h 54 75 67 56 35 
34 54 73 67 36 75 73 87 63 56 
85 75 78 7h 58 5h 17 45 41 51 
35 63 56 15 14 54 71 75 15 71 
7h 8h 6h 6h 18 62 47 26 41 71 
37 36 76 43 47 37 13 17 37 41 
43 13 a1 3a 34 a4 43 6a 34 63 
62 32 a2 73 1a 71 31 73 74 34 
67 63 73 67 6h 16 14 64 81 86 
16 84 8h 3h 41 48 18 61 68 18 
46 41 61 a6 1a 14 a4 41 3a 14 
23 21 2h 4h 4h 31 23 2h 4h 5h 
a2 32 43 47 37 43 4a 4h 43 4h 
4h 8h 1h 8h 1h 8h 8h 2h 73 7h 
84 8h 83 8h 5h 31 38 18 37 3h 
85 87 57 21 2h 73 7h 78 25 2h 
7h 6h 2h 2h 4h 1h 3h 5h 8h 2h 
2h 2h ah 
