1
2h 2h 7h 4h 1h 8a 71 27 26 27 
2h a4 1a 24 12 16 14 a2 1a 13 
18 a1 51 51 2a 23 62 a3 6a 63 
6h 4h a5 25 3a 32 a2 3a 36 a6 
2a 26 a6 1a 12 a2 3a 3h 35 13 
a1 7a 73 23 27 37 a3 72 6a 37 
23 62 a2 6a 61 a1 3a 73 a7 2a 
21 a1 72 3a 27 32 72 73 23 27 
37 a3 72 8a 37 23 82 18 a2 81 
3a 73 18 a7 81 8a 81 8h 85 38 
73 87 28 25 85 72 78 28 a2 8a 
87 37 a3 78 5a 87 58 a8 3a 73 
a7 1a 12 a2 3a 73 a7 8a 85 a5 
4a 48 a8 7a 37 a3 2a 21 a1 2a 
42 a4 8a 82 78 a2 4a 87 48 a8 
3a 73 a7 5a 54 a4 3a 73 a7 1a 
18 a8 3a 73 a7 4a 45 a5 3a 73 
a7 4a 4h 43 46 54 5h 5h 37 a5 
73 4a 64 37 46 34 74 73 43 47 
64 37 46 84 81 41 84 86 38 78 
73 46 74 34 37 84 87 68 47 86 
48 43 24 83 18 42 54 81 58 51 
81 68 41 64 84 38 78 73 83 87 
68 37 86 48 46 34 74 86 38 78 
48 47 64 87 46 54 56 5h 15 46 
84 74 78 48 47 64 87 46 84 74 
78 73 51 48 43 84 15 48 74 76 
51 56 58 65 78 56 35 34 54 25 
2h 16 1h 27 62 61 21 32 6h 78 
23 82 8h 27 62 2h 72 78 67 28 
42 76 37 24 32 72 47 42 43 84 
72 87 47 84 82 42 74 72 67 42 
64 74 87 83 68 73 67 87 68 62 
52 65 6h 36 5h 35 65 46 47 34 
67 36 35 46 54 3h 53 43 74 56 
15 ah 51 65 4a 34 35 73 45 74 
34 53 78 67 2h 35 43 48 54 38 
53 43 14 76 17 47 34 35 63 7h 
71 57 47 14 36 13 43 74 75 67 
2h 76 27 7h 67 3h 45 14 18 48 
54 38 53 43 14 76 17 47 34 35 
63 2h 45 24 36 53 43 54 32 34 
73 56 15 75 47 46 54 76 27 76 
27 45 24 74 57 51 65 54 65 37 
43 35 43 53 54 35 54 75 36 43 
36 43 42 14 32 63 32 63 57 65 
35 73 41 64 37 53 54 75 34 63 
57 25 4h 52 45 43 14 8h 53 75 
74 37 54 35 75 47 36 43 2h 73 
57 56 35 76 27 76 27 67 34 23 
63 73 76 37 76 37 32 43 41 24 
31 23 51 65 57 65 75 74 57 74 
67 57 45 57 45 62 42 14 52 75 
52 75 73 17 47 34 54 25 8h 52 
45 87 36 13 78 46 74 56 25 56 
25 65 73 27 67 57 56 75 56 75 
72 37 31 23 71 27 41 64 63 43 
64 54 35 54 35 62 32 13 52 45 
52 45 47 14 57 15 34 83 3h 23 
3h 43 45 74 35 73 43 54 76 37 
23 72 67 85 48 34 37 53 47 54 
34 23 4h 51 25 75 41 24 74 72 
17 42 52 35 13 73 27 24 74 57 
52 35 72 87 83 73 47 58 35 58 
25 54 25 75 37 31 53 45 71 57 
35 23 43 73 57 54 85 5h 45 75 
37 46 34 74 57 53 65 73 47 45 
84 18 5h 41 34 73 17 56 35 62 
81 78 37 57 85 4h 74 73 17 43 
14 74 37 58 45 32 72 87 74 87 
47 36 54 4h 73 65 34 23 47 41 
24 71 26 78 34 52 17 6h 13 25 
56 85 73 47 62 42 34 72 38 51 
48 1h 27 23 25 84 73 87 47 34 
35 73 45 37 1h 54 5h 73 78 38 
52 ah 21 87 83 16 38 78 4a 65 
81 83 13 52 ah 37 24 38 42 7a 
21 85 16 58 2h 83 3h 64 6h ah 
4a ah 8a ah 
