2
1h 4a 2b 28 41 48 47 43 4h 46 
84 14 18 48 a3 84 1a 48 17 15 
13 53 12 b1 35 12 a1 53 8b 4a 
84 a8 35 3a b8 4b 34 a4 54 6a 
61 a1 36 3a 45 b3 54 7b 72 b2 
83 7b 38 7h 83 4h 38 8h a7 67 
4a 47 24 a7 42 84 38 43 74 4a 
74 76 46 24 a6 42 84 38 43 84 
7a 38 43 74 76 6h 7h 6h 56 53 
8h 3h 38 5h 83 51 57 51 35 a4 
53 85 35 38 58 5a 65 6h 64 ah 
46 2a 64 6h 76 a2 67 5a 25 53 
25 76 52 85 32 58 b5 23 25 67 
2b 27 26 76 2h 23 67 b7 57 2b 
75 2h 42 ah 57 2a 42 8h 24 82 
83 23 82 86 56 85 81 81 48 81 
38 35 85 38 37 87 58 57 87 38 
32 86 38 35 32 13 42 74 8h 58 
48 24 87 31 63 42 64 85 68 48 
54 38 23 45 74 13 12 32 47 54 
31 73 34 73 3h 43 45 24 35 23 
41 24 34 53 57 37 43 42 64 32 
63 43 14 5h 25 45 24 51 54 15 
4h 51 25 45 64 68 26 52 56 85 
26 82 52 65 2h 56 85 25 62 83 
58 53 65 25 62 83 78 8h 38 1h 
83 58 18 26 82 85 18 51 21 62 
85 18 85 18 26 12 82 58 82 58 
56 25 26 56 15 25 12 85 68 85 
68 58 56 86 85 68 85 68 14 24 
62 82 58 82 58 28 25 85 82 58 
82 58 64 54 84 28 84 28 25 32 
85 38 28 52 42 45 25 24 82 83 
58 84 58 23 52 82 38 56 25 26 
32 82 68 58 45 8h 54 35 8h 28 
25 32 8h 58 52 45 8h 68 54 75 
8h 78 8h 28 23 42 83 48 28 32 
2h 82 84 78 4h 87 38 ah 83 48 
46 86 38 5a 65 64 83 48 58 35 
4h 53 45 65 86 85 78 3h 87 58 
68 56 51 85 14 64 58 1h 86 45 
41 51 68 ah 75 76 2a 12 67 86 
57 68 21 75 7h 86 72 81 78 61 
76 28 12 63 16 6h 86 83 18 63 
81 ah 36 38 68 16 37 5a 85 61 
76 63 58 37 ah 86 75 85 18 65 
81 2a 16 14 64 ah 58 52 41 46 
25 85 16 5a 52 68 64 84 25 5h 
41 46 16 57 ah 68 72 64 27 8a 
71 4h 17 ah 75 53 3a 7h bh 3b 
ah 4a bh ah 
