1
5h 7a 37 36 37 3h 57 85 38 3h 
2h ah 4a 36 23 26 24 a6 36 7a 
73 a3 7a 78 7h a8 3a 38 a8 6a 
63 a3 6a 67 a7 3a 37 23 21 a7 
6a 61 53 a6 2a 12 14 35 62 64 
24 26 42 53 26 a2 82 64 35 6a 
28 61 26 a2 42 41 86 21 24 82 
14 28 72 4a 27 42 14 21 a2 21 
62 4a 26 82 62 68 28 26 42 a2 
86 12 53 1a 14 68 35 a4 86 24 
53 2a 21 a2 68 35 21 72 2a 72 
a2 53 7a 86 74 71 41 73 68 a1 
86 2a 21 62 a1 26 12 8a 21 82 
a2 62 7a 67 68 78 47 28 74 67 
65 26 27 42 67 46 26 82 35 28 
72 82 87 27 28 72 a3 28 72 82 
87 27 28 42 78 24 62 64 76 24 
72 62 86 4a 68 26 27 42 67 46 
87 26 82 a6 28 42 78 24 72 82 
87 27 28 42 78 24 62 7a 26 72 
a2 82 7a 47 28 74 27 87 82 72 
78 57 35 73 87 27 28 78 72 47 
82 74 a7 28 2a 27 42 a7 24 72 
82 87 27 28 42 78 24 62 7a 26 
72 a2 82 8a 87 a7 27 2a 28 42 
a8 78 24 62 7a 26 72 a2 82 7a 
47 28 74 27 87 82 72 78 57 35 
73 87 27 28 78 72 47 82 74 a7 
28 2a 27 42 a7 24 72 82 87 27 
28 42 78 24 62 2a 62 64 76 86 
24 72 68 62 86 a4 68 26 27 42 
67 46 26 82 4a 28 72 82 87 27 
28 42 78 a2 87 6a 62 a2 78 76 
86 87 67 68 78 76 86 87 67 6a 
76 78 68 76 a6 86 7a 68 67 87 
86 76 78 68 57 86 35 73 87 67 
68 78 76 86 a7 68 6a 67 a7 87 
86 3a 68 53 56 36 35 65 63 53 
a5 78 86 1a 68 76 86 87 67 68 
78 16 87 a6 78 1a 12 a2 87 6a 
62 78 a2 87 76 8a 78 68 76 a6 
86 7a 68 67 87 86 76 78 68 57 
86 35 73 87 67 68 78 76 86 a7 
68 6a 67 a7 87 76 6a 76 87 68 
a8 26 1a 62 87 86 76 78 68 67 
87 16 78 a6 87 1a 14 a4 78 6a 
64 a4 87 46 78 7a 64 76 a6 86 
7a 68 67 87 86 76 78 68 17 15 
71 53 67 87 86 76 78 35 37 57 
53 73 75 35 87 67 68 78 76 53 
a7 35 6a 67 53 a7 35 46 53 6a 
35 46 53 a6 35 4a 41 53 a1 35 
6a 87 61 53 a1 35 46 53 4a 41 
4h 43 4h 2h 7h 2h 7h 2h 7h 2h 
7h 2h 84 87 47 14 12 1h 42 74 
78 48 27 24 21 41 71 84 8h 27 
26 76 82 8h 8h 37 35 75 a7 87 
4a 84 85 28 72 47 84 85 45 68 
64 84 78 27 42 46 26 14 12 16 
26 46 12 14 24 12 18 28 42 48 
28 64 62 68 28 48 62 64 24 a2 
4a 46 a6 64 1a 46 14 13 43 61 
64 14 a1 2a 42 46 26 84 82 86 
26 46 82 84 24 82 87 27 42 47 
27 64 6h 67 62 72 76 26 27 67 
a2 76 1a 67 61 71 76 16 17 67 
51 5h 6h 6h 3h 6h 3h 3h 8h 56 
58 68 56 53 63 86 83 63 58 5h 
5h 5h ah 2h 4h 1h 7h 3h 7h 3h 
7h 3h 7h 3h 3h 5h 7h 8h 7h 3h 
7h 
