2
31 3a 3b 83 a3 1a 16 14 b1 8b 
a6 1a 18 17 a8 4a 47 a7 5a 45 
42 4h bh 12 4b 4h 4h 14 16 b1 
41 84 8b 87 b7 47 a4 65 3b 3a 
38 a8 b8 4a 64 54 56 46 45 65 
7b 74 b4 71 56 4b 41 b1 65 64 
54 56 46 45 65 7b 74 b4 7b 75 
b5 4b 45 b5 14 1b 15 b5 45 6b 
64 b4 34 3b 35 83 5h 38 a3 6a 
63 6h 37 63 64 68 76 78 76 72 
63 68 76 71 37 6h 86 76 87 63 
67 16 b2 37 8b 61 86 73 68 76 
36 37 67 63 16 b8 73 6b 16 b6 
37 1b 81 73 18 71 31 37 17 13 
81 73 18 71 31 37 38 73 13 18 
61 87 37 38 23 16 21 31 23 27 
37 13 17 81 37 83 13 81 23 18 
51 56 16 b1 82 6b 65 28 b5 82 
6b 61 86 26 28 68 b1 86 7b 72 
68 b2 86 7b 73 68 b3 86 2b 23 
2h 68 b3 86 8b 82 b2 62 6b 56 
51 61 86 5h 68 16 7h 61 76 72 
87 62 86 76 87 81 38 1h 83 18 
87 18 78 71 87 71 37 8h 18 73 
17 15 75 17 85 38 71 37 87 18 
1h 71 73 27 13 21 71 b7 27 8b 
18 17 31 87 38 18 21 26 16 81 
83 78 13 71 76 16 31 86 38 18 
21 24 27 21 82 83 48 3h 84 78 
71 37 81 38 36 86 38 76 47 83 
48 78 37 31 83 71 47 38 43 73 
87 83 18 73 17 87 b8 2b 72 71 
37 21 32 72 37 34 23 27 12 1h 
37 b3 8b a8 3a 43 48 74 38 73 
78 67 38 13 48 64 62 42 64 31 
23 24 34 13 74 17 26 42 37 53 
5h 24 72 71 47 21 42 46 26 12 
76 17 27 a2 3a 73 71 67 31 63 
64 34 13 74 17 37 63 67 37 63 
61 31 73 71 31 73 76 47 36 13 
16 36 43 46 36 13 76 17 37 a3 
2a 72 71 67 21 62 64 24 12 74 
17 27 62 67 27 62 61 21 72 71 
21 72 76 47 26 42 41 21 62 71 
67 27 a2 3a 73 76 17 36 13 14 
34 13 74 17 37 13 61 36 73 71 
47 31 43 41 31 63 71 67 37 a3 
2a 72 76 17 26 12 14 24 62 4h 
26 12 42 41 54 5h 58 b8 48 64 
3b 23 31 63 43 14 42 14 24 21 
42 21 32 36 13 34 13 26 12 26 
12 36 43 36 13 23 62 6h 24 32 
31 43 62 42 14 32 13 43 64 5h 
46 34 31 23 41 24 34 13 63 23 
26 42 43 14 23 62 41 64 24 12 
61 26 42 41 34 21 32 31 21 62 
3h 32 53 5h 41 24 26 12 46 14 
24 12 16 26 42 46 14 26 12 42 
a4 7a 27 21 62 71 67 27 62 61 
21 72 71 67 21 62 72 a7 2a 26 
12 a6 21 62 1a 26 12 a2 1a 16 
a6 2a 26 12 a6 21 52 4a 54 24 
52 75 47 42 14 72 17 47 54 56 
46 74 71 67 41 64 74 17 5h 71 
47 46 14 76 17 47 64 15 21 6h 
12 71 75 67 15 61 71 67 65 75 
17 15 61 75 67 17 61 ah 16 71 
76 27 16 21 71 67 4a 54 6h 45 
14 12 51 2h 15 61 6h 56 bh 65 
86 6b 56 8h 65 86 83 63 56 5h 
8h 84 7h 57 8h 75 37 82 73 47 
42 34 72 37 47 24 34 73 74 27 
34 23 73 47 4h ah 6a 46 43 54 
63 56 46 34 bh 43 64 65 36 45 
34 64 36 32 43 28 68 34 7b 46 
53 57 37 53 51 31 53 48 74 68 
16 47 14 64 76 74 87 64 86 35 
76 5h 43 47 37 63 15 81 61 86 
8h 58 ah 62 16 3a 23 13 41 48 
74 71 87 41 34 64 16 78 17 18 
67 32 81 bh 46 83 13 71 42 62 
85 17 7b 34 26 28 21 68 74 35 
86 81 57 4h 13 58 78 48 63 12 
87 3h 24 78 34 bh 46 42 62 8b 
21 8h 27 85 72 12 53 ah 24 26 
35 62 42 2a 58 2h 85 bh 57 7b 
5h ah 2a bh ah 
