2
25 48 2a 2b 26 36 36 35 23 24 
a3 b4 8a 2b 84 a2 5a 24 b2 38 
6b 26 52 a2 12 1a 17 16 a6 83 
5a 38 52 53 57 58 2h 83 3h 2h 
8h 38 3h 36 2h 2h 32 3h 8h 86 
87 48 17 31 83 a5 34 53 7a 35 
73 48 37 43 83 84 68 a7 86 2a 
32 8h 24 72 78 28 a2 43 8a 87 
a7 34 3a 73 78 38 b3 23 72 2b 
72 b2 8b 82 b2 8b 18 1h 17 51 
b7 15 71 8b 78 18 21 28 18 21 
27 52 17 31 25 42 13 41 21 72 
a4 14 27 32 7a 23 72 41 27 42 
12 14 51 a7 15 31 3a 24 b3 42 
1b 24 81 42 87 17 24 b1 2b 72 
78 28 a2 12 61 6a 62 a2 3a 23 
13 71 26 17 21 61 62 12 16 31 
32 73 12 71 31 83 81 31 83 87 
37 68 63 61 31 81 73 78 38 63 
68 38 53 63 56 35 36 56 23 25 
21 51 25 31 83 52 85 35 83 87 
28 37 43 82 48 38 73 b4 37 43 
83 84 28 2b 34 a2 43 8a 34 58 
43 57 87 34 45 48 53 75 38 34 
84 73 53 a5 48 3a 37 84 a7 48 
73 84 4a 37 43 84 a3 48 8a 48 
a8 38 2a 83 82 32 38 28 a3 82 
5a 28 b5 82 a5 28 3b 82 73 28 
5a 37 82 83 23 28 42 a5 38 24 
82 4a 28 42 42 4h bh 1h 1h 6h 
1h 6h 1h 51 43 43 48 14 4b 34 
83 48 14 51 75 b1 57 35 83 58 
75 14 57 35 5b 75 41 57 35 85 
83 53 58 75 38 57 15 b3 51 35 
83 58 15 5b 15 41 74 b1 47 34 
83 48 74 15 47 34 4b 34 b4 51 
5b 45 84 83 53 45 48 74 38 47 
34 84 83 43 54 85 82 78 52 75 
85 48 42 74 82 78 48 74 a7 5a 
58 75 a8 57 35 23 52 75 7a 7h 
bh 2h 8h 75 32 7b 7h 6h 6h 6h 
1h 1h 1h 3h 8h 5h 2h 1h 3h 6h 
bh 2h 1h 1h 5h 2h 8h 8h 2h 1h 
2h 2h 4h 6h ah 
