1
3h 83 7a 67 47 47 a4 2a 24 a4 
6a 63 53 25 62 6h 63 26 23 2h 
25 2h 72 63 76 26 a2 7a 72 a2 
6a 62 a2 4a 46 a6 4a 34 a3 6a 
64 a4 5a 56 a6 5a 57 87 52 72 
53 13 54 35 81 27 53 68 25 75 
72 52 43 86 57 15 68 34 27 51 
35 45 86 72 43 53 27 68 54 34 
72 75 25 27 57 52 a5 65 85 36 
72 58 46 43 27 7a 85 63 64 76 
34 27 62 43 a7 34 58 36 72 85 
46 43 63 64 27 76 6a 58 76 27 
a7 85 1a 34 76 72 58 62 67 43 
27 16 72 a6 27 1a 34 72 12 43 
a1 85 7a 34 71 7h 5h 43 a1 34 
7a 7h 43 57 34 52 72 43 35 37 
54 35 75 45 47 57 54 74 75 45 
47 57 43 53 54 34 74 73 43 15 
34 17 57 43 45 35 34 54 53 43 
a5 34 7a 71 43 a1 34 37 47 43 
73 74 34 17 3a 71 37 a7 47 3a 
35 74 a5 47 3a 36 74 a6 47 5a 
56 a6 74 7a 76 a6 46 37 64 1a 
73 46 17 64 a7 46 5a 64 75 71 
51 46 67 65 75 46 47 67 57 64 
54 74 75 76 56 46 37 64 35 75 
46 47 67 64 74 76 46 57 64 53 
73 46 25 64 27 57 46 45 65 64 
54 56 46 25 64 21 51 46 75 71 
51 64 37 46 35 75 64 67 47 46 
76 74 64 57 46 53 73 64 15 46 
17 57 64 a5 46 1a 12 64 a2 46 
7a 72 64 a2 46 17 64 6a 71 67 
a7 47 6a 65 a5 74 7a 75 a5 45 
37 54 8a 38 78 45 67 54 68 78 
45 67 54 63 73 45 16 17 67 54 
86 83 63 45 76 71 61 54 37 45 
36 76 54 37 83 78 45 67 54 68 
78 45 36 54 37 67 45 86 87 67 
54 86 83 63 45 86 28 a2 54 3a 
36 45 a6 54 8a 28 a2 45 7a 76 
a6 54 8a 28 a2 45 7a 73 a3 54 
27 5a 72 87 28 72 57 a7 47 8a 
28 a2 74 5a 56 47 a6 74 5a 75 
76 56 46 37 64 35 75 46 87 28 
72 64 57 53 73 46 65 87 54 28 
25 75 46 87 64 58 75 46 47 67 
64 74 76 46 87 58 75 64 27 46 
21 71 64 57 51 71 46 45 65 64 
54 56 46 47 45 75 65 17 81 78 
56 57 67 65 64 54 74 75 45 17 
81 78 54 57 56 76 46 45 65 64 
54 a7 56 46 35 64 1a 81 53 46 
a8 64 85 6a 58 65 a5 45 1a 81 
54 a8 45 4a 46 a6 56 1a 81 65 
a8 56 5a 54 a4 64 35 46 1a 81 
53 64 a8 46 65 6a 46 56 15 81 
58 45 a5 65 1a 81 56 a8 65 4a 
56 47 4h 1h 5h 81 42 43 a7 57 
35 18 1a 53 15 a5 85 1a 21 a2 
58 5a 52 a2 82 35 28 4a 82 34 
54 28 25 85 82 52 48 43 83 25 
14 18 48 24 54 28 58 65 48 67 
57 84 85 45 48 58 24 85 21 41 
84 54 58 48 a5 84 1a 12 48 a2 
84 8a 82 a2 42 4a 84 81 41 38 
34 84 78 76 86 48 43 83 74 78 
48 74 73 43 17 14 74 87 83 73 
18 17 15 1h 1h 6h ah 87 63 6h 
31 36 16 38 31 81 38 1a 18 a8 
31 4a 47 13 a7 34 31 41 34 8a 
43 84 81 41 a1 38 34 84 38 3h 
5a 58 a8 35 3a 3h 5h ah 2h 2h 
6h 2h 1h 2h 6h 7h 7h 1h 7h 1h 
7h 6h 2h 6h 2h 1h 6h 2h 1h 2h 
6h 6h 2h 8h 6h 8h 6h 8h 4h 2h 
4h 
