1
5a 5h a8 7a 57 53 56 54 a5 8a 
86 84 a6 4a 46 a6 16 1a 1h 8h 
8h a8 4a 43 43 24 32 34 24 23 
25 43 23 28 2h 26 52 58 45 28 
42 52 45 46 4h 54 35 32 52 a5 
4a 47 14 a7 3a 37 a7 31 4a 24 
27 47 24 21 a2 5a 75 74 54 15 
75 71 51 57 17 a5 4a 47 a7 2a 
82 41 a4 5a 75 71 28 72 12 52 
17 a5 2a 27 a7 4a 74 72 71 21 
41 74 24 72 73 23 12 14 24 32 
37 27 a2 5a 75 73 53 75 72 52 
a5 1a 13 a3 1a 12 a2 17 4a 14 
a1 5a 45 43 53 45 42 74 52 a5 
1a 31 47 24 34 14 21 31 32 12 
13 a1 4a 42 43 64 23 a3 4a 84 
a6 1a 81 86 16 81 46 84 8h 78 
14 61 87 28 16 a1 82 4a 38 32 
a4 12 61 6a 6h 8h 68 46 4h 24 
23 2h 43 64 86 a8 18 31 3a 32 
a2 12 71 4a 74 14 71 7h 76 a7 
67 5a 85 76 86 56 28 a5 2a 23 
a3 1a 61 83 68 18 67 61 71 76 
a7 5a 85 81 48 51 65 84 28 56 
25 85 28 27 87 a8 5a 57 a7 1a 
15 a5 8a 68 18 16 86 a1 5a 68 
58 a8 3a 35 a5 1a 71 31 37 17 
13 51 73 53 13 85 81 86 16 31 
56 35 37 15 a1 5a 57 a7 35 8a 
38 58 a5 1a 31 32 12 81 82 68 
6h 12 a1 65 8a 38 34 3h 6h 14 
31 3h ah 8h 5h 7h 6h 43 2a 78 
34 73 72 32 73 a3 7a 23 83 48 
a7 5a 65 84 78 56 25 28 58 a5 
1a 27 21 71 72 12 17 a1 7a 71 
87 82 a1 7a 17 87 a2 3a 3h 78 
71 27 81 68 32 31 23 72 67 87 
64 28 32 46 21 a3 1a 81 48 68 
64 84 86 a8 5a 82 65 45 48 58 
54 65 45 85 84 54 a8 2a 12 a1 
45 3a 73 75 27 12 71 a7 4a 46 
a6 5a 56 a6 2a 12 36 a1 53 8a 
68 35 63 65 83 a8 7a 67 57 56 
54 75 64 76 47 56 15 21 67 64 
12 74 76 17 57 65 45 46 56 54 
64 a5 3a 34 73 71 21 27 17 a4 
3a 13 73 a7 8a 38 32 13 23 83 
21 78 71 a7 81 38 5a 35 15 81 
32 58 a3 5a 15 12 a1 3a 63 51 
65 12 35 23 81 48 12 31 84 a3 
2a 28 18 a1 5a 56 45 a6 4a 46 
a6 56 25 7a 17 52 85 78 47 12 
52 45 75 87 81 58 71 54 27 15 
71 52 84 a7 65 1a 21 28 18 56 
25 a1 4a 52 15 12 a4 8a 58 25 
a5 3a 83 58 51 81 65 82 18 32 
63 64 21 82 53 68 48 25 46 86 
12 84 18 58 64 25 21 51 35 46 
36 83 18 56 25 15 35 23 13 12 
32 31 21 83 81 51 a8 5a 52 45 
a2 8a 48 58 a5 7a 67 32 63 68 
38 23 12 31 63 64 78 47 37 a3 
5a 75 74 54 17 21 72 85 87 84 
57 15 21 52 48 45 46 56 86 85 
84 18 54 21 75 76 27 56 87 15 
12 48 52 45 85 78 27 82 78 71 
67 81 a8 1a 21 a2 76 1a 17 27 
21 a1 5a 54 25 a4 8a 28 58 75 
78 47 58 a5 2a 74 a7 3a 63 72 
87 36 18 71 63 67 37 43 63 64 
34 36 83 18 46 31 43 63 64 34 
36 73 74 67 34 23 76 a7 5a 32 
85 83 13 51 85 82 18 52 15 35 
83 18 21 82 38 32 63 52 85 a8 
7a 57 25 72 47 36 a3 5a 25 21 
a1 3a 74 13 a7 4a 12 52 a4 51 
2a 32 a1 4a 45 a3 6a 35 13 a6 
21 32 5a 46 13 21 a5 7a 32 17 
13 73 a7 2a 21 a1 64 3a 32 63 
a2 7a 17 36 13 73 27 21 71 37 
13 71 57 46 56 45 76 a7 1a 31 
32 12 43 53 15 25 a2 5a 25 21 
51 52 15 a1 8a 28 18 51 35 34 
13 54 81 38 25 a3 5a 25 a5 7a 
17 15 75 17 12 72 87 82 18 52 
75 47 81 a8 5a 74 a7 3a 53 73 
57 51 a5 6a 71 37 a6 31 7a 43 
67 a1 7a 67 a7 5a 65 34 73 75 
35 a7 8a 43 48 38 13 21 32 63 
86 38 13 21 32 a3 8a 68 64 84 
a8 1a 21 a2 4a 84 86 46 a8 7a 
27 84 18 72 17 27 21 71 72 57 
82 58 56 78 a5 4a 67 64 a6 3a 
76 43 17 63 64 71 34 87 84 18 
21 36 82 a3 18 5a 45 81 68 48 
75 46 86 47 87 67 68 78 76 86 
87 58 56 15 86 18 28 21 81 58 
15 81 82 78 74 84 27 57 68 a5 
8a 48 a6 2a 84 28 a8 7a 78 18 
17 a7 3a 83 78 37 13 12 32 83 
82 32 73 78 a7 5a 85 35 83 81 
31 48 43 83 a8 5a 51 a5 8a 21 
52 38 45 35 13 21 85 a8 5a 32 
63 a5 6a 65 a5 35 1a 21 53 a2 
6a 35 63 64 34 23 a4 12 31 63 
1a 21 a2 5a 65 6h 6h 7h 8h 6h 
5h 5h 1h 5h 1h 5h 1h 5h 1h 1h 
ah 2h 6h 2h 4h 2h 4h 4h 1h 4h 
2h 5h 2h 3h 2h 
