2
8a 63 64 24 3b 36 b6 3b 38 31 
53 b1 5b 54 a4 1a 54 57 a1 76 
5a 6h ah 3a 35 a5 4a 84 a8 3a 
b3 a3 8b 48 b4 3a 5b 25 28 a3 
2a 28 2h 25 b2 52 6b 61 b1 5b 
53 25 b3 1b 52 b5 8b 23 84 b4 
5b 32 45 16 23 b6 48 2b 12 58 
15 25 a2 8a 84 a4 2a 12 a1 5a 
52 a5 4a 52 45 a5 6a 62 a2 8a 
48 a4 5a 54 25 a4 26 56 35 3a 
b3 4b 53 a5 b4 1a 5b 15 1h 6h 
ah 2h 5a 45 48 58 65 75 62 56 
52 62 6h 85 84 54 75 74 a4 74 
5a 65 a6 5a 35 a3 5a b5 35 a3 
1b 1a 16 a6 8a 86 85 8h 53 a6 
35 8a 8h 53 48 41 81 35 38 58 
53 83 85 35 18 14 84 53 b8 18 
35 71 53 7b 35 47 48 4h 78 53 
47 46 76 35 37 57 53 73 75 35 
b7 53 2b 35 2h 27 53 2h 23 72 
73 87 23 82 86 26 42 76 47 27 
42 8h 48 28 72 78 47 28 42 72 
47 14 51 7h 47 15 41 48 47 4h 
45 84 5h 48 54 57 85 47 84 54 
85 bh 58 45 48 74 58 75 45 84 
4b 54 57 85 47 84 54 85 82 48 
45 74 85 78 48 54 4h 84 87 68 
8h 68 8h 68 3h 86 58 52 75 45 
74 82 58 54 65 71 37 7h 17 84 
68 58 45 71 67 62 72 87 82 48 
72 17 58 65 47 64 2h 54 85 87 
68 3h 57 45 48 74 58 75 45 74 
71 57 54 85 74 87 86 18 57 35 
2h 54 75 76 47 73 47 56 45 75 
67 48 54 58 65 75 87 47 34 4h 
74 78 67 38 43 54 57 85 47 84 
54 85 81 48 45 74 85 78 48 54 
76 57 51 65 71 87 41 34 85 18 
41 34 14 81 68 2h 75 47 43 54 
73 57 47 14 86 18 48 74 56 15 
47 84 85 18 35 43 74 76 57 46 
54 74 67 58 45 48 34 48 34 54 
85 76 87 73 87 53 45 47 64 57 
65 45 74 81 68 37 43 54 58 75 
48 74 54 85 71 47 41 84 71 27 
24 74 17 52 45 52 45 31 86 38 
78 37 46 84 56 15 58 15 85 87 
18 78 71 57 78 67 51 85 51 85 
83 68 45 64 78 57 53 85 73 67 
47 34 87 38 57 35 48 24 4h 84 
85 78 45 74 84 58 15 81 48 47 
54 87 58 48 74 53 15 81 58 75 
45 84 83 58 43 74 76 27 24 75 
47 57 54 65 42 82 78 56 35 13 
51 25 57 25 46 24 54 65 74 75 
67 26 72 57 47 45 85 78 74 57 
84 58 48 45 46 34 56 76 37 52 
65 86 17 82 18 48 74 71 67 41 
84 83 18 41 64 83 18 52 74 81 
65 1h 17 18 78 47 45 84 75 17 
48 34 71 67 8h 43 54 81 58 48 
14 57 15 8h 45 74 84 58 51 45 
81 38 31 81 38 76 37 54 15 87 
18 58 75 73 87 13 78 47 51 85 
81 68 51 35 74 37 86 38 78 17 
15 18 58 78 17 13 41 73 67 47 
34 17 81 54 85 15 41 43 54 51 
85 41 84 54 15 14 13 41 51 45 
48 14 15 71 53 43 84 21 27 17 
12 71 12 71 54 75 15 41 48 54 
18 31 38 18 31 57 35 15 81 47 
34 85 15 81 84 14 51 54 14 51 
58 75 18 71 51 85 76 17 16 81 
51 45 76 17 26 47 57 45 18 41 
51 75 71 62 78 17 57 15 14 71 
75 87 74 67 54 14 81 51 65 75 
17 18 41 47 48 78 18 41 43 54 
13 61 51 35 41 84 75 87 47 54 
53 75 74 87 54 85 75 47 45 43 
54 74 57 58 45 47 14 73 53 85 
75 17 47 54 58 35 16 31 51 75 
48 34 76 17 14 81 74 87 13 61 
51 45 43 53 15 47 64 51 25 1h 
52 75 46 24 21 41 64 24 78 17 
58 15 75 87 12 81 1h 51 54 35 
14 31 51 45 42 52 15 17 31 71 
51 35 58 35 85 75 17 15 83 58 
78 47 46 84 81 58 41 64 4h 14 
18 48 54 14 81 84 14 31 53 45 
48 58 45 41 84 51 85 51 41 bh 
15 14 54 15 81 48 41 81 5b 14 
38 25 41 24 54 15 83 28 72 37 
5h 45 48 14 58 15 45 84 82 42 
54 17 57 25 47 24 54 75 13 21 
82 38 5h 45 41 74 51 75 83 28 
53 25 43 14 85 18 85 4h 58 54 
15 84 4h 51 38 45 34 47 87 7h 
34 1h 58 71 56 86 43 13 7h 65 
68 34 31 58 13 43 3h 37 3h 85 
86 56 2h 61 64 14 bh 43 46 36 
7b 68 65 85 5h 56 6h bh 6b ah 
bh 
