2
5a 7b 53 a7 6a 68 a8 7a 75 a5 
7a 7h 72 74 67 a2 32 6a 67 61 
26 b7 62 76 16 5b 61 67 23 56 
17 b6 71 5b 5h 2h 58 56 17 35 
32 52 71 b3 17 75 5b 75 17 b7 
1b 1h 2h 75 7h 7h 21 2h 7h 26 
82 17 16 76 28 21 81 b2 18 57 
5b 81 85 15 18 58 51 81 b5 75 
18 37 81 7b 37 31 34 74 b4 47 
5b 74 37 36 53 b3 45 7b 54 37 
35 75 32 47 43 73 57 52 72 45 
47 57 15 18 58 35 37 57 43 85 
81 51 b5 3b a3 5a 15 18 58 b5 
4b 4h 2h 43 45 48 4h 6h 6h 2h 
6h 6h 2h 2h 6h bh 2h ah 62 67 
27 14 13 43 72 81 8h 83 16 13 
63 27 24 2h 8h 74 46 6b 26 2h 
b7 72 4a 27 54 72 2b 45 72 71 
21 b1 14 12 42 17 a7 27 74 4b 
74 71 21 b1 12 6a 21 76 14 75 
65 42 16 26 15 45 65 32 34 56 
2b 43 65 52 54 24 51 12 62 42 
b3 24 46 6b 26 42 b2 24 6b 42 
56 15 24 21 41 25 b5 15 54 52 
42 56 16 26 54 57 47 62 21 64 
14 67 71 21 41 52 4b 25 74 75 
45 32 34 24 52 65 36 38 68 46 
48 68 14 16 46 15 b5 65 54 51 
65 36 3h 45 84 51 4b 15 84 51 
b4 15 1b 41 48 18 54 51 41 52 
b2 12 24 4b 24 12 b2 21 4b 12 
84 81 41 84 86 46 14 16 46 21 
24 14 25 b5 45 61 54 1b 45 61 
54 b1 45 4b 64 a6 1a 16 a6 61 
64 14 61 68 18 41 48 18 51 1a 
51 52 12 a2 21 4a 12 84 81 41 
84 86 46 14 16 46 21 24 14 25 
b5 45 61 54 1b 45 61 54 b1 45 
4b 64 a6 1a 16 a6 61 64 14 61 
68 18 41 48 18 51 5a b5 15 81 
84 14 51 1b 41 48 18 51 52 12 
b2 21 6b 12 56 57 67 21 26 16 
27 a7 67 71 1a 71 72 62 a2 26 
4a 62 54 76 74 64 75 26 27 67 
12 72 46 45 65 21 26 16 25 75 
65 81 87 17 56 51 61 52 62 12 
56 21 54 64 26 16 12 62 81 26 
a8 62 7a 71 26 a1 62 17 18 78 
26 67 7a 27 62 a2 26 7a 62 47 
45 75 26 27 67 25 a5 75 56 6a 
56 75 a5 57 6a 75 86 81 61 57 
56 76 52 a2 62 17 18 78 26 67 
1a 21 71 25 65 15 87 51 56 16 
52 12 81 71 62 57 26 54 74 27 
67 62 72 46 27 45 65 86 72 a8 
27 1a 18 a8 72 21 1a 21 25 15 
a5 51 5a 17 52 21 a1 71 7a 57 
25 82 86 26 52 75 a7 17 2a 71 
52 a5 17 1a 15 a5 75 61 68 18 
57 71 1a 51 75 a5 57 1a 75 81 
86 16 57 51 52 12 72 61 68 18 
27 21 71 25 57 a7 17 6a 71 76 
16 17 67 51 25 a2 76 4a 67 54 
15 81 76 82 12 67 51 45 b4 76 
7b 75 b5 65 27 28 78 56 67 7b 
57 65 b5 56 7b 65 87 82 72 56 
57 51 71 61 27 28 78 16 17 67 
15 56 b6 76 7b 57 15 81 82 12 
51 75 87 84 74 27 24 74 57 15 
41 42 12 81 83 8h 8h 6h 8h 6h 
4h 7h 1h 8h 2h 2h 6h 4h bh 2h 
5h 4h 5h 5h 3h 5h 3h ah 8h 
