0
4h 46 81 76 42 87 8h 4h 42 85 
46 43 64 61 41 84 81 68 62 82 
78 68 76 47 54 51 5h 41 84 86 
78 46 74 78 46 84 15 86 18 46 
14 84 18 12 82 48 42 14 82 18 
48 14 18 1h 1h 3h 2h 17 16 71 
76 36 47 54 52 42 34 35 3h 1h 
36 45 21 24 14 21 28 18 41 48 
18 24 21 27 17 21 47 24 23 43 
24 2h 8h 13 21 24 27 27 62 61 
6h 21 72 7h 65 6h 82 8h 5h 87 
8h 8h 56 5h 83 68 65 6h 85 28 
27 52 87 58 56 86 26 38 32 34 
24 84 32 38 53 28 32 35 63 25 
62 32 63 65 35 23 25 35 62 63 
23 62 63 65 6h 1h 1h 7h 1h 7h 
7h 5h 7h 5h 7h 7h 5h 5h 7h 5h 
7h 5h 8h 5h 4h 3h 4h 3h 4h 3h 
8h 4h 5h 4h 2h 
