1
4h 7h 8h 6h 5h 2a 71 a7 3a 73 
63 76 47 a4 8a 87 a7 4a 48 a8 
3a 36 34 34 34 35 31 37 63 a3 
4a 46 36 34 a3 34 1a 13 a3 2a 
12 16 18 18 a6 8a 18 a1 3a 32 
13 a2 31 4a 43 a3 6a 63 a3 1a 
81 a8 3a 36 a6 4a 41 a1 3a 31 
a1 6a 61 a1 8a 83 a3 8a 85 a5 
1a 16 a6 7a 74 a4 3a 35 43 47 
37 a5 8a 53 84 8h 48 35 63 61 
31 53 78 74 84 35 23 87 28 47 
82 58 32 53 83 48 78 74 84 87 
28 47 82 a8 74 5a 58 47 a8 74 
3a 38 43 a8 37 6a 63 a3 6a 74 
68 a8 62 3a 38 73 43 a8 3a 47 
a7 8a 34 74 83 a3 47 1a 13 74 
a3 1a 18 a8 3a 38 a8 3a 31 43 
a1 5a 34 73 43 47 37 34 a5 8a 
13 83 74 81 31 a1 4a 38 43 a7 
5a 34 74 a3 8a 47 35 83 a3 74 
1a 13 a3 47 1a 18 a8 74 3a 38 
47 a8 74 3a 31 43 a1 34 73 43 
47 37 34 73 7a 34 73 a3 43 8a 
81 a1 34 3a 37 23 a7 32 73 43 
47 37 34 23 74 32 53 3a 53 57 
7h 47 a3 74 2a 62 56 25 26 56 
52 56 45 a2 54 75 45 47 57 54 
75 5a 15 18 58 65 1h 52 65 a7 
25 26 56 5a 25 74 52 75 45 47 
57 54 25 74 52 75 45 7h 54 a2 
62 7a 26 76 45 a7 54 5a 25 76 
52 75 65 7h 47 ah 56 2a 74 67 
1h 75 47 5h 74 27 1h 72 47 6h 
74 27 56 25 75 27 a5 72 47 2a 
74 27 23 a7 2a 26 2h 42 8h 24 
52 4h 25 42 46 26 42 43 54 24 
52 57 45 42 84 52 85 45 24 5h 
58 25 45 84 27 62 4h 54 26 82 
45 84 24 52 57 45 27 82 54 85 
25 42 45 84 25 82 42 54 51 41 
54 23 53 85 43 64 25 12 13 23 
12 4h 54 58 15 25 82 42 14 6h 
42 54 52 65 42 64 54 25 2h 3h 
35 4h 46 54 43 24 67 42 64 74 
76 46 47 24 67 35 5h 76 5h 25 
67 52 65 42 64 54 75 5h 45 46 
24 56 25 45 74 67 46 54 52 65 
42 64 54 25 4h 46 24 54 65 28 
72 25 62 72 52 57 45 48 24 47 
64 61 86 41 84 64 76 5h 25 65 
46 57 52 15 64 26 25 42 65 16 
24 72 7h 25 42 48 54 28 52 42 
54 56 25 24 82 54 85 25 42 47 
46 74 24 52 58 75 67 56 85 7h 
25 42 46 54 26 72 45 74 3h 24 
52 58 65 5h 85 25 62 3h 26 52 
58 65 64 54 85 25 32 2h 52 58 
45 28 42 52 85 38 53 25 24 82 
54 85 25 42 46 26 52 58 35 23 
82 52 45 41 24 51 65 32 61 51 
25 43 52 2h 64 15 14 16 46 56 
35 41 34 48 34 84 28 42 84 54 
65 61 51 65 83 48 82 48 28 24 
12 43 83 15 16 56 26 32 51 65 
28 62 52 85 53 65 67 26 25 72 
51 61 36 52 35 54 35 45 65 26 
84 58 84 58 62 16 53 45 43 53 
15 65 16 21 84 38 62 56 52 45 
62 16 85 18 34 6h 56 53 45 81 
38 84 38 64 58 17 8h 46 45 43 
65 71 8h 54 26 28 68 26 45 84 
86 38 4h 54 83 18 45 64 27 46 
81 32 5h 14 78 81 52 17 41 6h 
28 15 74 23 47 67 83 51 7h 12 
74 36 38 21 47 68 8h 15 72 83 
21 57 1h 74 36 41 63 1h 38 8h 
1h 7h 3h ah 
