1
2a 51 74 57 52 54 35 a3 5a 57 
5h a7 1a 15 14 a5 2a 24 26 28 
a4 6a 62 a2 62 6a 65 16 14 15 
1h a6 3a 38 37 13 61 a8 6a 63 
a3 13 4a 41 a1 4a 42 a2 1a 12 
a2 4a 41 a1 4a 4h 42 62 a6 1a 
16 a6 3a 31 a1 3a 34 a4 1a 14 
a4 6a 61 a1 3a 3h 3h 5h 8h 63 
16 13 63 81 86 16 81 85 18 61 
68 76 18 74 64 71 76 16 41 46 
16 a1 28 4a 47 a7 82 4a 41 a1 
28 6a 67 a7 82 6a 28 61 86 a1 
68 26 86 82 62 68 26 68 56 6a 
56 a6 82 4a 4h 43 41 64 65 26 
45 24 64 26 48 46 24 23 86 43 
24 68 71 42 64 63 26 43 24 83 
42 84 34 38 48 43 24 83 17 42 
54 62 56 38 46 a4 71 6a 65 86 
a5 17 6a 26 71 62 86 38 63 56 
a8 65 86 2a 68 26 83 17 62 86 
36 a2 38 7a 68 63 26 83 62 86 
36 38 68 63 26 83 62 76 17 61 
56 a1 38 65 36 6a 26 17 62 86 
83 63 86 a6 36 8a 82 86 87 a2 
8a 68 63 83 68 62 56 82 58 68 
56 57 85 86 28 56 35 82 38 58 
25 32 53 85 83 78 53 75 85 68 
a7 57 8a 28 75 82 68 65 26 85 
28 68 26 a5 62 86 82 58 62 56 
86 28 8a 68 65 26 85 28 68 26 
a8 62 56 4a 24 65 26 46 74 71 
41 64 62 56 42 54 64 56 51 61 
46 41 24 61 36 42 74 63 76 46 
34 38 48 a4 5a 85 83 53 65 67 
26 57 35 62 86 53 85 82 78 65 
76 86 58 52 65 82 78 56 75 7h 
7h 85 28 2h 76 74 27 a6 72 67 
8a 68 78 67 65 26 75 27 67 86 
85 28 65 26 86 78 76 27 86 28 
78 27 2h 2h 1h 3h 1h 3h 3h 1h 
1h 3h 1h 6h 1h 1h ah 5h 5h 6h 
3h 5h 6h 5h 5h 8h 4h 3h 3h 3h 
5h 1h 6h 1h 3h 3h 4h 1h 8h 1h 
3h 1h 7h 
