2
28 6a 72 76 78 73 7b 71 67 68 
b6 2b 78 27 2h 2h 8h b7 3b 37 
85 b7 2b 27 28 b7 5b 52 b2 5b 
51 57 53 a5 4a 45 41 43 b3 43 
4b 46 a6 51 b4 5a 54 a4 3b 73 
b7 14 8a 3b 85 25 28 62 41 73 
a8 37 26 32 14 23 52 85 28 32 
41 23 72 23 62 2a 32 14 b3 27 
62 2b 32 41 23 52 85 28 62 b2 
14 3b 73 a2 41 3a 14 b3 41 5b 
85 b8 14 3b 41 a3 14 8a b7 41 
2b 14 a8 41 3a 73 a7 14 6a 64 
b2 6b a6 3a 73 a7 5a 85 a8 3a 
73 a7 4a 41 a1 3a 73 a7 5a 85 
a8 3a 73 a7 6a 63 76 a3 67 36 
37 67 36 5a 85 63 26 a8 62 56 
2a 65 26 27 32 67 36 26 32 a7 
23 52 85 28 32 5a 85 23 62 63 
46 23 42 62 86 a6 8a 81 8h 5h 
82 82 12 a2 52 65 2a 56 25 21 
51 35 a1 61 53 75 5a 35 16 53 
15 65 61 26 a7 51 62 76 5a 35 
67 36 56 a5 15 4a 34 51 43 64 
63 26 43 24 64 36 15 63 86 84 
18 58 51 35 81 53 a5 18 2a 81 
25 12 a5 28 52 8a 25 12 81 38 
a1 83 18 2a 42 81 48 28 32 45 
34 24 82 85 38 25 32 82 48 42 
34 82 38 35 3h 3h 3h 7h 1h ah 
8h 23 28 38 23 24 82 83 58 23 
52 82 18 8a 28 25 32 85 38 34 
13 1h 28 52 35 83 84 18 a2 81 
58 28 25 82 25 42 32 43 8a 28 
23 52 83 58 51 81 38 21 32 82 
58 34 23 24 52 82 58 34 23 28 
52 38 43 25 42 32 a3 13 2a 31 
24 12 a4 21 42 8a 24 82 85 48 
25 42 82 18 a5 83 28 31 24 12 
84 18 31 73 7h 8h 58 21 52 82 
58 3a 23 28 52 38 43 25 42 32 
73 7h 8h 7h 27 24 82 85 48 25 
42 82 58 72 7h 85 28 27 87 58 
5h 24 72 74 24 a2 8a b8 2b 42 
47 27 42 4h 48 54 5h 75 72 52 
75 78 58 25 28 58 75 7h 6h 86 
82 62 86 85 65 26 25 65 86 87 
58 52 82 58 56 86 28 26 57 65 
85 68 26 52 58 15 86 26 12 52 
b5 8b a8 5a 25 21 62 51 65 25 
62 67 27 52 57 15 27 12 52 15 
18 1h 58 25 28 12 58 15 24 12 
52 85 42 58 a5 24 3a 83 42 38 
b3 24 5b 75 73 7h 2h 53 85 21 
82 52 85 76 7h 58 25 28 32 58 
35 25 82 36 43 41 64 31 63 43 
54 67 86 26 82 45 64 62 86 81 
28 48 54 26 82 86 38 26 12 37 
13 45 64 23 62 42 64 87 18 63 
26 24 52 64 36 25 32 62 46 38 
43 63 56 42 34 32 83 42 14 38 
13 43 84 83 18 1h 1h bh 2h 2h 
1h 1h 1h ah 2h 6h 2h 5h 2h 4h 
7h 3h 7h 3h 7h 3h 7h 8h 7h 
