2
6a 6b 56 52 52 72 a2 7a 76 37 
63 b3 7b 71 b1 6b 71 7h 87 b6 
3b 36 b6 7b a7 8a 8h 84 87 85 
48 45 85 a8 24 6a 63 42 a3 24 
6a 68 16 a8 42 3a 38 61 a8 16 
3a 35 35 36 38 3h 23 34 23 15 
32 63 65 35 23 61 61 64 26 36 
23 28 38 63 68 46 38 53 64 16 
35 13 63 46 48 68 36 31 43 61 
56 61 56 16 15 65 61 76 74 17 
57 64 16 75 76 47 56 74 57 67 
65 75 76 47 56 74 57 51 71 67 
71 67 65 46 75 47 15 74 17 64 
71 51 a6 57 3a 53 73 47 13 74 
17 15 75 37 75 37 31 43 71 47 
37 13 53 51 31 35 73 74 57 34 
53 73 47 13 74 17 37 15 35 75 
73 47 53 74 a7 35 3a 31 53 51 
31 53 a3 13 1a 15 a5 35 7a 47 
53 74 b7 35 3b 31 43 b1 51 34 
53 3b 13 15 35 13 b3 53 6b 36 
65 36 31 43 61 46 51 64 86 34 
83 63 46 15 64 16 56 51 61 65 
86 a8 15 3a 36 23 51 a6 15 7a 
67 68 78 47 51 74 57 17 15 75 
71 87 86 76 47 51 74 b7 15 2b 
27 23 2h 2h 1h 5h 62 68 6h 46 
28 42 43 46 51 23 52 12 15 25 
21 62 63 16 23 12 62 56 62 56 
26 25 65 62 56 62 56 26 51 21 
61 62 56 53 63 26 23 12 26 12 
62 61 26 61 56 23 12 23 12 65 
16 26 52 36 25 32 62 63 23 61 
56 21 52 62 46 4h 1h 56 5h 57 
25 26 12 1h 17 56 15 1h 1h 8h 
8h 3h 8h 2h 4h 3h 8h 3h 8h 3h 
8h 6h 3h 7h 7h 3h 3h 7h 3h 7h 
12 1h 8h 6h 8h 6h 6h 5h 8h 8h 
2h 3h 8h 3h 8h 3h ah bh 
