1
38 13 1h 1h 24 61 25 3a 36 a6 
2a 53 52 56 5h 3h 5h 58 5h 25 
26 56 a5 2a 21 51 65 24 12 a1 
56 8a 85 a5 8a 18 21 a2 1a 81 
a8 5a 52 a2 72 8a 65 18 a1 56 
4a 45 a5 4a 45 4h 41 6h 36 35 
31 37 1h 37 83 13 18 14 15 38 
45 35 73 85 37 13 15 17 12 71 
43 17 61 67 17 31 6h 13 71 8h 
83 58 17 51 53 13 21 24 14 71 
83 17 a1 38 3a 35 a5 85 4a 42 
a2 58 6a 85 6h 62 58 46 41 54 
53 43 74 83 47 a4 38 3a 35 a5 
85 7a 58 7h 85 8h 74 7h 72 3h 
27 3h 72 7h 37 43 42 74 32 73 
72 76 75 67 43 64 68 65 74 67 
64 86 3h 17 5h 71 ah 17 3a 83 
63 86 87 48 6h 46 86 58 43 24 
8h 68 63 26 46 54 83 28 4h 64 
68 56 48 54 64 86 6h 46 45 84 
65 26 23 86 58 46 34 8h 68 42 
64 62 76 71 42 54 82 58 48 54 
61 86 84 58 64 56 86 48 2h 84 
68 65 46 51 6h 46 48 54 14 57 
85 65 46 86 58 56 15 86 18 58 
65 47 64 54 65 67 86 57 45 47 
24 57 25 23 53 25 43 24 54 25 
68 46 45 24 6h 56 54 75 6h 46 
57 35 64 36 5h 45 63 76 42 84 
52 75 65 76 81 58 56 15 86 28 
45 74 6h 82 58 48 64 68 26 48 
24 64 86 51 75 3h 68 46 42 14 
62 86 54 85 84 54 25 64 26 87 
48 56 35 8h 68 53 45 86 78 48 
47 3h 58 65 62 86 87 52 75 65 
26 84 28 5h 54 75 82 78 62 46 
65 46 56 47 24 58 65 87 57 25 
45 68 78 3h 54 86 67 86 34 81 
78 43 61 76 17 87 18 68 76 68 
76 52 75 65 86 65 86 42 54 58 
48 24 65 86 65 86 81 28 17 67 
56 67 56 34 51 75 43 71 51 75 
82 38 42 34 82 38 65 16 65 16 
48 54 46 54 64 65 46 65 86 41 
54 41 54 57 25 68 26 56 85 47 
64 45 14 47 14 68 56 68 16 46 
84 82 42 64 58 25 58 25 46 84 
82 42 64 58 25 74 76 5h 45 56 
85 47 64 47 24 23 43 74 46 74 
71 41 64 41 64 82 38 46 14 46 
14 53 25 85 18 48 64 4h 84 81 
68 46 14 84 58 52 45 82 68 56 
84 4h 65 28 54 25 46 41 64 41 
34 85 38 58 67 45 5h 86 14 47 
14 74 82 78 53 25 65 46 68 36 
4h 54 46 84 52 65 23 81 38 41 
63 53 1h 14 36 35 82 62 47 5h 
78 81 7h 16 24 25 53 43 61 2h 
38 3h 17 1h ah 8a ah 7a ah 3a 
ah 
