1
3h 83 86 73 7h 57 52 82 7a 76 
a6 5a 56 5h 5h a5 1a 81 81 86 
a8 26 5a 65 52 65 25 26 56 52 
a5 62 5a 35 26 38 58 25 65 62 
52 56 a5 26 5a 35 62 37 53 65 
25 26 56 52 a5 37 5a 65 52 65 
73 56 85 83 53 a5 87 68 28 26 
86 82 68 82 18 5a 15 13 26 51 
a5 62 13 83 68 28 26 86 82 48 
8a 68 82 48 43 53 a5 84 28 6a 
82 68 64 84 a8 84 78 6a 87 68 
24 86 28 48 42 82 84 a8 24 5a 
65 42 56 75 86 78 58 a5 24 5a 
75 76 71 a7 42 7a 87 85 75 24 
68 42 67 87 24 28 27 62 87 47 
48 78 74 84 87 47 a8 26 2a 21 
27 87 25 21 31 a2 13 68 31 6a 
61 63 6h 1h 6h 6h 82 16 31 63 
78 76 86 74 18 47 31 83 74 68 
64 84 16 31 63 28 26 86 a2 62 
18 31 7a 83 78 26 a8 62 1a 31 
a3 26 7a 76 a6 17 31 3h 8h 86 
18 13 83 18 7a 81 47 48 78 47 
46 76 87 86 76 38 a3 17 8a 71 
48 47 87 48 42 82 45 78 72 82 
17 1h 15 18 1h 6h 3h 4h 7h 2h 
5h 86 a3 17 1h 6h 3h 68 6h 61 
62 6h 5h 12 61 8a 16 28 21 81 
26 2h 2h 24 18 16 86 42 21 38 
3h 14 51 5h 42 4h 57 5h 64 6h 
35 3h 31 3h 2h 37 3h 3h 3h ah 
8h 4h 5h 6h 1h 6h 1h 6h 6h 7h 
2h 7h 3h 7h 
