1
5h 75 7h 41 4h 45 43 4h 2a 23 
23 25 43 41 52 a2 84 2a 83 8h 
8h a2 4a 84 8h ah 7a 28 25 85 
28 26 32 a6 1a 17 16 a7 8a 78 
76 86 38 28 23 83 a2 8a 68 67 
87 58 52 82 78 76 86 a8 38 5a 
51 a1 2a 83 21 a1 38 5a 54 54 
56 25 32 82 83 23 18 15 32 85 
38 28 23 83 a2 8a 18 12 82 58 
52 82 58 51 65 81 68 58 25 21 
51 85 86 38 56 35 85 68 a3 6a 
67 53 a7 35 6a 87 68 64 84 a4 
53 78 35 7a 74 53 a4 84 35 68 
46 8a 53 18 64 12 82 46 48 68 
64 67 84 87 47 68 6h 6h 5h 74 
36 35 65 47 46 76 74 64 67 47 
26 82 58 74 53 83 47 75 78 54 
75 85 45 48 58 54 84 85 45 48 
58 47 57 54 74 84 87 47 35 74 
38 58 47 45 75 74 54 57 47 25 
62 86 74 83 63 47 78 76 84 78 
68 48 26 21 61 46 86 84 64 87 
67 47 38 74 16 83 12 62 47 38 
36 86 a8 74 6a 63 47 a3 74 76 
46 47 67 64 74 76 46 47 67 5a 
64 74 15 47 16 56 15 18 21 26 
a6 74 1a 61 47 a6 74 5a 47 15 
74 61 62 52 47 45 75 74 54 57 
47 15 74 21 26 56 47 a5 74 6a 
62 47 a2 74 6a 65 47 a5 74 76 
46 47 67 64 74 36 7a 63 76 a6 
46 1a 64 15 25 a2 46 5a 25 a2 
64 6a 67 a7 47 16 1a 16 81 74 
86 16 47 78 71 84 78 18 48 51 
84 25 12 48 41 81 84 14 18 48 
51 84 25 12 48 41 81 47 87 84 
74 14 17 47 78 71 47 14 31 3h 
8h 78 47 84 58 25 82 78 47 84 
a8 1a 31 38 18 71 47 14 31 35 
83 8h 85 78 47 84 38 31 81 78 
47 84 18 15 85 78 47 84 38 36 
3h 3h 4h 4h 3h 46 4h 73 76 36 
73 7h 7h ah 8h 5h 5h 5h 3h 2h 
6h 1h 6h 5h 6h 5h 5h 4h 5h 4h 
4h 6h 2h 6h 2h 2h 2h 6h 5h 4h 
6h 5h 6h 
