2
31 3a 5b a5 3a 31 b3 2b a1 2a 
21 24 a4 5a 54 53 a4 64 67 5a 
54 52 35 36 32 56 b5 2b 21 b1 
7b 73 b3 5b 25 23 62 61 21 26 
12 26 82 86 84 62 61 21 26 12 
26 b2 61 7b 7h 16 87 82 87 68 
b7 86 18 68 61 81 86 18 86 28 
1b 82 18 b8 68 1b 15 86 b5 68 
1b 13 86 b3 68 4b 47 b7 86 8b 
85 18 b5 65 2b 56 81 78 74 84 
78 b2 65 4b 56 87 48 b8 65 7b 
47 56 b4 65 8b 56 84 28 65 b4 
82 18 56 81 48 47 87 48 5b 84 
78 74 84 58 b8 68 4b 47 b7 86 
5b 53 68 b3 86 7b 74 68 b4 86 
8b 83 18 b3 81 28 63 82 78 4b 
48 47 87 84 18 74 81 28 36 b4 
82 48 47 63 4b 87 48 b8 36 5b 
15 63 51 85 84 38 54 65 83 68 
58 75 74 54 15 38 51 65 6h 3h 
56 15 36 51 85 86 56 15 83 18 
58 45 47 57 85 81 28 51 75 74 
54 75 82 78 58 45 48 58 45 47 
57 85 87 57 85 84 18 54 65 63 
53 15 85 78 74 84 58 51 25 81 
78 52 75 85 48 45 85 48 47 87 
58 57 87 58 54 15 84 18 58 75 
74 54 85 81 48 51 35 84 38 58 
45 47 57 65 36 53 85 86 18 56 
15 85 78 74 84 58 51 25 81 78 
52 75 85 48 45 85 48 47 87 58 
57 87 58 54 15 84 68 63 83 18 
58 75 74 54 85 81 28 51 75 82 
78 58 45 48 58 45 47 57 85 87 
57 85 84 78 54 25 87 68 52 35 
38 58 15 36 51 35 65 63 53 56 
15 36 51 85 86 56 35 85 68 65 
85 b8 38 7b 74 83 b4 38 5b 56 
83 b6 38 5b 58 15 b8 51 75 4b 
45 47 57 54 25 b7 52 75 4b 57 
45 b5 7b 75 b5 7b 74 b4 5b 54 
b4 5b 57 15 b7 51 75 4b 45 47 
57 54 15 74 51 75 45 47 57 54 
75 b5 7b 47 b4 6b 68 b8 7b 47 
b4 5b 57 25 b7 52 75 6b 74 54 
65 63 53 15 b3 51 25 1b 52 15 
b5 1b 61 46 47 67 86 83 63 76 
74 64 b6 4b 47 b7 5b 56 15 b6 
51 25 1b 52 15 1h 3h 17 38 b5 
83 1b 1h 1h 21 27 42 17 41 21 
72 38 27 42 45 83 25 12 15 71 
25 72 38 27 42 17 41 45 46 4h 
7h 4h 8h 7h 8h 8h bh 8h 5h 86 
78 21 72 75 82 58 7b 85 78 b8 
58 7b 71 7h 7h 3h 2h 3h 2h 6h 
3h 8h 6h 5h 5h 47 4h 3h 8h 6h 
3h 8h 6h 3h 3h 1h 5h 3h 3h 5h 
3h 5h 7h 5h bh 6h 1h 1h ah 
