2
58 5h 37 1a 31 57 5b 52 53 a5 
7a 74 25 a4 7a 73 52 53 25 53 
75 78 72 7h 37 65 61 73 67 63 
62 a3 4a 43 42 32 74 37 a2 73 
27 23 73 27 7a 27 a7 3a 37 a7 
3a 32 a2 7a 72 a2 7a 73 27 a3 
72 47 6a 74 86 87 67 26 23 63 
86 8h b8 48 3b 32 84 b2 48 7b 
76 b6 84 17 7b 17 b7 48 2b 23 
84 b3 48 1b 1h 7h 18 b8 78 27 
4b 72 37 32 72 17 15 b1 2b 23 
b3 2b a5 4a b2 4b 42 45 48 34 
3h 23 43 24 a8 42 14 2a 41 24 
a4 3a 34 a4 3a 32 a2 4a 42 a2 
4a 43 24 a3 23 43 24 2a 4h 24 
a4 7a 47 42 34 72 37 32 72 37 
42 34 74 37 35 75 47 45 24 75 
27 25 47 64 a6 52 7a 25 75 27 
a5 72 37 4a 34 37 63 a6 3a 63 
a6 7a 74 27 a4 72 37 63 76 27 
2a 24 a4 74 27 21 26 2a 23 28 
62 8h 36 23 12 5h 21 82 8h 8h 
78 37 63 76 57 54 74 67 5h 76 
a7 2a 32 63 26 b2 72 67 3b 73 
67 b7 3b 36 76 73 67 b6 73 67 
1b 36 73 17 16 31 76 37 17 31 
b6 36 83 3b 36 43 4h 45 8h 54 
8h 45 b6 54 3b 53 3h 43 45 35 
43 8h 34 83 87 37 43 8h 34 83 
82 48 13 41 81 48 42 14 18 71 
48 74 14 81 ah 18 41 47 84 17 
81 41 74 82 38 1a 12 71 41 74 
78 17 14 21 bh 12 41 71 87 47 
14 17 21 47 24 14 71 83 28 1b 
41 48 74 18 71 41 84 73 87 47 
14 82 38 18 31 6h 13 21 6h 12 
31 5h 13 21 6h 12 31 5h 48 74 
72 87 42 84 74 67 64 81 68 48 
46 86 76 27 41 24 74 17 87 58 
8h 78 6h 87 48 42 74 82 18 13 
61 67 17 31 46 74 46 74 78 27 
48 24 74 67 7h 47 42 84 72 87 
81 58 25 47 24 84 78 71 27 61 
86 48 47 14 87 18 48 54 4h 74 
45 74 72 87 42 14 68 76 87 84 
28 74 27 87 48 13 21 64 86 78 
71 47 81 48 78 57 7h 87 84 18 
74 17 87 48 12 41 43 24 13 21 
63 8h 78 36 87 38 41 74 71 37 
68 67 87 86 78 86 78 73 17 47 
14 83 78 74 37 84 38 78 47 12 
41 71 67 7h 17 14 31 54 75 47 
13 41 71 87 42 14 12 31 42 64 
61 78 67 17 13 71 13 21 83 52 
15 31 18 31 36 17 81 86 58 46 
54 24 25 85 48 17 21 84 28 5h 
45 41 74 82 78 73 27 83 68 83 
68 48 14 72 67 12 81 42 34 18 
31 81 87 38 78 73 17 78 27 36 
16 81 16 81 61 46 24 83 28 48 
14 78 37 41 54 8h 45 14 17 61 
17 61 41 84 82 18 71 42 14 81 
78 48 14 73 41 8h 37 24 18 17 
21 76 86 87 68 87 68 12 61 81 
78 81 78 76 27 47 14 16 46 74 
81 68 81 68 47 14 16 46 54 13 
51 17 51 83 78 75 81 38 41 34 
84 18 15 85 48 17 61 18 61 81 
84 18 84 78 72 67 17 41 17 41 
82 78 81 78 43 24 18 17 81 17 
21 41 34 84 78 4h 43 74 36 73 
84 1h 47 38 63 48 54 12 81 86 
58 48 24 13 61 42 84 52 82 38 
42 34 46 54 13 78 45 21 3h 87 
24 14 21 78 47 41 84 71 27 63 
83 18 43 14 84 38 17 41 47 34 
17 51 36 46 74 86 78 71 81 68 
41 64 75 84 52 2h 17 18 78 47 
46 14 12 81 84 28 14 61 85 71 
52 5h 28 ah 47 45 75 17 63 82 
38 42 83 13 24 5a 38 31 42 13 
83 52 73 2h 34 31 38 25 27 18 
48 57 6h 81 8h 74 83 47 bh 35 
1b 76 53 67 ah 38 7a 83 7h 34 
3h bh 4b ah 2a bh ah 
