1
72 7h 8h 6a 78 78 a2 5a 35 3h 
65 76 36 73 47 46 4h 46 47 45 
42 54 a2 4a 54 35 72 a4 8a 45 
27 43 a8 74 53 7a 87 42 54 78 
57 47 54 15 1h 8h 12 15 37 a1 
73 2a 21 37 a1 73 7a 85 74 27 
a4 34 1a 17 12 58 43 72 71 87 
a2 34 1a 78 57 87 85 43 a1 34 
2a 21 43 a1 34 8a 8h 1h 12 75 
7h 1h 27 21 71 27 28 24 23 2h 
84 83 74 17 14 74 57 58 78 57 
56 76 87 86 76 57 52 82 68 62 
82 48 41 81 28 26 86 48 43 83 
18 13 83 68 62 82 38 31 81 a8 
78 17 13 73 17 1a 1h 5h 2h ah 
21 2h 25 16 21 51 25 2a 24 2h 
12 74 37 21 32 3h 72 17 1h 21 
24 32 14 31 21 62 67 6h 1h ah 
27 32 12 71 1a 71 76 37 16 31 
3h 3h 4h 6h 71 27 21 62 71 67 
63 73 17 23 12 72 17 15 31 75 
37 36 76 27 16 81 25 62 75 67 
63 73 67 23 62 72 37 18 31 32 
12 61 6h ah 4h 7h 4h 2h 5h 4h 
2h 2h 5h 6h 4h 3h 5h 1h 4h 2h 
5h 6h 5h 4h 8h 4h 8h 4h 
