2
5h 5h 4a 4b 46 56 57 b4 5b 5h 
45 47 b5 4b 47 57 b7 27 12 41 
74 7b 75 b5 45 64 4b 64 b4 2b 
24 21 b4 24 2h 27 62 6h 4h 1h 
2b 26 72 b6 27 42 4h 2b 42 46 
74 26 72 42 14 1h 41 54 52 42 
54 57 35 47 34 3h 2h 82 36 46 
34 58 35 32 13 12 32 73 71 74 
14 17 34 13 18 15 71 83 17 81 
31 38 43 47 37 63 b6 18 7b 74 
81 b4 18 3b 73 81 37 83 13 18 
41 47 17 61 b6 38 1b 71 83 17 
a1 38 7a 74 83 a4 38 7a 71 83 
a1 38 3a 43 41 31 43 47 54 37 
83 45 84 34 73 a8 48 4a 74 34 
13 14 34 13 17 37 43 47 37 43 
41 74 73 71 43 64 b6 17 4b 74 
41 34 31 41 74 34 13 14 34 13 
17 37 43 47 37 43 41 74 31 73 
43 74 17 41 34 37 53 47 84 35 
83 43 74 71 41 74 a8 47 84 6a 
48 14 17 47 64 a4 6a 65 a5 38 
7a 71 83 a1 38 4a 83 b4 38 3b 
43 45 74 35 73 43 54 a5 4a 54 
a5 3a 37 53 45 84 a7 48 74 3a 
13 14 34 53 a5 17 3a 73 31 73 
13 17 37 31 53 a5 71 4a 41 47 
54 35 13 a3 4a 54 a5 4a 34 37 
53 71 41 84 35 83 43 74 b8 38 
3b 13 14 34 53 a5 17 3a 73 31 
73 13 17 37 31 53 a5 71 6a 17 
6h 71 4h 41 47 54 17 45 14 74 
71 41 47 64 68 48 14 6h 47 54 
71 35 13 4h 74 34 73 41 43 74 
13 b6 76 31 7b 72 13 2h 31 bh 
13 7b 31 7h 57 13 75 87 86 76 
87 5h 31 5h 13 5h 31 2h 13 2h 
31 5h 78 57 56 85 76 87 57 85 
13 2h 82 31 8h 13 2h 31 2h 13 
6h 31 8h 87 28 21 81 78 23 72 
82 38 75 37 34 53 74 27 84 18 
72 17 87 28 35 13 82 78 73 57 
34 84 28 75 17 82 18 37 43 6h 
34 23 25 72 35 63 35 63 53 78 
67 57 37 35 73 35 73 76 87 81 
68 71 67 21 52 23 52 32 38 23 
38 53 76 57 23 82 23 82 86 18 
26 32 26 32 37 13 83 78 28 62 
8h 26 32 31 63 21 62 67 28 12 
87 37 13 23 72 86 18 76 26 32 
38 73 28 62 37 63 23 82 8h 81 
38 37 13 87 68 31 63 83 78 73 
83 78 75 37 56 86 38 78 37 35 
83 87 18 76 36 53 81 48 73 47 
87 38 35 13 5h 31 73 74 34 ah 
67 63 73 17 2a 32 38 63 28 62 
32 83 82 71 27 37 23 82 78 72 
82 4h 27 28 78 27 32 83 82 32 
2h 28 23 87 32 4h 78 23 83 48 
72 17 47 41 71 74 17 8h 38 82 
18 78 27 73 27 37 32 73 84 81 
32 7h 28 23 17 47 32 73 82 48 
81 74 34 2h 48 81 1h 27 13 48 
72 34 8h 27 43 31 26 6h 18 84 
1h 43 6h 34 bh 42 7b 24 ah 48 
8a 4h bh 5b ah bh 
