0
42 34 64 32 35 83 83 81 86 84 
28 27 23 87 27 21 2h 2h 24 83 
68 61 65 81 68 65 6h 36 25 32 
62 36 31 61 36 3h 8h 38 34 13 
16 36 53 83 28 26 86 52 58 28 
32 38 53 28 42 35 43 23 42 48 
28 32 38 53 28 42 35 43 23 42 
41 43 45 4h 54 24 72 76 26 42 
45 14 25 12 42 64 67 47 24 21 
32 41 34 24 52 32 43 42 54 32 
53 43 74 76 46 34 35 13 45 14 
34 63 67 37 43 41 64 31 63 43 
54 61 45 64 14 16 46 41 34 36 
53 46 54 34 73 76 36 43 45 14 
35 13 43 64 67 47 34 31 23 41 
24 34 23 25 12 35 13 23 42 45 
14 25 12 42 34 32 53 42 54 34 
73 76 36 43 45 14 35 13 43 64 
67 47 24 21 41 24 23 52 43 54 
24 12 13 23 42 45 64 25 62 63 
23 52 43 54 24 62 61 56 21 52 
62 46 42 54 62 56 46 74 73 43 
64 65 16 45 14 64 36 37 67 46 
41 84 61 86 82 62 56 42 54 64 
76 73 63 46 45 14 65 16 46 34 
37 47 64 61 86 41 84 64 86 85 
65 46 45 14 65 16 46 74 73 43 
64 61 56 41 54 64 56 58 68 46 
48 24 68 26 28 68 26 48 24 64 
26 25 12 65 16 26 42 45 14 25 
62 64 56 24 52 62 36 37 67 26 
25 42 65 86 24 82 85 25 82 65 
86 26 72 73 23 62 68 76 28 32 
67 36 26 72 37 23 62 67 36 76 
26 32 34 24 52 74 25 62 64 24 
52 67 56 58 26 42 47 27 62 68 
56 28 52 62 76 74 64 26 25 42 
65 46 26 42 74 27 62 64 56 24 
52 62 46 47 67 26 25 42 65 86 
24 82 85 25 42 65 46 26 52 43 
25 42 32 34 24 23 52 43 25 72 
76 26 72 73 23 52 57 58 27 62 
63 23 72 78 75 85 25 72 12 75 
72 17 1h 1h 51 5h 5h 6h 6h 8h 
56 5h 4h 68 46 42 54 62 56 46 
54 57 47 64 67 56 47 54 5h 5h 
1h 58 5h 5h 7h 7h 3h 1h 3h 8h 
3h 8h 3h 8h 3h 8h 2h 3h 8h 8h 
2h 8h 3h 7h 2h 6h 3h 7h 2h 2h 
3h 7h 7h 3h 4h 3h 
