1
12 1a 15 18 13 61 a5 1a 16 a6 
7a 7h 3h 16 81 8h 87 17 a8 5a 
51 a1 31 43 23 43 64 2a 2h 3h 
5h ah 52 8a 82 46 a2 4a 42 45 
a5 65 8a 8h 7h 1h 84 68 58 56 
86 85 65 28 24 84 56 78 7h 65 
a7 56 2a 27 a7 65 8a 56 78 65 
72 82 68 58 56 86 85 65 28 27 
87 18 1h 3h 56 71 65 72 12 61 
51 56 16 15 65 21 27 17 41 47 
17 56 41 65 42 74 71 72 12 17 
27 47 42 56 61 72 64 27 56 45 
64 15 61 72 54 51 56 41 46 16 
74 61 24 27 47 42 16 54 61 72 
52 53 51 65 64 54 25 27 57 15 
14 54 75 72 52 15 16 56 21 27 
17 35 31 51 34 83 65 68 58 75 
72 52 15 14 54 61 68 62 64 6h 
25 26 56 75 25 27 57 52 72 65 
27 67 57 26 25 65 36 37 67 56 
52 62 75 76 56 a5 6a 67 a7 26 
3a 62 86 36 3h 36 83 81 31 68 
63 83 61 28 26 86 38 31 81 23 
28 38 23 26 2h 2h 1h ah 5h 7h 
4h 72 7h 76 7h 7h 1h 7h 75 73 
53 75 7h 7h 2h 4h 6h 4h 6h 4h 
6h 1h 3h 1h 3h 4h 6h 4h 8h 1h 
1h 5h 4h 8h 4h 3h 4h 
