1
1h 27 38 17 1a 1h 8h 85 12 a8 
7a 71 74 a1 5a 57 58 58 a7 67 
5a 58 a8 2a 25 a5 4a 45 a5 1a 
15 a5 65 1a 14 61 63 68 14 71 
76 16 71 78 18 21 27 2h 12 31 
37 31 a3 1a 17 41 4h a7 6a 68 
6h 46 a8 4a 4h 1h a1 6a 36 31 
83 8h ah 8a 8h 2h 61 a6 3a 36 
83 8h a6 3a 38 a8 31 63 5a 51 
5h 36 a2 83 8a 87 8h a7 37 8a 
83 a3 8a 84 82 87 8h 68 6h 67 
26 21 61 26 2h a2 3a 32 13 a2 
16 1a 15 a5 65 1a 35 13 14 a3 
8a 71 78 18 31 34 73 14 71 31 
73 72 32 83 81 78 31 73 83 28 
23 83 28 27 87 38 37 87 38 32 
73 78 72 38 53 56 36 83 82 32 
73 83 68 65 85 38 37 13 87 18 
38 13 12 71 32 73 13 81 82 78 
12 71 81 78 8h 78 7h 37 31 23 
71 27 37 23 28 38 73 78 27 38 
23 73 87 8h ah 7a 87 83 73 27 
12 71 37 38 78 37 32 83 87 37 
23 83 78 73 83 28 12 81 38 37 
87 38 31 23 81 78 71 81 48 4h 
32 53 56 36 23 5h 32 63 58 36 
53 83 85 68 35 86 18 17 1h 87 
68 53 86 18 5h 82 78 1h 54 5h 
87 38 34 63 84 68 38 73 64 86 
84 78 64 26 38 23 63 56 2h 65 
36 76 87 86 48 76 47 87 68 31 
63 5h 83 78 74 67 61 36 71 47 
87 48 63 76 78 47 8h 87 38 31 
73 81 48 37 43 83 78 73 47 83 
48 78 47 4h 24 32 ah 23 82 85 
38 25 32 82 38 35 23 28 52 6a 
86 36 43 82 68 62 56 82 58 68 
26 34 13 1h 62 86 85 28 65 26 
86 28 25 62 68 56 8h 86 48 ah 
84 68 65 16 3a 43 61 56 86 58 
57 87 68 67 16 87 18 68 16 34 
83 86 48 18 14 84 81 68 38 43 
31 43 61 86 81 78 61 76 34 73 
86 78 38 63 68 16 4h 61 86 36 
83 85 68 57 37 86 5h 63 18 15 
85 18 36 53 58 75 8h 81 68 65 
16 85 18 14 84 58 64 56 86 48 
57 65 67 46 57 45 51 86 14 1h 
65 48 71 56 75 15 61 68 76 ah 
18 51 56 85 16 81 51 65 84 78 
2a 62 68 46 28 12 58 21 64 85 
8h 12 46 16 81 26 18 ah 62 61 
21 82 87 18 64 76 14 84 26 3a 
61 48 42 43 23 83 16 ah 32 5a 
68 31 21 34 86 ah 15 62 43 13 
53 26 6a 38 31 67 13 83 3h 75 
3h 34 5h 42 4h ah 2a ah 7a ah 

