2
2h 3h 61 8a 84 84 8b 86 8h a8 
1a 18 a8 6a b7 6b 67 b7 4b a7 
4a 46 a6 1a 17 31 34 b6 36 32 
1b 17 51 b7 1b 13 12 1h b3 4b 
41 b1 4b 45 42 4h 46 b4 1b 14 
b4 a1 6b 6a 46 a4 25 6a 52 b4 
25 2b 21 b1 51 8b 15 a6 46 7a 
38 b3 51 6b 15 a7 51 6a 15 b4 
51 8b 15 a6 46 8a 64 84 68 a4 
34 86 28 7a 43 7h 34 b3 51 5b 
58 52 5h b8 58 7b 72 b2 7b 75 
b5 7b 78 71 b1 7b 76 18 7h 81 
7h 67 18 76 27 25 75 67 81 76 
27 21 24 23 71 67 4h 76 27 21 
52 5h 21 52 3h 25 62 ah 26 52 
6a 25 62 a2 6a 67 a7 2a 27 62 
a7 26 52 6a 25 62 6h 6h 56 1h 
65 46 34 63 16 6h 16 4h 61 36 
4h 63 76 1h 67 56 61 56 58 45 
68 46 56 45 67 65 76 18 65 76 
74 64 56 64 56 57 45 47 57 45 
65 46 75 64 76 bh 67 56 81 6b 
56 75 67 46 8h 64 76 57 65 46 
7h 57 56 75 56 75 65 67 57 56 
75 56 75 74 54 65 54 65 67 46 
65 46 67 46 3h 57 56 75 56 75 
65 67 57 56 75 56 75 74 54 65 
54 65 45 3h 54 56 45 56 45 65 
64 54 56 45 56 45 47 57 65 57 
65 64 76 36 74 57 65 64 76 54 
75 65 46 45 65 46 47 67 56 57 
67 56 54 85 7h 58 45 76 54 75 
54 75 1h 64 65 46 65 46 56 54 
18 8h 45 47 57 6h 75 74 64 56 
57 45 57 45 65 76 74 1h 81 6h 
16 8h 61 56 64 76 72 87 23 63 
86 53 45 53 85 65 46 75 37 76 
37 7h 67 64 56 74 57 67 46 43 
58 35 65 76 78 57 68 36 54 35 
46 76 87 45 84 4h 64 65 45 84 
bh 48 54 56 46 54 52 65 64 54 
25 65 46 45 65 86 7b 17 7h 17 
7h 57 54 74 57 52 45 72 47 57 
25 42 74 68 47 7h 26 24 54 74 
4h 45 87 64 78 1h 86 5h 47 15 
18 58 43 61 8h 85 34 16 74 51 
68 1h 47 85 51 43 2h 16 73 61 
bh 15 58 8b 34 32 42 2h 23 3h 
8h bh 3b ah 1a bh ah 
