0
4h 1h 36 28 48 4h 52 41 51 45 
41 4h 31 34 31 43 64 61 62 41 
34 31 63 41 54 25 42 84 87 47 
64 84 84 68 6h 56 58 68 56 5h 
5h 8h 6h 8h 8h 74 25 26 28 68 
58 47 46 45 65 26 42 54 52 74 
72 42 47 27 15 14 54 72 15 16 
56 15 13 53 27 65 63 53 25 75 
72 52 57 27 45 43 53 72 74 24 
27 47 42 72 85 84 54 85 82 52 
45 42 52 34 38 3h 85 83 53 43 
15 14 18 48 14 17 58 15 18 68 
16 51 36 3h 35 38 58 65 68 58 
26 25 65 26 27 67 56 57 67 25 
26 56 25 21 51 65 61 51 76 75 
65 76 71 7h 3h 61 56 51 61 35 
36 56 35 3h 63 65 26 2h 2h 35 
73 7h 7h 1h 8h 1h 8h 1h 8h 8h 
3h 73 74 78 1h 8h 1h 8h 8h 1h 
5h 5h 1h 8h 6h 1h 8h 7h 58 1h 
13 4h 4h 32 3h 86 8h 87 8h 6h 
2h 7h 2h 
