1
38 6a 31 35 21 32 68 a2 3h 6h 
3a 32 13 12 32 13 12 17 18 21 
1h a7 1a 1h 13 71 a3 17 81 7a 
18 71 a1 7a 7h 75 45 3h 23 a7 
32 1a 23 17 21 a7 12 51 2a 15 
21 a1 31 3a 32 83 a2 12 38 23 
8a 32 13 23 21 31 32 73 a8 37 
23 3a 23 a3 13 2a 24 a4 31 3a 
34 83 a4 14 38 43 8a 34 13 43 
41 31 34 73 a8 37 43 3a 43 a3 
13 1a 14 81 a4 34 18 41 8a 14 
31 41 43 13 14 71 a8 17 41 5a 
14 51 a1 34 5a 56 51 43 5h 68 
34 57 27 24 26 12 4h 21 a8 43 
7a 86 75 12 a5 34 1a 43 16 71 
a6 26 17 81 34 6a 18 31 41 43 
13 14 61 a1 34 12 16 81 43 18 
21 6a 34 12 61 a1 21 5a 68 57 
43 a7 12 1a 34 18 71 a8 75 15 
81 21 6a 12 18 51 57 17 31 41 
43 13 14 81 34 18 51 58 75 71 
43 51 75 a6 34 57 25 7a 43 52 
75 a5 34 8a 28 a2 43 1a 15 a5 
34 8a 28 a2 43 1a 81 34 18 31 
41 43 13 14 81 34 18 21 82 18 
61 43 16 a1 34 8a 28 a2 43 5a 
51 a1 34 8a 28 a2 43 5a 34 57 
65 a7 43 56 75 8a 28 57 65 a2 
56 45 5a 85 28 52 45 a5 35 8a 
28 a2 53 4a 41 a1 35 8a 28 a2 
53 5a 51 25 a1 31 6a 82 58 65 
13 a5 31 8a 28 13 a2 31 6a 13 
6h 86 31 68 76 3h 67 26 8h 68 
16 13 63 a6 82 3a 31 28 a1 82 
3a 83 23 28 26 27 82 47 28 32 
4h 28 72 83 46 27 82 32 38 43 
42 45 84 85 45 84 2h 48 54 24 
25 12 1h 45 5h 1h 4h 84 a1 48 
74 8a 47 84 86 46 84 a6 48 74 
8a 47 84 a4 2a 52 56 26 42 48 
64 28 62 42 54 65 46 24 26 52 
46 54 24 82 52 45 42 84 52 85 
45 84 83 43 84 82 62 8h 18 26 
81 28 68 62 82 86 18 26 84 28 
68 62 1h 82 86 78 18 17 87 81 
78 81 78 18 17 87 26 2h 78 71 
81 87 48 41 74 81 78 73 48 34 
ah 43 74 34 37 47 43 74 43 84 
83 78 43 74 84 78 73 7a 17 13 
73 17 1h ah 7a 17 14 21 74 27 
17 21 25 72 71 47 21 42 72 17 
1h 15 21 24 62 14 61 21 42 3h 
24 12 17 41 27 42 12 71 76 16 
21 24 32 2h 42 12 31 1h 31 7h 
67 7h 67 7h 27 17 41 73 72 67 
48 64 74 27 21 42 71 87 24 32 
2h 42 46 14 26 12 17 51 27 62 
47 64 24 72 15 61 37 23 42 41 
74 21 72 42 14 15 45 64 2h 27 
62 14 31 4h 17 31 71 26 32 46 
34 24 72 4h 27 62 48 64 83 24 
72 12 17 21 17 41 46 74 42 74 
16 71 24 21 62 78 67 27 82 38 
23 72 ah 41 27 32 4a 14 23 12 
42 74 18 21 28 32 18 51 76 57 
46 54 46 54 23 62 24 62 42 72 
87 12 81 46 84 43 84 65 13 21 
73 27 25 75 67 15 31 27 32 12 
71 34 38 48 76 27 28 62 43 84 
83 43 84 73 57 48 75 12 84 5h 
37 31 71 27 26 32 76 17 12 61 
72 67 48 34 83 76 27 16 21 71 
67 24 12 14 61 71 24 38 4h 47 
42 83 48 54 28 12 78 57 47 84 
21 82 7h 71 87 15 27 32 72 78 
17 28 48 54 51 41 84 75 17 75 
17 16 81 41 84 76 17 12 61 24 
23 62 38 48 43 54 52 42 84 43 
84 73 27 71 27 17 26 52 12 71 
12 61 15 31 75 27 75 37 74 37 
47 17 21 48 74 83 73 43 54 78 
57 47 54 14 71 14 81 72 47 72 
47 45 34 75 27 75 27 57 26 52 
26 32 21 32 12 4h 74 21 65 45 
64 74 17 54 71 57 28 42 27 42 
83 7h 75 37 46 54 26 52 62 78 
27 18 72 67 13 47 7h 21 84 43 
84 34 26 32 75 67 17 41 12 51 
4h 74 41 24 76 17 65 28 52 48 
15 75 8h 84 51 57 26 16 43 7h 
32 28 3h 81 64 67 75 45 18 6h 
52 5h 83 8h ah 2a ah 3a ah 5a 
ah 
