0
7h 43 46 4h 86 45 4h 41 46 24 
52 46 14 12 1h 42 34 82 43 84 
82 87 86 38 14 83 78 76 86 58 
53 72 7h 6h 65 78 37 3h 18 18 
1h 56 5h 51 5h 6h 3h 63 6h 5h 
35 36 3h 7h 56 38 45 43 53 84 
85 45 24 25 45 34 14 13 21 28 
18 43 51 58 18 51 52 85 81 51 
82 34 35 45 43 14 28 18 12 53 
81 41 84 28 42 14 12 61 42 35 
64 14 31 51 53 45 46 84 56 25 
48 34 28 58 35 45 34 3h 3h 7h 
6h 83 87 37 83 15 28 32 51 73 
78 15 27 87 37 51 23 83 82 32 
38 53 13 54 85 31 25 28 58 34 
14 85 82 53 58 38 25 73 78 38 
41 52 63 72 45 87 36 15 82 72 
53 47 17 37 81 83 75 13 71 74 
14 27 23 73 41 47 17 57 21 28 
18 75 71 74 51 67 54 25 14 76 
27 57 85 87 41 57 35 37 57 45 
15 14 54 21 2h 24 24 52 75 73 
53 85 81 51 65 64 6h 7h 54 15 
75 18 78 71 81 51 47 4h 58 65 
6h 6h 8h 45 36 3h 54 5h 35 3h 
2h 2h 2h 8h 8h 13 53 12 18 35 
28 38 42 63 65 6h 5h 4h 58 65 
6h 7h 3h 2h 8h 8h 4h 8h 4h 8h 
4h 5h 4h 1h 
