1
45 34 85 7a 27 37 38 57 27 24 
13 23 14 1h 86 84 64 a1 46 7a 
75 64 a5 46 7a 73 64 a3 46 5a 
53 64 a3 46 5a 57 64 a7 46 3a 
37 64 a7 46 5a 5h 52 57 54 a5 
85 85 82 84 68 7a 48 46 86 84 
38 64 83 78 73 83 a8 83 78 46 
87 18 8a 48 68 64 84 86 a8 83 
78 31 46 87 38 18 7a 81 83 48 
68 64 84 86 78 13 a8 46 7a 31 
75 7h 7h 2h 3h 78 47 38 67 64 
74 76 83 87 37 38 78 73 27 2h 
72 37 46 73 47 83 8h 74 37 64 
73 67 47 46 76 74 17 13 73 47 
67 64 74 76 37 46 73 47 67 64 
74 76 a7 46 8a 87 68 a7 84 78 
3a 46 87 38 64 a8 46 3a 37 64 
a7 46 8a 87 68 a7 84 68 3a 86 
38 46 a8 64 3a 35 46 a5 64 8a 
46 85 38 64 a5 46 3a 31 36 43 
41 31 63 61 31 63 64 34 23 21 
31 43 26 42 32 43 46 36 23 26 
42 36 43 23 42 46 4h 1h 82 48 
46 34 38 73 7h 7h 1h 7h 1h 1h 
5h 1h 5h 1h 5h 5h 48 24 52 45 
14 18 48 24 21 72 41 74 24 12 
51 25 42 47 64 27 62 42 64 68 
6h 6h 1h 48 24 28 72 48 74 24 
62 51 5h 26 42 47 64 27 62 42 
14 15 45 a4 14 3a 23 21 72 31 
73 23 52 54 24 32 37 63 27 62 
6h ah 2h 3h 8h 7h 8h 7h 8h 7h 
8h 6h 8h 8h 8h 8h 4h 4h 1h 4h 
1h 4h 1h 5h 8h 5h 
