1
8h 6h 12 18 73 14 74 7a 12 a1 
7a 46 76 72 a6 2a 26 a6 3a 37 
a7 3a 36 36 31 32 31 a1 8a 86 
83 a6 36 1a 13 a3 18 1a 17 a7 
5a 15 87 18 a1 3a 38 a8 1a 63 
65 35 a1 83 87 37 1a 23 21 31 
23 a2 3a 53 56 36 a3 1a 13 a3 
6a 65 a5 7a 78 71 81 87 17 18 
a7 6a 61 a1 6a 63 a3 1a 13 a3 
5a 53 a3 6a 61 a1 3a 35 a5 6a 
64 a4 5a 53 a3 1a 14 81 a4 18 
41 8a 14 81 a1 3a 35 a5 6a 6h 
56 53 63 65 67 68 16 18 31 68 
56 16 81 35 65 63 46 18 41 61 
a6 53 4a 46 35 a6 53 1a 16 81 
a6 35 4a 53 18 41 46 47 47 42 
35 2h 27 a4 72 8a 53 5h 27 2h 
41 a8 14 3a 35 a5 41 4a 4h 84 
5h 48 a4 14 1a 81 53 18 51 31 
35 15 13 81 53 18 51 31 5h 13 
5h 53 1h 81 3h 18 51 5h 85 6h 
58 35 7h 53 75 7h 51 a5 45 1a 
17 81 54 18 21 24 a7 2a 2h 28 
32 2h 82 3h 28 32 7h 23 82 3h 
28 32 36 26 82 7h 28 32 6h 23 
62 7h 26 32 62 63 23 26 82 36 
28 32 62 63 78 8h 36 2h 23 72 
8h 28 72 8h 87 28 32 63 26 72 
3h 87 28 32 34 83 24 82 32 83 
81 31 23 21 62 24 62 31 63 23 
62 65 36 32 13 62 16 36 23 43 
42 32 34 63 61 26 64 26 31 23 
63 16 25 32 35 13 63 16 25 32 
36 53 76 27 62 35 63 61 56 23 
42 65 46 54 26 32 64 65 16 36 
13 26 42 8h 68 24 52 86 58 28 
62 31 53 76 27 82 83 68 23 62 
82 48 3h 84 28 26 12 76 87 68 
21 62 82 38 61 56 36 13 2h 23 
62 82 38 31 23 81 78 81 78 18 
26 72 12 82 81 28 81 28 27 62 
65 76 25 72 35 13 38 13 83 86 
38 86 18 38 63 38 63 83 86 36 
38 63 38 63 27 12 36 83 36 83 
87 58 37 63 37 63 62 56 86 28 
38 73 7h 38 63 65 86 72 82 62 
56 36 23 87 58 27 37 63 68 26 
38 73 62 76 36 83 8h 85 68 62 
56 82 78 65 76 86 28 26 86 28 
21 62 17 87 68 28 62 61 86 82 
58 27 67 16 85 48 26 42 82 68 
61 56 1h 65 26 24 64 ah 72 76 
26 52 3a 63 68 76 38 73 63 86 
83 25 32 62 36 83 28 23 83 4h 
32 38 28 32 63 86 83 63 3h 38 
36 82 63 4h 58 46 6h 26 85 63 
2h 38 36 52 86 48 31 43 82 68 
17 67 26 87 24 35 64 5h 78 72 
73 46 82 48 68 26 23 82 63 28 
3h 86 32 31 21 68 8h 13 12 32 
84 5h 46 7h 23 64 32 ah 48 8a 
25 21 51 1h 17 7h 4h ah 1a ah 

