2
25 6a 72 5b 57 b7 5b 54 54 56 
a8 68 2a 56 25 a5 2a 24 27 b4 
71 2b 2h 17 82 71 68 26 a2 17 
8a 68 a6 71 5a 52 a2 75 5a 75 
76 56 85 73 7h 58 45 b7 54 85 
5b 85 a6 16 58 35 8a 61 53 85 
16 8h 61 7h 16 4h 61 a5 16 4a 
61 b5 16 1b 48 a8 4a 42 a2 8a 
82 a2 4a 47 45 47 4h 7h 7h 74 
4h 2h 28 ah 82 8a ah 8a 85 8h 
38 b5 65 83 18 56 4b 34 65 43 
14 15 12 4h 14 14 21 b4 12 31 
3b 37 31 34 4h 2h 2h 23 5h 56 
a7 32 37 13 3a 65 7h 56 5h a1 
3a 32 43 4h 46 74 7h 71 a7 4a 
b4 74 27 3b 23 73 17 14 74 37 
32 63 72 67 65 75 27 35 23 73 
47 41 71 37 32 63 72 67 37 63 
68 38 23 46 32 73 78 27 38 23 
64 32 63 72 67 56 7h 27 65 72 
67 64 26 14 62 16 13 21 63 26 
43 62 46 12 41 61 26 31 57 2h 
13 5h 58 bh 31 6b 76 78 27 68 
26 21 61 86 71 87 23 82 25 82 
52 72 17 62 16 13 63 26 73 27 
25 75 17 65 16 76 87 27 62 61 
86 bh 21 72 76 17 26 12 72 67 
14 81 7b 67 61 46 7h 27 26 32 
6h 23 52 2h 52 2h 52 3h 25 12 
18 31 28 32 12 81 64 86 2h 27 
42 16 31 24 32 12 61 68 46 18 
31 63 26 21 82 61 86 34 26 12 
72 71 67 5h 76 17 27 21 62 7h 
26 12 71 67 43 ah 76 17 21 62 
34 7a 17 68 46 16 28 62 14 72 
63 81 5h 47 86 16 51 1h 21 27 
32 72 12 61 73 16 34 2h 67 21 
14 51 76 47 65 16 41 71 67 68 
16 62 56 78 57 87 85 6h 76 58 
68 26 14 75 62 2h 41 87 86 58 
78 65 23 14 85 87 7h 46 32 51 
57 17 63 3h 71 78 18 23 bh 36 
64 4b 87 81 71 8h 12 15 25 3h 
56 57 67 ah 78 75 85 4a 51 52 
12 2h 25 5h bh 5b ah bh 
