0
4h 2h 1h 74 73 7h 7h 76 41 21 
26 21 25 75 37 31 27 23 72 71 
47 21 32 34 3h 24 62 61 63 86 
21 62 65 25 76 32 37 27 82 38 
3h 2h 5h 1h 36 82 43 83 23 42 
81 8h 48 28 52 48 25 32 38 28 
52 34 53 23 52 58 51 28 32 38 
53 28 42 43 23 72 42 74 27 24 
62 74 17 26 12 72 47 14 71 27 
24 52 74 57 5h 1h 1h 15 17 57 
15 16 56 75 76 56 85 82 8h 6h 
8h 8h 52 45 67 6h 3h 1h 54 65 
61 51 75 71 27 51 25 75 37 3h 
53 52 45 32 43 53 85 87 57 35 
34 23 54 65 6h 32 63 6h 36 73 
78 38 63 68 26 38 23 63 46 4h 
28 32 38 43 28 42 32 43 4h 24 
23 12 43 14 24 12 15 25 42 45 
34 25 32 42 54 34 23 24 52 34 
53 23 12 1h 6h 8h 4h 8h 4h 8h 
4h 8h 4h 8h 3h 8h 1h 7h 2h 1h 
3h 8h 5h 8h 5h 8h 1h 1h 8h 
