2
4a 4h 3b 3h 75 38 75 73 78 47 
46 b4 7b 73 b3 2b 87 82 72 78 
57 18 75 27 82 78 37 31 71 27 
82 78 a7 2a 82 a8 3a 37 b3 4b 
a7 4a 4h 4h 3h 6h 6h 24 82 48 
14 17 47 24 82 48 b4 2b 82 b8 
7b 71 b1 2b 82 b8 7b 76 b6 7b 
a7 47 84 5a 28 42 54 a4 5a 5h 
51 54 57 5h 4h 25 82 58 a5 4a 
45 a5 74 4a 74 71 27 41 24 84 
82 72 87 a1 2a 27 47 42 84 86 
8h 4h 3h 24 87 31 36 23 2h 2h 
1h 1h 1h 52 5h 43 24 25 45 24 
2h 52 a3 25 12 1h 73 2a 52 37 
25 b2 42 54 73 45 14 61 46 14 
8b 58 41 54 84 18 61 86 48 45 
14 85 18 12 1h 1h 1h 1h 8h 7h 
bh 58 5h 1h 61 46 24 8b 68 16 
21 41 64 86 38 37 87 68 46 14 
12 61 42 86 b4 68 16 21 5b 65 
86 78 12 31 71 73 13 83 68 56 
25 17 61 86 28 58 65 16 31 37 
17 61 56 85 82 68 16 31 52 65 
86 78 13 71 81 68 56 35 73 57 
65 86 a8 4a 64 56 15 13 61 46 
24 53 65 16 21 41 64 56 35 37 
57 65 46 14 12 61 56 35 42 74 
75 73 53 43 64 16 21 57 65 46 
24 14 61 56 35 37 57 65 16 41 
42 64 56 35 12 61 46 74 53 75 
45 64 16 a1 4a 64 62 42 54 53 
65 6h 43 64 6h 6h 1h 8h 6h bh 
2h 6h 2h 2h ah 3h 5h 3h 2h 3h 
3h 4h 7h 2h 7h 
