1
26 3a 23 57 45 28 a2 6a 63 64 
16 1h a3 6a 61 a1 61 82 5a 52 
a2 7a 72 87 a2 7a 78 72 a8 7a 
78 a7 1a 15 a5 6a 65 76 75 a7 
3a 35 63 47 56 35 a6 1a 74 53 
63 65 47 16 35 a6 53 1a 1h 7h 
2h 35 15 75 13 27 21 71 27 28 
78 57 53 73 17 18 78 21 27 17 
21 28 12 71 72 12 57 51 71 37 
31 71 37 35 75 17 15 75 17 13 
73 21 27 17 51 53 13 71 72 12 
57 51 71 37 31 71 37 35 75 17 
15 75 17 13 73 21 27 17 a1 2a 
21 28 a1 52 53 23 52 2a 52 a2 
7a 71 a1 57 2a 27 a7 52 5a 56 
a6 26 72 2a 72 76 26 a6 57 52 
5a 56 36 43 24 35 63 56 12 15 
25 32 63 26 82 84 24 52 51 21 
35 63 56 12 15 25 a2 5a 51 a1 
65 5a 36 35 65 63 53 56 36 a3 
65 7a 56 37 63 76 85 87 57 35 
63 56 85 81 51 75 71 51 37 63 
76 15 17 57 45 47 57 35 63 56 
15 18 58 35 63 56 45 48 4h 7h 
6h 58 78 7h 74 36 3h 3h 4h 35 
37 57 35 a3 7a 75 a5 57 3a 75 
37 32 31 41 48 74 a4 34 34 57 
53 54 34 74 15 13 53 17 65 5a 
71 35 31 51 67 64 6h 74 a4 13 
1h 15 17 57 15 12 52 75 72 52 
67 6h 65 3a 56 43 45 35 43 47 
37 53 57 37 65 63 53 45 43 53 
45 46 56 35 36 56 35 34 54 73 
75 35 73 76 36 53 56 36 85 83 
53 a5 7a 87 85 8h 75 82 37 35 
75 28 63 82 67 37 28 23 83 82 
32 38 28 73 76 36 82 57 28 53 
73 82 a7 28 1a 82 81 21 28 18 
12 82 31 35 15 28 63 82 61 31 
28 63 67 6h 37 64 82 8h 46 4h 
13 17 37 51 53 13 61 64 14 31 
35 15 73 71 31 23 28 2h 38 13 
17 37 51 53 13 41 46 4h 16 31 
35 15 63 61 64 14 34 81 83 13 
82 8h 31 32 12 53 51 31 83 8h 
1h 7h 5h 8h 1h 7h 5h 7h 5h 7h 
7h 2h 4h 2h 4h 2h 4h 3h 4h 2h 
6h 6h 2h 4h 8h 2h 4h 2h ah 8h 

