2
4a 2b 47 28 a8 4a b2 4b 48 38 
43 b3 4b 64 64 68 63 63 65 a6 
46 4a 34 a4 64 6a b6 28 3b 36 
b6 3b 35 b5 6b 65 b5 82 3b 63 
56 53 63 28 26 86 2h 4h 68 24 
b2 6b 36 35 65 a6 46 5a 53 a3 
4a 43 54 a3 63 45 b4 6a 86 64 
16 18 14 7b 74 7h b4 6b 16 12 
62 56 57 52 51 72 62 16 76 15 
12 81 47 18 41 71 74 14 7h 41 
a7 37 8a 14 3h 41 a8 14 7a 73 
41 a3 14 7a 87 41 78 47 17 14 
61 65 86 15 81 61 46 76 74 17 
18 51 78 37 15 31 71 87 64 78 
37 32 72 87 46 78 17 12 81 72 
87 17 41 61 64 76 78 57 14 68 
56 41 76 47 17 14 81 74 18 61 
65 36 15 31 61 86 35 47 68 36 
b3 74 8b 86 47 b6 74 7b 17 15 
81 83 75 87 37 17 81 31 38 36 
83 13 18 31 b6 46 13 81 31 38 
53 64 18 8b 35 83 46 38 43 63 
64 34 36 53 b1 35 43 8b 34 83 
82 81 85 71 2h 17 a5 71 8a 17 
8h 58 46 85 48 68 64 84 86 58 
46 85 48 68 64 71 2h 84 86 58 
46 85 48 68 64 25 17 b3 52 84 
86 58 46 85 48 68 64 25 71 7b 
52 84 73 27 86 58 78 57 46 27 
87 82 78 b3 82 78 75 47 13 74 
67 85 68 74 37 71 67 87 48 13 
87 48 46 86 58 76 85 78 25 87 
68 31 5b 86 78 13 87 48 43 54 
83 68 45 14 b2 86 78 73 57 83 
58 63 85 68 75 67 87 58 41 54 
28 24 84 82 58 42 85 48 45 74 
34 76 57 87 58 43 46 54 84 28 
36 82 78 74 57 84 58 78 57 63 
75 27 2b 42 72 47 b7 36 4b 48 
54 63 45 24 b8 42 74 78 57 48 
54 74 57 36 5b 56 53 53 25 6h 
52 85 25 28 58 52 85 52 85 25 
28 36 8h 63 3h 3h 63 8h 36 3h 
28 bh 82 5b 52 85 5h 85 2h 58 
65 63 53 85 6h 58 65 5h 85 8h 
84 68 61 46 81 48 68 26 25 65 
86 84 18 1h 64 56 52 62 46 4h 
47 14 1h bh 5b 75 7h 27 3h 72 
37 7h 27 7h 27 7h 27 26 76 27 
25 75 67 65 75 27 5h 72 57 76 
57 67 65 26 3h 62 56 76 75 67 
38 8h 76 57 67 65 26 7h 62 56 
75 27 3h 83 28 6h 56 57 67 26 
58 35 3h 3h 43 74 78 48 34 31 
41 84 87 47 84 82 78 74 26 76 
47 87 18 13 83 78 76 6h 37 31 
71 37 3h 63 62 42 3h 14 13 37 
7h 23 26 36 7h 63 67 37 2h 73 
76 36 bh 62 67 27 5b 73 76 36 
bh 62 65 25 8b 57 56 76 bh 63 
62 32 4b 28 26 86 bh 65 67 57 
7b 76 6h bh 1b bh 6b ah bh 
