1
7h 5h 73 52 63 7a 13 56 a2 3a 
34 a4 5a 57 58 65 a7 56 75 3a 
57 35 36 53 65 a3 56 25 6a 52 
65 a5 4a 43 a3 5a 56 25 a6 52 
65 2a 56 25 a5 15 1h 1h 1a 1h 
1h 21 26 25 21 2h 3h 7h 7h 28 
27 62 34 3h 3h 23 62 65 25 42 
43 23 42 62 48 64 a8 6a 63 6h 
46 47 67 56 52 62 86 84 64 26 
25 65 a6 4a 48 a8 4a 46 a6 3a 
48 34 a4 3a 35 a5 4a 45 74 a5 
47 24 7a 42 74 a4 7a 78 71 87 
8h a7 4a 47 34 a7 4a 24 21 72 
41 74 24 82 86 26 42 47 34 27 
32 3h 7h 31 73 a1 37 63 68 38 
73 3a 73 a3 7a 78 37 a8 73 67 
3a 38 63 73 57 5h 8h 64 36 34 
53 64 56 36 53 15 31 63 65 16 
35 13 63 56 53 63 56 51 61 36 
31 61 36 35 13 65 16 65 86 35 
83 63 56 51 61 86 84 64 36 34 
53 64 56 36 13 16 36 13 15 35 
63 65 35 63 61 56 31 53 31 83 
61 86 82 62 56 5h 32 13 16 36 
13 15 35 63 65 35 43 48 38 53 
56 36 53 51 31 63 61 31 43 42 
32 13 16 36 13 15 35 63 65 35 
83 82 32 53 56 36 53 51 31 63 
61 31 83 8h 8h 7h 8h 6h 3h 5h 
ah 1h 1h 2h 1h 2h 1h 2h 1h 1h 
4h 4h 2h 5h 5h 5h 2h 1h 4h 4h 
2h 1h 1h 2h 8h 2h 
