3
7h 2a 2b 26 2c 25 a5 1a 17 21 
28 41 c2 1c 25 72 65 c1 4c 64 
54 27 67 c2 3c 34 38 24 c2 3c 
23 b2 1b 16 b6 7b 72 b2 6b 61 
b1 3b 31 b1 2b 27 b7 2b c2 5c 
52 c2 5c 51 c1 4c 43 42 32 c2 
4c 41 74 c1 31 2c 21 c1 47 8c 
85 74 c5 47 1c 12 74 c2 47 8c 
85 82 74 2h 47 a5 74 2a 58 21 
a1 85 8a 47 86 83 18 74 81 b8 
78 7b 48 7h 76 74 74 17 12 72 
57 2h 75 27 71 27 17 12 72 71 
57 48 75 37 36 13 23 21 31 32 
13 32 13 23 76 17 32 84 71 57 
31 53 73 57 a7 37 21 3a 13 32 
13 48 31 43 83 84 34 38 13 48 
31 53 21 35 23 13 12 32 31 23 
84 32 83 43 48 38 34 13 84 31 
23 31 a3 73 7a 48 75 67 a5 76 
57 12 84 37 35 73 21 35 63 5a 
12 48 36 13 23 21 31 32 13 84 
a7 31 63 5a 12 48 36 13 23 21 
31 32 13 32 13 84 31 73 75 17 
48 71 27 35 63 72 87 36 43 73 
27 84 72 87 47 48 43 78 a4 54 
21 87 3a 45 37 38 63 a7 54 36 
13 45 1a 32 43 53 54 34 35 43 
a1 35 23 31 43 53 6a 12 54 34 
35 43 21 35 63 a3 54 7a 78 a8 
45 3a 54 36 13 45 a6 32 43 53 
54 34 35 43 21 34 63 5a 12 36 
43 45 35 43 a3 21 4a 14 42 34 
54 53 43 45 34 21 43 24 14 12 
42 41 54 34 35 45 43 84 87 47 
34 54 53 43 45 34 21 43 24 14 
12 42 41 54 34 35 45 43 14 53 
41 24 41 c4 35 1c 53 a4 35 1a 
21 c1 53 5c 54 c4 34 1c 43 a2 
34 1a 43 c2 34 5c 43 a1 21 5a 
12 57 56 58 5h 65 a7 21 56 15 
34 1a 52 65 c7 56 35 37 13 57 
15 16 35 63 1c 36 53 56 15 36 
13 47 53 65 a5 74 1a 47 c3 74 
5c 56 25 c6 56 15 62 47 51 65 
25 26 56 52 65 1c 56 15 74 c5 
47 1c 18 1h 1h 4h 61 12 61 6h 
21 c8 12 6c 21 a5 12 1a 31 c6 
13 61 63 13 61 6c 65 c5 15 61 
2c 16 21 23 13 61 c3 16 21 25 
62 15 61 21 62 6h 6h 6h 3h 7h 
3h 4h 4h 7h 3h 5h ah 7h 3h 4h 
3h 7h 7h 3h 8h 3h 5h 7h 7h 7h 
1h 5h 8h 3h 7h 5h 8h 5h 8h 1h 
8h 2h 8h 5h 7h 5h 5h bh 
