1
6h 46 13 47 51 6a 67 64 6h 61 
6h a7 1a 16 14 61 46 16 14 64 
a4 14 6a 16 17 61 a6 1a 12 31 
52 13 51 56 5h 3h 85 48 46 86 
84 86 38 16 81 83 8h 35 18 31 
85 81 38 3h 7h 3h 36 3h 8h 5h 
6h 43 48 38 13 51 35 23 a2 1a 
51 a5 8a 84 58 a4 85 48 1a 51 
84 28 32 13 a1 35 43 5a 34 53 
13 15 21 a5 12 41 8a 38 14 21 
83 28 a8 3a 53 a5 2a 21 28 28 
a2 81 3a 53 18 5h 58 35 38 43 
58 45 35 83 a8 3a 53 54 25 34 
23 25 21 82 a8 2a 82 a8 5a 53 
45 a3 54 15 2a 12 52 45 13 41 
51 25 23 42 53 45 25 42 43 4h 
8h 83 6h 38 6h 83 a3 61 6a 65 
a5 15 1a 16 81 8h ah 1a 81 8h 
84 68 6h 46 4h 2h 52 58 28 a2 
4a 84 85 45 34 32 42 54 58 48 
24 3h 42 84 85 45 34 5h 58 1h 
21 43 24 14 81 23 42 43 54 23 
52 18 31 42 34 2h 14 81 25 32 
85 38 28 42 48 54 28 32 45 34 
24 82 15 71 7h 28 42 46 84 26 
82 42 84 86 28 24 62 84 68 63 
83 48 23 42 82 58 43 24 23 52 
43 74 25 72 42 54 84 58 57 45 
48 24 58 75 42 74 54 75 78 7h 
ah 1a 21 28 32 18 31 21 82 ah 
28 12 13 81 23 82 12 81 2a 21 
82 3h 28 12 18 31 28 32 12 81 
2h 23 82 12 81 2h 21 82 85 18 
54 24 81 ah 32 38 28 12 14 81 
24 32 18 31 21 82 81 38 21 32 
82 18 8a 18 8h 18 16 21 86 48 
12 41 1h 41 2h 14 61 27 62 12 
71 61 26 21 42 61 46 26 12 1h 
4h 54 65 64 16 54 61 7h 15 46 
47 67 46 51 75 76 17 56 71 ah 
65 67 64 57 8a 76 15 48 78 68 
51 ah 17 13 73 2a 86 85 31 37 
58 68 17 ah 72 73 23 8a 35 8h 
36 84 63 53 41 ah 37 32 14 23 
73 3a 48 3h 84 ah 46 6a 4h ah 
3a ah 
