2
47 24 71 72 76 38 7a 12 7b 7h 
8h 74 87 21 b8 a8 12 7b 21 5a 
12 57 a7 5a 5h 4h 21 b5 3b 12 
34 36 b6 21 4b 46 12 b6 21 5b 
53 b3 12 a5 21 8b 12 4a 42 43 
b4 2b 21 b1 48 7b 75 b5 84 57 
6b 48 75 17 12 72 67 84 b7 48 
2b 21 b1 84 6b 48 a6 84 7a 76 
a7 76 b7 48 8a 8b a4 7a 87 82 
85 12 b7 21 8b 8h ah 48 87 28 
18 12 82 81 78 84 38 8a 48 21 
87 28 18 12 82 81 78 84 38 a8 
21 3a 47 12 32 74 a2 47 8a 82 
78 a2 84 28 4a 82 68 6h a7 8a 
18 74 81 38 37 a3 8a b8 3b 43 
74 37 13 18 16 38 43 74 37 63 
b3 4b 74 b7 6b 61 b1 3b 31 73 
b1 47 34 13 4b 31 43 73 b7 6b 
65 64 64 54 b4 64 63 67 46 4b 
45 b5 65 46 1b 64 16 15 65 46 
b5 64 86 6b 86 83 48 63 46 86 
48 b3 4b 64 68 16 48 24 61 26 
46 14 2h 41 64 1h 46 14 b2 6b 
62 16 1h 5h b2 4b 14 13 21 3h 
12 b1 4b a4 1a 21 b4 12 81 6b 
86 16 a1 6a 68 26 a8 62 56 6a 
56 51 61 26 a1 62 16 2a 61 26 
a6 5a 58 a8 6a 62 16 a2 61 26 
1a 62 16 18 68 26 a8 62 56 1a 
51 61 56 54 64 16 14 21 64 26 
16 a1 6a 62 86 a2 68 26 8a 62 
86 81 61 26 a1 62 16 2a 61 26 
a6 8a 84 a4 6a 62 16 a2 61 26 
1a 62 16 14 64 26 a4 62 36 1a 
31 37 17 21 67 26 16 b1 6b 62 
86 b2 68 26 8b 62 86 b6 5b 65 
68 36 58 35 65 26 31 23 63 56 
51 35 32 83 52 85 35 23 61 76 
2h 67 56 58 25 68 26 27 67 26 
57 25 21 65 26 2h 72 3h 23 37 
23 73 4h 37 3h 23 28 52 51 85 
21 82 52 85 83 28 25 12 8h 38 
7h 21 52 58 15 28 12 52 85 4h 
58 25 21 82 51 85 25 72 71 21 
52 58 15 28 12 52 85 2h 27 12 
58 15 25 72 4h 27 52 51 85 21 
82 52 15 83 78 85 18 78 58 57 
85 57 85 81 28 51 35 82 78 8h 
28 25 12 85 18 28 52 4h 25 82 
81 58 21 52 82 78 17 81 28 25 
12 85 18 28 42 2h 42 8h 24 52 
81 58 28 12 53 75 52 15 75 25 
27 82 57 48 24 82 83 58 51 35 
25 32 81 58 52 15 82 18 58 75 
8h 57 25 81 28 58 15 23 12 4h 
84 52 35 85 48 5h 84 18 2h 53 
15 28 42 3h 24 82 85 78 25 72 
82 58 78 75 85 87 28 25 72 85 
78 71 81 58 21 52 51 21 52 81 
58 28 12 57 45 8h 21 72 54 15 
82 18 58 25 27 82 57 15 28 12 
52 85 82 18 52 15 85 28 2h 7h 
57 51 25 27 42 4h 57 45 4h 46 
36 73 1h 56 37 ah 65 73 8a 78 
56 75 38 73 ah 53 85 83 68 53 
65 64 54 35 84 38 58 35 31 83 
85 18 35 43 87 48 46 86 58 36 
53 57 83 2a 35 78 72 82 53 ah 
38 65 32 63 82 68 84 53 46 3a 
28 25 85 28 36 53 58 65 38 63 
53 85 21 82 81 52 2h 38 15 25 
12 83 58 52 35 82 53 2h 38 25 
21 51 83 3h 12 15 25 34 6h 48 
ah 52 84 25 5a 43 57 7h 34 ah 
46 6a 4h ah 1a bh 7b ah bh 
