1
6h 8a 76 16 25 47 a4 6a 87 8h 
8h a6 8a 87 a7 2a 28 2h 82 78 
73 83 a8 7a 72 a2 8a 38 32 82 
a8 5a 58 5h a8 1a 1h a8 2a 23 
a3 2a 27 a7 3a 37 a7 2a 28 a8 
4a 23 2h 73 a4 72 7a 78 a8 4a 
28 72 7h 7h 73 7h 3h 5h 8h 17 
a4 6a 21 62 a2 8a 81 a1 6a 64 
74 a7 3a 31 a1 7a 27 26 76 32 
37 a3 1a 12 a2 1a 18 a8 3a 34 
a4 7a 67 64 74 a7 1a 17 1h a7 
1a 31 3h ah 6a 36 3h 2h 2h 4h 
a6 43 5a 15 36 81 73 64 83 87 
37 38 a3 5a 27 46 a5 7a 62 78 
a8 2a 42 a6 8a 18 51 24 52 57 
45 65 12 41 56 51 45 42 52 65 
87 56 15 12 41 52 45 42 43 78 
15 41 87 4h 78 4h 84 4h 84 4h 
84 7h 78 2h 62 87 48 24 7h 46 
74 73 67 72 67 43 64 74 67 65 
46 47 34 67 36 46 74 24 27 47 
42 64 63 76 62 76 43 74 64 36 
75 47 45 34 75 37 25 31 83 84 
71 87 47 64 76 47 37 23 64 56 
52 63 46 32 35 73 25 37 23 48 
24 34 73 78 38 23 71 47 61 26 
74 27 81 67 46 43 74 63 56 72 
87 17 18 78 65 36 71 37 67 26 
81 46 74 54 57 47 45 74 45 74 
18 47 64 34 73 74 87 34 83 71 
87 54 78 57 38 53 73 47 73 47 
37 34 74 73 47 73 47 18 45 75 
37 75 37 34 83 74 87 31 83 54 
38 53 78 47 45 75 47 37 43 46 
74 73 67 43 84 62 86 46 34 72 
37 32 83 72 87 37 53 34 23 53 
43 45 34 45 34 32 73 78 27 38 
23 73 67 43 24 68 26 78 37 46 
34 36 83 74 87 37 13 54 37 63 
5h 71 36 43 45 35 73 78 67 47 
64 38 73 74 87 17 18 78 71 47 
81 74 87 62 46 42 84 36 83 43 
64 73 27 46 14 6h 43 24 31 74 
37 64 36 76 47 38 43 42 64 32 
83 46 84 34 63 64 26 76 47 37 
13 7h 31 23 7h 67 63 56 3h 65 
16 ah 61 56 6a 16 5h 61 46 57 
32 53 73 75 27 48 54 57 47 84 
52 64 76 36 37 43 4h 64 47 14 
1h 13 6h 36 25 2h 72 63 56 7h 
31 76 75 17 3h 13 18 38 8h 63 
81 36 53 63 65 16 5h 61 ah 16 
4a 34 35 45 61 ah 13 38 2a 84 
56 53 63 41 ah 32 16 35 61 7a 
14 25 41 ah 13 38 8a 56 57 67 
7h 75 5h 8h 1h ah 5a ah 
