1
4h 8h 1a 23 25 25 21 41 23 23 
2h 62 68 6h a3 5a 28 52 a2 6a 
68 58 54 64 a6 56 2a 28 52 a8 
5a 57 65 67 57 a6 15 1a 16 a6 
56 85 82 52 85 81 51 85 8a 87 
a7 8a 57 85 87 48 46 86 84 78 
18 17 87 81 a8 2a 27 64 a7 6a 
21 62 a2 8a 28 48 42 82 84 78 
24 71 a1 2a 26 72 a6 5a 75 25 
12 81 46 58 57 87 64 65 18 45 
46 17 87 56 68 64 84 56 38 35 
85 68 48 46 86 84 a8 7a 27 42 
62 64 24 26 72 71 46 21 32 36 
26 72 34 27 12 37 27 12 a2 7a 
71 21 27 12 a1 27 12 4a 71 27 
42 a2 7a 17 a1 5a 56 15 a6 71 
57 45 7a 17 54 15 a5 7a 71 51 
57 15 a1 57 15 4a 71 57 45 a5 
7a 17 a1 2a 25 12 a5 71 27 42 
7a 17 a1 4a 46 14 6h 41 34 32 
3h 31 83 18 8h 18 7h 87 28 6h 
71 82 18 7h 81 78 8h 78 72 82 
78 a6 87 18 7a 81 78 73 83 78 
a3 87 18 7a 81 78 a8 2a 23 a3 
8a 87 18 a7 81 78 1a 87 18 13 
83 78 a3 87 18 12 82 78 7a 1h 
18 14 15 71 a1 8a 81 78 67 6h 
65 2h 56 a1 65 7a 75 76 56 7h 
65 7h 67 7h 27 3h 72 57 56 76 
27 3h 72 57 6h 75 67 6h 75 27 
ah 72 57 56 76 27 7a 27 21 52 
71 57 27 52 54 75 72 37 52 35 
31 51 25 71 27 57 35 24 62 67 
27 32 52 75 76 56 75 74 27 54 
35 72 37 57 25 27 42 57 45 25 
72 38 43 2h 52 53 75 23 72 52 
35 78 47 1h 53 25 28 32 58 35 
25 42 37 53 57 85 37 83 53 75 
24 82 6h 57 35 32 73 52 75 35 
73 74 57 53 25 73 27 28 42 57 
65 1h 53 75 78 37 76 37 58 35 
75 47 32 53 52 85 32 83 53 65 
5h 35 38 23 58 25 35 23 27 52 
53 85 63 26 32 58 35 25 82 1h 
28 52 53 65 18 56 15 85 81 51 
58 35 25 72 32 53 52 85 62 58 
65 25 26 36 53 52 85 32 83 53 
25 74 87 62 56 35 37 23 57 25 
35 23 24 52 53 75 23 72 52 35 
78 37 34 83 74 27 54 65 46 72 
47 57 25 23 72 53 45 27 12 2h 
42 6h 76 75 37 24 32 38 43 28 
52 78 47 53 85 23 82 52 65 3h 
63 74 87 36 56 25 27 12 2h 42 
51 75 24 82 72 37 52 45 73 17 
3h 72 67 35 13 3h 23 76 27 37 
23 28 72 73 57 31 38 13 23 12 
7h 37 32 83 72 87 37 23 27 21 
72 32 73 78 27 23 82 31 54 15 
12 31 75 1h 53 47 52 65 32 63 
53 25 74 17 7h 47 ah 52 35 36 
23 56 25 74 35 5a 27 43 57 65 
34 63 53 75 72 47 3h 36 23 53 
65 74 67 57 35 32 73 52 45 65 
75 27 35 23 21 73 18 5h 52 57 
54 85 27 32 35 73 25 42 64 72 
57 32 43 7h 57 58 25 23 53 85 
75 37 26 32 72 57 34 63 75 27 
46 34 72 6h 23 47 27 52 37 25 
6h 73 7h 52 74 25 1h 46 ah 57 
64 75 3a 42 ah 51 24 15 5a 46 
58 64 8h 47 4h ah 7a ah 8a ah 

