0
5h 5h 42 83 48 4h 52 43 57 47 
56 52 45 4h 25 2h 6h 24 21 41 
54 51 35 41 34 36 46 56 74 75 
45 74 73 7h 7h 6h 47 54 57 47 
35 34 54 65 63 53 65 6h 67 6h 
1h 6h 21 26 28 27 58 45 25 46 
54 56 85 46 74 84 87 47 57 85 
45 34 37 47 14 1h 1h 3h 13 1h 
5h 16 51 35 36 56 35 32 38 13 
58 15 16 35 13 12 31 53 52 85 
32 83 81 53 85 8h 8h 38 31 63 
81 68 61 6h 38 13 16 36 83 86 
18 36 13 83 18 15 71 7h 85 38 
35 73 85 78 72 7h 82 68 32 63 
83 68 65 6h 7h 85 38 35 73 85 
78 38 73 7h 4h 1h 5h 5h 2h 5h 
2h 5h 2h 5h 5h 8h 5h 8h 5h 5h 
2h 2h 6h 2h 6h 2h 2h 6h 3h 6h 

