2
2h 2h 6h 21 56 3a 2b 27 23 26 
a7 12 3a 21 32 34 3h a2 3a 31 
36 b1 13 18 38 13 1b 14 b1 31 
73 3b 73 b3 8b 81 b1 7b 7h 2h 
76 7h 2h 74 12 18 28 a2 8a 81 
a1 4a 42 a2 1a 18 a8 4a 47 a7 
8a 81 a1 2a 27 a7 2a b2 1b 18 
b8 3b 32 b2 83 81 31 43 1b 18 
14 84 b4 3b 43 48 38 13 43 41 
4h 45 42 84 83 43 48 14 15 38 
41 54 14 15 1h 45 a1 54 7a 83 
71 45 a1 38 3a 54 34 35 45 a5 
85 13 17 37 58 13 85 1a 1h 6h 
58 51 81 85 84 28 15 14 71 82 
54 73 13 28 51 82 41 45 15 14 
28 a1 54 3a 82 37 31 71 45 28 
a1 54 83 45 8a 32 13 54 17 37 
45 43 53 54 34 35 45 73 54 71 
31 45 a3 83 54 68 6h 45 65 64 
6h 54 16 1h 5h 8a 84 8h 8h 4h 
18 71 7h 72 17 23 13 83 51 5h 
38 73 47 41 71 37 83 48 45 85 
18 15 85 38 73 57 51 71 67 68 
78 57 54 74 57 56 76 87 83 73 
17 14 74 37 38 78 67 65 75 87 
83 73 47 41 71 47 45 75 17 15 
75 37 38 78 47 46 76 54 51 41 
57 56 76 54 57 47 84 83 43 14 
16 46 34 38 48 74 75 45 37 34 
74 32 3h 87 84 74 67 61 71 47 
48 78 47 42 72 54 5h 87 82 72 
17 16 76 27 28 78 a7 8a 82 a2 
8a 68 61 81 68 64 84 18 14 84 
68 65 85 48 41 81 48 45 85 18 
15 85 b8 7b 57 51 71 57 54 74 
57 56 76 17 58 14 74 85 67 58 
68 78 57 5h bh 2h 4h 2h 4h ah 
1h 67 56 36 51 5h 2h 4h 1h 2h 
4h 4h 2h 8h 6h 2h 8h 6h 2h 8h 
8h 2h 2h 7h 6h 7h 
