0
74 7h 6h 54 74 34 3h 87 81 21 
87 8h 8h 37 3h 85 38 35 37 23 
27 2h 26 28 24 62 64 24 64 72 
76 26 72 75 25 72 78 28 72 7h 
47 4h 4h 2h 62 65 25 62 63 46 
4h 2h 62 64 24 56 52 62 56 58 
68 26 28 68 12 16 18 68 56 28 
52 62 56 75 27 26 76 42 47 27 
42 41 21 42 43 23 72 71 21 67 
62 64 56 24 52 62 74 86 87 8h 
67 56 58 54 75 78 17 58 15 75 
17 13 73 17 61 56 53 15 63 16 
18 13 1h 17 31 56 35 15 31 37 
3h 17 51 57 17 45 21 27 17 42 
41 21 42 51 45 25 42 4h 8h 7h 
46 4h 4h 2h 1h 1h 6h 5h 8h 7h 
8h 7h 8h 7h 8h 7h 8h 7h 8h 7h 
7h 1h 8h 3h 8h 3h 3h 3h 5h 8h 
6h 8h 6h 8h 
