1
54 61 21 5a 57 a7 4a 45 41 34 
36 32 a5 46 7a 76 74 78 73 64 
a4 12 5a 53 a3 21 4a 46 a6 12 
4a 21 43 4h 12 a3 21 2a 24 2h 
27 a4 14 2a 21 23 a2 63 6h 1a 
41 a4 5a 54 51 a5 8a 84 a4 2a 
32 36 26 42 41 21 72 71 21 72 
78 17 28 12 72 17 14 74 27 24 
82 74 87 27 62 63 23 72 78 17 
28 12 72 37 36 76 27 21 32 71 
37 27 32 35 25 72 75 87 25 82 
72 37 32 83 8h 72 87 8h 8h 6h 
18 65 81 68 58 56 86 85 18 65 
81 a8 78 37 2a 56 73 27 a7 65 
2a 56 23 62 a3 25 62 1a 26 12 
56 21 52 62 65 25 26 12 56 21 
72 73 17 23 12 72 67 a2 76 27 
5a 72 57 a7 67 5a 53 a3 76 7a 
73 17 a3 63 5a 25 71 27 57 15 
25 72 75 17 25 12 18 1h 78 17 
12 1h 6h 51 a2 15 21 71 57 7a 
17 12 51 72 57 58 45 4h 17 21 
a7 12 71 5a 75 15 21 78 57 58 
25 78 27 15 41 4h 72 57 52 45 
72 47 57 35 3h 3h 7h 74 27 37 
3h 67 6h 4h 2h 16 71 32 17 31 
21 23 13 12 61 68 18 71 32 17 
31 21 23 13 12 71 32 17 61 6h 
ah 5h 8h 7h 8h 7h 8h 7h 4h 4h 
3h 3h 8h 2h 8h 2h 4h 3h 8h 2h 
8h 8h 8h 45 4h 5h 6h 37 3h 3h 
3h 7h 1h 8h 
