2
14 6h 1a 1b 14 b4 a4 1b 1a 18 
b1 8b 61 6h b8 1b 31 63 a6 73 
1a b1 6b 67 b7 1b 17 a1 3a b7 
6b 36 a6 1a b1 7b a7 1a b1 6b 
63 46 b3 7b 17 41 61 76 b7 6b 
a6 46 4a 48 46 41 4h 4h 7h b7 
a8 6b 68 b8 6a 86 1b 16 18 b6 
3b 31 b1 3b 35 38 48 34 3h 3h 
45 a3 8a 68 a6 54 3a 53 43 45 
64 35 46 a4 53 8a 68 35 a6 3a 
83 68 36 b3 4b 14 13 81 68 43 
54 86 18 51 53 13 81 43 84 64 
68 48 46 84 46 84 64 68 48 46 
54 54 16 21 24 4h 14 81 68 16 
71 72 12 81 68 16 71 73 13 81 
68 16 21 23 13 81 68 16 a1 71 
8a 68 a6 4a 47 a7 4a 34 32 42 
84 68 46 34 31 41 84 68 46 24 
21 41 84 68 46 a4 8a 68 a6 1a 
12 a2 8a 68 a6 1a 13 a3 8a 68 
a6 7a 74 a4 8a 68 a6 7a 72 2h 
ah 6a b7 57 8b a6 8a 87 a7 67 
8a 76 b7 8b 85 b5 8b a5 8a 81 
28 23 83 82 87 2h 76 21 82 67 
8h 78 4h 86 48 46 14 86 18 48 
64 4h 84 81 68 41 64 84 68 76 
87 48 46 14 86 18 48 64 67 47 
84 81 68 41 64 84 18 65 16 3h 
86 48 45 64 85 18 68 56 48 54 
64 86 36 38 68 63 46 45 84 43 
84 65 86 46 74 75 45 64 68 56 
48 54 64 86 36 38 68 63 46 45 
84 65 86 46 84 63 81 78 36 34 
64 63 46 63 46 41 74 84 18 68 
36 4h 68 16 47 84 43 84 86 58 
46 54 57 47 64 87 68 48 54 61 
86 81 58 48 14 64 76 7h 78 4h 
41 84 47 84 85 18 45 14 84 58 
78 75 85 87 48 41 74 8h 18 47 
54 47 54 81 58 48 74 7h 75 85 
87 58 48 14 4h 74 4h 84 85 78 
45 74 84 58 1h 71 72 47 41 54 
57 47 54 87 58 41 54 84 78 14 
87 58 52 75 41 57 45 48 74 58 
75 45 84 14 74 71 57 54 15 74 
17 57 85 18 71 75 47 15 41 45 
15 81 4h 41 54 74 57 51 71 47 
41 54 58 15 75 17 48 54 18 45 
14 78 57 58 35 78 37 57 35 4h 
74 75 87 45 84 74 37 32 72 57 
3h 75 47 48 54 78 57 47 84 52 
35 5h 35 1h 21 53 85 12 81 51 
75 41 84 57 85 45 74 72 17 42 
84 8h 18 78 57 17 81 54 18 b5 
81 87 38 6b 76 16 71 74 67 61 
46 71 47 83 28 45 82 67 14 a8 
16 46 74 14 21 1a 61 64 56 14 
31 76 47 58 45 75 47 46 54 57 
65 47 64 54 75 68 76 56 45 48 
24 13 21 41 64 67 36 58 75 78 
27 58 15 48 24 74 27 63 26 2h 
2h 2h 2h 5h 2h bh ah 8h 1h 8h 
4h 8h 4h 8h 7h 8h 6h 8h 3h 8h 
3h 8h 
