1
5h 1a 85 61 a1 6a 63 61 62 61 
86 8h 7h a8 5a 51 a1 5a 65 a6 
3a 36 35 a6 46 4h 2h 2h 3h 3a 
36 3h 36 73 76 37 a3 57 5a 53 
5h 4h 6h 8h a3 2a 24 a4 5a 73 
25 2h 21 81 83 28 42 6h 65 24 
82 a5 28 52 56 26 42 5a 45 25 
82 85 68 25 62 82 68 a6 2a 28 
62 82 86 18 a2 81 68 8a 68 63 
83 28 a3 82 18 8a 28 23 83 18 
15 85 18 a5 81 58 2a 12 85 18 
28 12 14 24 82 84 18 24 12 16 
16 82 48 1h 84 68 1h 86 48 17 
41 81 48 42 82 48 4h 41 41 54 
5h 41 64 3h 46 14 15 45 14 5h 
41 54 3h 45 14 54 51 41 45 14 
45 14 54 51 36 4h 45 34 4h 54 
6h 45 14 63 41 64 67 16 47 14 
54 12 41 52 12 51 64 56 16 41 
46 24 46 24 64 62 12 41 46 24 
16 21 61 58 25 65 15 62 12 51 
12 51 41 84 56 15 21 52 15 37 
48 51 73 2h 64 85 24 65 26 65 
76 45 15 42 54 52 42 54 67 56 
21 46 14 26 46 24 58 25 45 84 
15 61 15 61 51 56 16 15 61 15 
61 28 42 64 68 26 48 24 18 51 
18 51 64 56 16 41 42 84 46 84 
12 81 41 64 41 64 82 62 86 42 
14 42 74 68 76 58 75 65 86 21 
45 34 4h 14 42 14 16 51 46 54 
57 85 14 21 4h 16 21 47 64 41 
64 14 16 41 16 21 58 25 15 81 
45 64 45 64 54 56 46 45 64 45 
64 28 12 61 68 26 18 21 48 54 
48 54 61 56 46 14 12 81 16 81 
61 68 42 14 37 86 46 84 45 84 
15 61 15 61 64 56 61 56 16 15 
21 5h 12 61 65 46 15 81 41 24 
61 56 51 61 56 54 75 3h 57 45 
65 16 48 14 64 56 58 45 46 14 
56 25 4h 64 52 65 45 14 64 56 
54 85 64 86 51 25 65 46 15 18 
41 61 86 56 46 45 14 16 51 46 
54 14 61 52 75 73 53 25 82 78 
6h 87 48 45 64 48 64 45 24 64 
56 6h 86 85 48 65 76 42 74 64 
56 82 78 52 62 46 48 54 68 26 
45 24 64 86 ah 68 46 45 84 52 
1a 81 41 24 64 16 18 51 57 25 
57 85 65 46 41 24 17 67 56 14 
31 58 45 68 36 16 81 54 85 35 
13 61 65 76 53 13 51 67 46 58 
75 18 71 51 85 74 72 62 46 47 
24 47 24 64 76 72 5h 15 16 81 
42 62 52 75 64 26 87 28 68 76 
2h 67 46 45 24 64 86 84 78 18 
41 45 15 81 65 36 18 31 42 34 
14 21 4h 43 84 87 58 47 54 37 
84 58 52 15 21 81 48 73 15 45 
74 85 38 47 34 84 78 83 78 43 
48 54 38 5h 83 12 81 87 28 17 
51 37 15 31 71 73 13 58 52 82 
85 28 85 28 58 52 82 85 38 17 
21 87 38 8h 78 73 83 28 18 51 
ah 81 82 78 6a 16 62 36 87 28 
25 37 67 56 86 38 8h 68 81 78 
65 7h 56 16 12 71 2h 13 5h 61 
35 62 53 2h 36 67 3h 75 7h ah 
4a ah 8a ah 1a ah 5a ah 2a ah 

