1
2h 2a 26 76 16 13 1h 78 58 73 
17 15 17 13 a1 8a 81 a1 2a 23 
2h 2h 82 82 a3 8a 81 a1 78 71 
81 87 87 68 8a 68 63 83 18 a3 
71 87 68 7a 17 a1 6a 6h 4h 1h 
3h 65 a3 71 8a 28 25 72 85 78 
28 72 7h 17 a2 78 67 81 8a 86 
28 a6 82 68 18 16 86 81 68 81 
58 8a 58 a8 16 5a 57 a7 61 8a 
87 18 a7 86 18 8a 68 61 81 68 
a8 18 6a 86 61 86 16 18 68 61 
56 57 5h 53 a7 81 8a 87 28 a7 
82 48 42 43 46 42 17 56 75 5a 
15 71 57 25 a1 52 35 8a 38 32 
58 a5 17 8a 82 78 a2 81 78 8a 
18 17 87 18 a8 78 7a 71 a1 81 
8a 87 28 a7 82 78 18 17 87 81 
28 71 82 38 4a 34 84 a8 17 3a 
38 71 a8 17 5a 45 48 24 58 25 
28 58 25 48 24 54 25 23 42 45 
84 25 82 42 54 84 85 45 48 24 
25 82 45 84 83 43 54 23 52 42 
54 43 54 34 35 45 43 24 71 53 
23 52 43 54 17 45 84 25 12 48 
74 71 41 74 24 52 14 25 12 17 
27 42 27 42 41 54 21 52 71 25 
82 45 14 28 72 41 74 24 52 14 
25 12 17 27 42 27 a2 74 7a 71 
a1 41 4a 47 54 a7 17 4a 54 58 
15 48 14 54 75 a8 57 45 41 84 
75 71 7h 51 48 34 4a 84 15 48 
14 54 51 45 51 35 38 a5 14 1a 
17 a7 83 5a 53 85 a3 47 58 35 
4a 84 53 85 45 a4 74 5a 58 75 
45 47 84 a4 57 5a 45 48 14 58 
15 45 14 16 51 54 85 14 81 51 
a5 75 1a 57 18 71 a8 17 31 1a 
31 38 18 71 a8 17 31 5a 45 13 
41 46 34 51 35 45 14 16 51 46 
34 54 85 14 81 51 45 85 84 54 
58 15 14 81 54 85 83 53 45 13 
41 43 13 41 53 45 15 81 41 54 
51 35 41 34 54 15 35 31 51 53 
45 41 34 51 35 45 34 38 48 54 
58 15 48 14 18 48 14 58 15 45 
14 13 51 54 85 14 81 51 45 85 
84 54 58 15 14 81 54 85 83 53 
45 13 41 43 13 41 53 45 15 81 
41 54 51 35 41 34 54 15 35 31 
51 53 45 41 34 51 35 45 34 38 
48 54 58 15 48 14 18 48 14 58 
15 45 a4 74 5a 47 51 75 a1 54 
85 5a 45 57 85 81 51 75 a1 57 
35 4a 34 32 42 14 52 15 18 58 
15 48 14 54 15 12 41 45 84 15 
81 41 54 84 85 45 48 14 15 81 
8h 45 84 42 84 24 28 48 42 54 
82 45 34 3h 5h 37 3h 3h 7h 5h 
7h 5h 7h 5h 7h 5h 6h 5h 6h 6h 
ah 1h 7h 7h 8h 6h 2h 7h 8h 6h 
3h 3h 2h 7h 2h 7h 7h 2h 6h 4h 
6h 2h 7h 2h 
