1
1h 5h 2a 2h 6h 87 26 26 28 25 
21 32 a8 28 62 6a 63 a6 26 32 
3a 31 23 a2 32 6a 23 63 62 68 
a3 6a 61 a6 56 3a 65 61 a6 32 
62 56 6a 26 23 63 a6 61 26 3a 
36 32 62 63 a6 62 86 6a 26 23 
63 86 15 a6 51 3a 32 15 a2 51 
8a 15 85 81 51 a1 6a 61 a6 61 
26 1a 23 63 16 a6 1a 15 a5 3a 
32 a2 6a 65 36 a5 63 16 6a 16 
a6 2a 23 a3 2a 28 32 a8 38 28 
32 1a 23 12 a2 6a 62 36 a2 63 
16 3a 61 36 3h a6 3a 35 83 86 
36 a3 1a 13 14 17 1h 14 16 71 
74 14 71 57 5h a3 7a 75 17 41 
a5 14 51 7a 15 71 a1 4a 41 a1 
2a 27 a7 2a 23 72 a3 73 23 52 
2a 52 5h a2 7a 75 7h 27 25 42 
75 47 27 12 17 27 12 14 51 24 
52 12 71 74 14 21 25 42 15 41 
21 42 74 27 12 17 61 27 62 68 
28 52 18 51 21 72 74 24 12 15 
41 25 42 12 41 74 17 21 24 72 
42 12 a1 47 2a 27 24 52 74 25 
72 a4 27 52 2a 52 a2 4a 47 a7 
2a 25 42 a5 24 52 4a 25 42 a2 
1a 71 72 12 71 74 57 14 51 71 
27 24 74 17 15 41 75 47 17 41 
24 12 71 74 27 47 17 a1 42 7a 
72 74 57 24 75 27 a4 72 87 7a 
47 42 72 87 a7 86 1a 71 76 27 
16 81 72 87 17 51 82 8h 7h 72 
57 17 21 28 18 71 75 47 15 41 
71 27 21 71 27 24 52 74 57 27 
12 14 24 72 75 47 25 42 72 47 
14 71 27 21 62 71 67 27 62 68 
28 72 78 57 28 52 72 17 14 74 
27 25 42 75 47 27 42 14 21 72 
74 17 47 27 a2 41 6a 76 71 61 
56 74 57 67 16 14 64 76 75 47 
65 46 76 47 14 71 67 61 86 71 
87 67 16 14 64 36 32 62 76 78 
57 68 56 76 47 41 71 67 65 46 
75 47 67 46 47 4h 4h 5h 5h 8h 
5h 8h 5h 8h 8h 52 5h 53 45 45 
4h 8h 3h 54 17 45 24 2h 8h 8h 
71 35 25 23 52 5h 7h 23 12 17 
27 12 16 51 5h 26 52 5h 25 72 
76 26 72 78 57 28 52 5h 4h ah 
3h 6h 1h 8h 7h 3h 6h 3h 6h 6h 
6h 2h 3h 8h 3h 8h 3h 
