1
37 8a 82 84 58 a2 8a 86 a6 1a 
81 81 58 51 52 51 5h 7h a5 18 
1a 15 a5 85 8a 18 12 15 82 75 
67 68 78 61 71 76 7h 74 73 63 
68 38 37 16 87 83 73 78 38 17 
14 74 17 1h 64 83 13 46 81 86 
16 84 21 28 18 61 64 14 81 82 
12 68 41 48 18 31 46 38 18 64 
a1 46 7a 64 87 46 83 73 64 87 
46 86 76 84 57 58 51 81 71 48 
47 87 58 52 82 78 74 84 17 18 
12 82 72 48 47 87 68 67 87 68 
64 84 78 74 84 68 63 68 a3 46 
47 67 46 5a 64 25 26 21 61 51 
46 45 65 76 75 65 76 74 64 17 
16 12 62 72 46 47 67 a6 7a 74 
a4 47 2a 74 27 21 71 a1 47 2a 
74 17 26 a6 71 47 1a 74 17 16 
76 a6 47 1a 74 21 27 17 51 28 
54 14 82 71 28 78 18 47 45 75 
31 37 17 51 54 14 31 34 14 71 
74 14 27 21 71 37 35 75 17 12 
72 41 47 17 41 45 15 71 75 15 
67 61 71 a7 67 1a 17 a7 41 1a 
41 a1 6a 68 a8 1a 14 a4 41 7a 
14 71 78 18 a8 41 7a 14 27 21 
71 27 62 16 17 67 41 46 16 a1 
6a 64 a4 46 2a 64 26 2h 5h 5h 
24 54 32 3h 3h 45 83 8h 4h 81 
8h a6 86 1a 16 a6 51 1a 54 41 
a1 4a 54 a5 1a 15 a5 51 2a 15 
21 27 28 a1 42 2a 42 a2 6a 68 
a8 2a 24 a4 42 6a 24 62 67 27 
a7 46 42 62 46 4a 41 a1 61 46 
2a 21 64 a1 42 46 26 42 4h 4h 
3h 5h 8h 3h 5h 5h 5h 8h 7h 5h 
7h 7h 4a 46 56 45 4h ah 1h 1h 
8h 1h 1h 8h 6h 6h 8h 1h 8h 1h 
8h 8h 7h 6h 6h 7h 1h 7h 7h 2h 
3h 5h 
