1
17 61 6h 7h 13 64 63 61 31 6a 
16 63 16 36 31 61 63 16 63 46 
45 65 16 54 36 31 61 63 46 65 
a6 54 7a 76 74 7h 7h a4 73 87 
2a 74 67 a2 8a 76 a7 3a 27 13 
a1 8a 81 81 8h 18 13 72 83 18 
63 81 58 53 83 18 27 81 48 4h 
7h a4 84 18 7a 17 87 18 51 52 
a5 25 6a 76 78 37 68 52 36 76 
17 25 71 a7 37 3a 38 a8 52 6a 
25 78 68 16 52 61 56 26 a8 62 
65 46 7a 47 4h 25 2h 67 56 8h 
65 46 48 68 16 4h 61 46 42 47 
7h 2h 7h 2h 7h 17 12 71 37 5h 
73 a7 12 5a 21 5h 12 52 15 1h 
18 1h 51 8h 15 31 8h 13 51 2h 
15 21 1h 21 ah 52 1a 21 8h 15 
81 a2 18 21 7a 57 15 31 52 75 
37 17 51 25 12 31 43 74 71 57 
41 34 75 37 67 26 3h 62 56 32 
34 54 35 64 76 51 45 36 83 3h 
63 54 85 81 51 45 36 83 2h 38 
43 36 23 52 65 35 63 67 56 53 
45 35 65 86 ah 68 56 53 63 86 
6a 36 54 35 65 76 46 34 53 56 
45 36 83 54 25 24 54 65 38 63 
53 65 67 36 35 43 64 86 5h 57 
45 34 73 68 76 2h 36 43 54 65 
67 86 2h 72 52 85 4h 34 23 58 
25 35 43 45 1h 68 56 36 53 57 
65 63 46 36 56 85 42 64 32 73 
46 84 54 65 62 63 26 56 45 48 
64 58 46 6h 35 84 65 86 52 53 
25 53 25 68 26 56 35 56 35 48 
64 45 64 54 67 16 53 45 18 68 
36 54 75 46 43 64 43 14 52 85 
62 36 84 81 54 35 62 86 53 45 
41 51 25 53 25 68 26 56 35 56 
35 48 64 45 64 37 83 72 3h 53 
34 83 56 45 62 52 38 46 1h 65 
83 24 26 46 24 54 65 54 65 38 
43 35 43 53 54 35 54 85 36 43 
36 43 47 14 72 32 63 32 13 35 
13 53 43 64 58 35 81 24 31 51 
25 27 57 15 38 13 38 13 62 86 
63 86 72 5h 45 52 35 56 75 45 
64 25 46 24 38 53 34 53 43 45 
34 52 81 61 25 45 24 34 53 34 
53 57 15 37 43 37 43 18 61 86 
56 75 61 74 54 75 35 43 35 43 
68 56 54 18 63 16 52 85 61 36 
42 62 16 58 34 61 2h 45 83 86 
54 25 31 23 53 45 68 36 18 54 
15 37 83 67 86 58 75 38 73 53 
45 61 36 81 63 54 3h 46 85 63 
16 34 18 68 46 37 51 64 8h 43 
75 16 81 57 15 72 47 24 37 42 
61 58 2h 73 74 86 15 34 51 68 
1h 43 85 51 42 8h 26 15 36 51 
2h 14 ah 68 41 86 6a 13 67 31 
7h 15 1h ah 5a ah 7a ah 
