1
85 87 17 18 61 71 6a 17 46 43 
47 a7 87 1a 12 78 a2 7a 71 72 
12 a2 82 7a 76 a6 16 17 13 8a 
81 82 8h 4h 48 42 47 24 51 84 
a8 15 2a 28 51 a8 15 2a 26 51 
a6 15 3a 37 a7 51 6a 62 15 a2 
51 4a 48 14 a8 45 64 2a 51 46 
24 15 46 24 64 a4 62 7a 73 a3 
51 4a 42 46 24 15 46 24 51 64 
62 42 46 24 15 46 34 a6 51 43 
64 62 42 14 6a 45 64 a4 51 2a 
24 15 a4 51 2a 26 15 a6 51 3a 
37 15 a7 51 4a 46 a6 15 7a 73 
a3 51 4a 42 a2 15 24 51 6a 15 
42 62 a2 51 24 15 5a 42 34 37 
47 a1 24 15 8a 26 46 84 a4 51 
6a 62 15 a2 51 7a 73 a3 15 2a 
26 51 a6 15 8a 86 a6 51 3a 37 
15 a7 51 4a 46 14 a6 45 14 5a 
41 74 73 43 24 a1 42 74 8a 78 
48 34 38 48 a4 15 8a 83 a3 51 
7a 73 7h 15 71 73 57 15 71 a7 
4a 84 87 28 47 24 84 58 15 81 
48 42 54 82 38 45 34 84 58 15 
81 38 37 87 58 15 81 48 47 24 
87 18 42 54 85 18 58 45 24 17 
21 41 54 57 47 54 51 a1 2a 25 
28 23 87 43 24 21 28 28 62 4h 
54 26 52 87 42 54 56 35 46 34 
54 35 6h 78 6h 87 8h 7h 78 3h 
87 7h 7h 87 a2 78 4a 87 45 34 
a5 78 3a 34 87 83 68 73 86 78 
38 37 87 83 68 73 86 a8 37 6a 
73 6h 37 3h 38 1h 36 83 8h 68 
a8 6a 61 a1 8a 81 68 a1 86 18 
6a 81 68 a8 6a 62 a2 3a 83 82 
68 32 63 83 68 65 6h 6h 16 6h 
16 6h 16 12 62 16 1h 7h 2h 26 
7h 62 2h 7h 75 6h 16 13 51 17 
51 63 56 16 51 54 65 61 36 51 
35 65 16 76 71 61 67 56 53 15 
57 15 63 16 56 35 14 21 25 15 
61 64 56 14 51 61 36 56 15 16 
21 61 51 65 63 26 56 15 16 56 
35 52 35 12 61 62 12 61 65 26 
15 21 61 56 38 13 16 51 36 23 
15 21 31 63 61 31 53 74 58 25 
38 23 68 16 18 68 16 15 71 41 
47 17 14 51 74 15 71 65 76 16 
51 32 53 52 75 32 63 12 71 36 
73 13 61 65 36 15 21 63 46 6h 
56 12 51 61 36 56 15 16 21 56 
25 15 61 37 23 46 14 51 53 65 
13 61 51 35 4h 14 16 31 51 45 
4h 56 15 13 61 53 65 15 31 ah 
13 51 56 35 16 31 51 65 32 73 
64 54 15 12 61 37 23 53 25 16 
31 35 23 1a 51 53 75 8h 13 61 
65 36 15 31 61 56 32 53 8h 63 
16 12 31 62 86 62 86 26 35 83 
23 63 62 36 62 36 38 53 57 85 
37 83 17 21 16 21 61 65 16 65 
26 16 51 16 51 61 65 15 16 51 
16 51 38 23 15 61 15 61 68 76 
18 51 18 51 53 75 65 36 16 81 
1h 61 63 76 83 18 51 56 35 16 
31 51 65 32 63 67 26 37 13 57 
85 62 86 36 23 13 81 31 5h 65 
63 16 56 35 32 73 52 75 35 63 
61 26 31 23 63 16 4h 63 56 57 
35 67 36 47 51 45 32 43 53 15 
12 73 18 21 62 76 52 75 65 36 
65 36 37 53 57 37 23 31 23 65 
16 75 61 26 36 13 36 53 37 53 
18 61 18 61 35 73 35 73 16 51 
13 51 31 35 13 35 63 17 51 17 
51 54 85 14 71 14 71 53 75 15 
31 18 71 62 56 32 83 32 83 23 
51 85 25 35 32 13 52 31 53 23 
58 15 17 81 21 28 18 38 31 73 
65 46 6h 16 37 53 86 57 65 37 
83 53 85 65 36 65 76 31 53 31 
53 52 75 65 16 12 18 21 61 26 
36 53 57 45 68 18 54 75 45 47 
37 53 54 75 34 73 53 75 16 31 
35 63 15 81 86 16 51 38 63 38 
53 57 65 85 37 53 17 81 31 83 
56 15 56 75 13 41 5h 65 17 31 
74 63 53 75 62 76 12 31 12 31 
56 25 46 52 45 13 61 15 61 51 
56 15 56 35 14 61 14 61 53 25 
53 25 35 32 38 43 16 51 36 23 
13 61 58 45 64 56 35 16 81 64 
51 25 82 32 63 58 45 36 23 1h 
56 25 64 15 81 31 63 67 56 15 
43 12 31 47 17 51 28 18 71 13 
71 31 37 13 37 43 13 71 85 68 
17 3h 76 71 34 73 13 81 34 64 
56 15 81 37 61 5h 73 46 43 47 
37 34 73 63 16 18 71 65 46 6h 
36 82 63 56 58 25 82 62 14 5h 
36 21 25 63 46 15 31 36 53 16 
35 7h 51 52 12 8h 63 67 25 21 
76 36 51 ah 18 12 82 6a 27 6h 
23 64 32 72 45 ah 21 28 54 82 
12 2a 46 2h 64 ah 43 3a 4h ah 
2a ah 
