1
1h 4h 17 47 82 2a 24 a4 1a 14 
14 17 27 2h ah 25 12 71 72 12 
41 1a 41 a1 4a 46 a6 1a 16 a1 
16 31 3h 4a 46 41 43 a1 4a 84 
85 a8 4a 74 78 48 24 28 48 24 
27 82 84 87 47 48 34 27 28 78 
43 84 a7 48 34 6a 43 64 a4 7a 
87 a8 4a 46 34 a6 43 64 3a 46 
34 a4 3a 34 32 3h 63 52 36 73 
87 38 73 a5 87 3a 83 a3 5a 25 
a2 3a 73 a7 3a 38 63 78 36 73 
83 87 37 38 73 a7 38 73 5a 25 
87 38 73 a2 37 83 78 37 63 1a 
36 73 87 38 13 14 34 a4 7a 71 
73 13 71 a3 17 61 1a 61 a1 3a 
83 a8 1a 16 71 a6 17 61 7a 16 
71 67 6h a1 7a 76 a6 3a 83 a8 
1a 17 61 a7 16 71 6a 17 61 a1 
3a 83 a8 1a 16 71 a6 17 61 8a 
16 81 31 38 18 13 71 a3 17 61 
1a 61 a1 3a 83 a8 1a 16 71 a6 
17 61 7a 16 71 a1 7a 76 6h 7h 
6h 8h 38 3h 31 63 67 37 63 64 
34 73 74 34 63 63 73 87 81 71 
57 25 72 17 18 78 47 43 73 17 
4h 71 37 3h 34 1h 43 1h 4h 1h 
61 4h 46 ah 64 6a 62 ah 67 86 
6a 36 5h 63 76 a8 67 36 6a 36 
34 73 64 86 37 83 63 76 a4 67 
36 38 53 6a 76 35 83 67 86 36 
73 a6 37 83 3a 83 82 32 73 18 
61 37 63 13 71 a2 17 31 36 83 
1a 61 62 76 12 81 67 56 31 43 
8h 78 34 53 87 58 58 54 51 63 
86 6h 76 74 27 6h 36 72 47 63 
46 76 37 8h 68 64 26 84 28 68 
26 5h 85 73 27 58 25 75 87 86 
38 4h 76 57 52 65 72 67 57 15 
7h 51 25 76 27 57 65 67 46 57 
45 65 76 83 48 1h 67 56 58 75 
68 76 56 85 8h 84 68 67 46 7h 
64 76 72 37 62 46 73 47 67 36 
6h 76 74 27 64 26 76 47 4h ah 
5a 65 62 46 52 45 41 51 45 61 
26 54 25 65 46 6h 56 52 15 62 
16 56 25 3h 63 52 15 14 65 46 
35 23 64 26 6h 26 1h 51 62 56 
16 41 51 65 61 26 51 25 65 16 
1h ah 8a 58 52 15 82 51 ah 28 
25 85 18 14 21 7a 47 87 58 51 
75 81 57 ah 18 15 12 85 3a 51 
78 23 53 13 87 ah 75 74 54 6a 
31 38 47 45 83 13 75 ah 56 54 
64 3a 48 3h 41 32 14 84 27 ah 
45 46 72 64 54 4a 23 4h 32 ah 
21 1a 2h ah 4a ah 
