2
24 3a 3b a3 4a 46 74 a6 3a 34 
32 a4 1a 17 a7 6a 68 a8 6a 62 
61 a6 3a 31 34 63 61 b6 2b 31 
a3 2a 23 a3 1a b3 6b 64 b4 6b 
a6 61 76 7a 72 74 73 b7 6b 26 
a6 1a b6 7b a1 7a 73 87 81 71 
a7 2a 2h b7 2b 23 2h 4h 12 18 
28 72 73 17 23 12 72 87 82 72 
47 43 73 27 28 78 27 21 82 58 
54 71 67 34 76 87 81 43 21 42 
32 34 24 23 12 18 28 a2 43 6a 
65 34 a5 43 6a 86 78 57 a2 75 
27 5a 57 34 a7 43 6a 16 34 61 
76 75 65 16 72 17 67 16 43 61 
56 52 62 16 34 61 76 71 87 86 
76 17 43 71 27 81 72 67 a6 34 
7a 67 61 43 a1 34 6a 86 81 84 
a8 17 1a 18 a8 78 2a 25 87 a5 
78 2a 28 12 a8 21 52 58 28 12 
4a 43 21 82 85 25 82 a3 28 12 
5a 21 82 52 a2 3a 34 a4 2a 25 
28 52 a2 6a b6 2b 25 42 43 23 
52 b2 7b 27 25 12 75 17 27 12 
16 26 52 58 28 72 76 17 26 12 
18 1h 14 31 8h 14 31 4h 13 81 
85 15 81 82 12 51 52 12 81 4h 
18 21 34 12 b1 43 2b 25 34 2h 
28 21 52 58 28 12 b8 43 5b 21 
52 34 b2 43 5b 85 8h 34 b1 43 
5b 25 4h 52 85 1h 58 15 4h 51 
85 81 51 85 5h 15 4h 51 85 86 
56 15 4h 51 45 42 52 15 47 51 
85 4h 58 45 41 58 65 1h 58 65 
bh 85 1b 58 56 15 18 16 81 51 
85 68 56 15 18 21 58 25 15 81 
86 16 51 52 85 12 81 51 85 1h 
15 81 87 58 51 25 81 28 58 15 
5h 85 82 68 5h 15 86 28 51 25 
85 18 17 51 87 68 15 61 81 58 
24 62 85 18 12 51 82 48 67 58 
25 18 21 51 85 27 12 17 81 27 
62 51 65 25 12 18 61 5h 51 85 
25 12 16 31 84 68 1h 41 86 38 
14 31 8h 58 13 41 85 68 28 52 
51 65 1h 14 81 85 38 7h 15 31 
81 48 bh 84 18 13 41 83 58 14 
51 81 48 56 75 5b 65 3h 84 18 
15 31 1h 41 85 38 14 31 81 48 
3h 23 12 13 51 23 52 12 71 56 
75 84 78 58 45 1h 81 82 68 54 
25 15 21 28 52 51 85 17 27 32 
58 45 18 31 21 32 35 25 12 15 
81 25 82 12 51 34 5h 43 86 28 
26 52 86 58 28 62 54 85 84 68 
54 65 28 42 43 23 82 85 48 25 
32 84 38 28 42 34 23 82 84 58 
43 bh 85 38 28 42 34 23 82 84 
58 43 1b 41 23 52 82 38 31 34 
14 84 28 25 42 85 38 18 41 21 
42 43 14 12 51 28 48 74 15 81 
75 23 82 23 82 13 51 41 54 28 
52 72 47 14 12 31 27 47 24 38 
18 31 42 34 2h 25 72 7h 14 81 
84 14 81 83 48 13 41 81 48 34 
83 18 14 51 71 43 83 48 75 15 
17 51 17 31 38 34 18 71 5h 17 
81 84 14 31 81 48 41 81 48 43 
14 83 18 48 14 56 35 4h 64 1h 
71 53 85 83 78 53 75 18 31 47 
34 56 35 45 74 5h 53 85 84 38 
46 56 35 47 85 7h 64 68 48 54 
67 bh 45 84 87 58 47 85 2b 54 
78 72 82 78 45 24 28 52 48 25 
7h 84 8h 52 86 25 bh 67 1b 58 
76 85 bh 62 4b 51 26 15 bh 67 
5b 76 5h 68 6h bh 8b bh 3b bh 
ah 
