1
8h 3h 1h 3h 27 31 7a 71 67 63 
62 85 65 a1 6a 67 a6 3a 32 35 
38 3h a2 6a 53 58 38 a6 2a 23 
a3 2a 62 a6 3a 32 a2 8a 85 a5 
2a 26 a6 83 5a 53 a3 58 6a 62 
a2 6a 36 38 68 35 a6 8a 85 a5 
23 26 36 1a 13 a3 1a 17 15 a7 
3a 37 13 a7 21 3a 23 62 61 63 
21 23 86 26 82 85 45 81 83 a8 
2a 24 2h 2h a4 6a 64 a4 13 72 
7h 8a 76 78 68 31 a6 2a 32 12 
13 23 21 72 73 71 74 71 21 72 
13 7h 47 31 74 87 81 48 71 47 
87 48 ah 84 78 74 57 84 58 78 
47 57 54 74 75 87 84 58 74 57 
87 48 8a 48 47 87 48 45 85 48 
7h 75 84 58 ah 85 78 58 57 87 
85 48 75 84 78 58 57 54 4a 87 
1h 78 a5 75 8a 74 57 74 57 47 
45 75 74 57 74 57 47 84 18 13 
83 48 45 85 48 a5 84 78 58 57 
87 85 48 75 84 78 58 57 87 54 
84 58 4a 48 45 85 84 78 75 85 
48 78 47 a8 74 87 57 58 78 75 
87 8a 75 87 84 58 74 57 87 58 
a8 45 78 75 47 85 74 17 7a 87 
84 18 74 17 87 58 a7 85 18 8a 
48 58 54 84 85 18 12 82 58 1h 
48 45 16 41 85 81 58 a2 85 18 
14 71 84 78 18 41 72 47 17 41 
57 14 51 71 75 15 17 51 1a 71 
74 87 14 51 78 57 47 45 15 41 
a5 14 51 4a 15 71 51 57 17 15 
41 75 14 81 82 48 12 41 46 43 
81 48 34 4h 57 4h 75 7h 5h 57 
2h 75 ah 57 4a 75 4h 54 47 54 
74 75 17 16 41 76 57 14 51 47 
41 34 4h 34 32 42 34 7h 43 14 
71 27 23 73 17 41 a4 7a 17 15 
31 75 37 17 51 56 16 71 73 57 
13 51 5h 5h 58 75 37 48 64 32 
72 57 46 34 75 37 47 54 58 75 
48 34 57 35 45 64 68 48 74 75 
67 45 64 74 57 31 63 2h 75 47 
43 54 73 57 47 24 4h 74 75 37 
45 34 74 57 36 43 46 54 74 57 
51 65 35 43 47 14 27 32 73 41 
74 34 53 71 67 57 15 8h 37 83 
3h 43 45 74 35 73 43 54 76 57 
47 34 51 65 35 63 85 48 74 71 
57 41 24 12 41 54 36 83 78 27 
45 14 71 27 47 54 56 25 46 74 
75 17 75 17 47 54 36 73 47 54 
74 75 17 72 17 52 32 13 57 45 
47 64 57 65 45 74 31 63 27 42 
54 53 75 43 74 54 35 83 58 45 
47 34 57 35 45 74 36 13 27 42 
54 56 75 46 74 54 75 73 47 45 
34 75 27 5h 72 57 54 65 74 67 
57 25 4h 52 75 76 47 31 63 53 
65 8h 38 35 13 74 57 56 85 86 
56 45 78 67 78 67 54 65 75 47 
31 63 74 57 53 45 73 17 54 85 
3h 58 25 2h 71 47 41 24 72 17 
47 34 36 13 7h 31 63 43 14 74 
27 3h 74 27 36 43 37 43 73 74 
27 7h 67 4h 76 37 34 83 8h 86 
4h 68 42 64 84 86 46 48 64 21 
6h 86 6h 12 1h 21 6h 12 ah 26 
5a 62 ah 21 3a 12 ah 25 7a 52 
ah 26 4a 62 ah 23 3a 2h ah 8a 
ah 
