2
6a 6b 6h 3h a6 4a 4h 8h 86 48 
4h 46 46 b6 8b 81 54 b1 8b 85 
81 51 78 74 15 75 74 78 75 a7 
4a 75 67 a4 1a 76 47 18 a8 6a 
74 67 a7 6a b6 7b 76 17 b6 71 
57 7b 57 b7 5b 58 b8 7b 78 37 
43 b8 34 7b 37 38 47 3h 31 74 
51 35 63 a5 47 65 35 63 3a 63 
a3 74 7a 37 36 53 57 56 76 36 
13 75 17 37 63 65 35 73 71 67 
31 63 73 57 53 73 57 56 76 37 
36 76 37 35 13 75 17 37 63 65 
35 73 71 67 31 63 73 57 53 73 
57 56 76 37 36 76 57 5h 58 2h 
82 6h 63 2h 36 6h 2h 21 6h 36 
37 23 25 67 a5 76 35 23 26 12 
1a 7h 6h 8h 83 8h 82 a1 28 21 
32 38 13 28 12 32 13 7a 17 37 
13 1h 14 bh 45 1b 14 12 1h 61 
6h 6h 64 2h 45 5h 2h 27 62 65 
46 bh 56 2b 62 25 72 64 76 54 
67 56 27 52 62 46 2h 64 76 25 
72 62 56 73 87 6h 26 78 57 62 
56 76 27 23 62 73 87 26 42 8h 
24 62 65 86 25 82 62 56 8h 65 
26 23 52 63 56 26 82 2h 62 65 
46 6h 56 26 82 bh 28 62 65 46 
42 62 56 46 45 65 64 26 25 24 
52 62 56 45 64 26 25 42 52 54 
24 64 56 26 82 1b 61 28 42 41 
46 16 14 61 21 62 65 16 12 81 
24 64 56 26 32 3h 18 61 65 46 
41 61 56 46 45 65 64 16 15 14 
51 61 56 45 64 16 15 41 51 54 
14 64 56 16 81 6h 65 36 18 31 
61 56 3h 65 16 18 41 4h 68 46 
4h 65 86 8h 83 8h 58 54 84 38 
bh 83 48 45 85 38 7b 57 83 58 
78 37 4h 84 73 48 bh 37 2b 84 
73 48 ah 32 1a 87 23 78 bh 34 
6b 81 43 18 ah 32 2a 87 85 75 
bh 56 54 64 4b 45 5h 3h bh 5b 
ah bh 
