0
46 4h 4h 16 1h 46 46 56 14 74 
73 14 74 17 1h 27 28 2h 14 31 
32 12 31 51 35 36 3h 7h 7h 72 
7h 7h 2h 1h 47 13 41 45 83 15 
41 75 47 17 41 4h 24 38 42 74 
71 27 2h 41 64 83 46 84 8h 78 
27 62 76 27 34 72 37 35 75 27 
45 72 67 26 72 87 82 8h 72 67 
6h 81 38 23 27 37 23 26 2h 2h 
4h 5h 72 7h 7h 64 67 34 63 68 
73 47 43 64 73 67 68 61 47 64 
67 68 36 38 68 36 37 83 67 86 
36 83 78 37 63 68 16 38 13 63 
86 87 67 36 31 83 61 86 36 73 
76 36 73 78 38 63 68 38 63 67 
86 37 83 63 86 78 67 36 37 53 
67 56 36 83 51 5h 38 63 61 86 
31 83 63 76 73 63 76 78 68 36 
38 68 36 37 83 67 86 36 83 78 
37 63 68 56 87 37 53 63 76 78 
68 56 5h 4h 2h 1h 8h 1h 8h 1h 
1h 7h 1h 7h 1h 7h 1h 5h 8h 3h 
8h 3h 8h 6h 8h 8h 7h 1h 7h 5h 

