2
42 3a 74 68 5b 56 36 74 56 23 
26 b2 5b 5h 5h 4h 45 43 53 a5 
2a 25 25 62 64 24 26 24 25 b5 
4b 75 46 b6 2b 32 36 26 32 34 
38 3h 24 62 64 24 32 31 63 21 
42 43 46 36 26 12 34 13 23 62 
64 24 32 31 63 21 62 32 43 42 
32 43 46 36 23 26 36 23 24 12 
34 13 23 62 64 24 32 31 63 21 
62 32 43 42 32 43 46 36 23 26 
36 b3 83 6b 62 38 b2 83 6b 64 
38 b4 83 2b 24 b4 38 2b 26 82 
b6 23 62 1b 26 42 46 b1 38 26 
82 6b 64 28 62 42 46 26 83 b6 
38 24 82 3b 83 23 82 83 b2 6b 
64 b4 3b 32 b2 3b 73 72 37 43 
46 36 73 57 35 63 64 34 a3 7a 
57 a5 4a 46 86 83 68 64 84 86 
46 a4 6a 46 a4 7a 73 17 53 71 
67 46 74 67 a5 76 47 1a 64 76 
17 a7 1a b1 8b a8 6a 46 a4 3a 
53 a5 6a 46 a4 7a 78 17 a8 71 
67 46 74 17 7a 17 a7 1a 17 18 
17 27 1h 21 7h 12 41 6h 16 41 
7h 27 14 61 14 61 72 16 71 21 
27 17 12 71 7h 12 41 4h 64 14 
21 27 17 61 2h 16 41 46 16 71 
4h 17 61 2h 62 64 12 41 6h 14 
61 1h 61 68 18 21 24 62 14 61 
63 65 64 76 4h 67 46 7h 64 76 
3h 67 56 3h 65 86 82 62 56 53 
63 26 28 68 a6 1a 81 82 12 31 
35 15 b1 61 76 6b 76 75 27 2h 
65 46 b5 64 36 7b 47 63 46 76 
87 28 62 64 36 24 32 62 46 4h 
31 23 21 42 31 43 23 42 4h 4h 
6h 5h 3h 5h 3h 5h 2h 5h 5h 1h 
8h 1h bh 5h 7h 1h 4h 4h 4h 5h 
5h 8h 5h 8h 5h 1h 8h 1h ah 
