0
26 32 12 12 87 12 1h 3h 83 87 
47 48 42 4h 18 1h 13 41 42 4h 
12 84 81 86 8h 82 78 41 74 84 
18 16 86 21 28 18 41 47 17 24 
81 84 78 14 21 87 28 25 85 78 
15 41 87 48 18 71 45 74 14 81 
85 78 15 21 87 28 18 41 47 24 
17 21 27 21 2h 6h 2h 82 84 78 
24 72 71 82 78 18 17 87 81 78 
81 28 21 72 81 68 27 62 61 21 
72 81 68 6h 6h 27 62 82 78 61 
68 26 28 42 68 36 24 32 31 21 
42 61 46 26 82 63 64 86 26 42 
32 34 24 35 36 23 62 43 26 42 
32 34 24 23 62 43 26 82 87 68 
27 62 67 56 27 52 62 76 34 67 
56 87 58 68 76 43 67 26 28 32 
68 46 26 72 34 64 63 56 27 52 
62 76 54 53 5h 67 86 43 68 26 
23 72 63 86 27 82 62 86 83 78 
63 76 86 28 23 72 83 78 28 62 
68 76 28 72 62 76 7h 6h 76 7h 
7h 1h 3h 1h 3h 1h 3h 1h 3h 1h 
3h 1h 3h 1h 3h 1h 3h 87 8h 8h 
8h 4h 3h 48 4h 14 1h 3h 1h 6h 
1h 53 5h 3h 7h 5h 4h 8h 2h 5h 
2h 
