1
43 1a 57 47 17 42 4h 47 57 a7 
4a 28 43 64 31 82 86 26 81 48 
58 62 54 65 25 61 6h 52 51 21 
25 25 2h 2h 24 26 2h a2 4a 46 
84 a6 4a 84 a4 2a 82 86 87 28 
a2 5a 15 a1 4a 48 a4 48 54 2a 
52 12 15 25 21 72 41 74 24 52 
15 21 a2 72 4a 42 34 a2 43 54 
15 41 34 5a 15 43 14 a4 5a 51 
41 45 14 a1 45 84 4a 84 a4 5a 
15 a1 8a 85 18 a5 81 38 3a 3h 
4h 45 a4 84 58 5a 51 a1 81 58 
5a 53 51 35 a5 85 28 8a 28 27 
87 68 a7 86 58 8a 58 53 65 83 
68 58 35 a5 2a 52 53 65 23 62 
52 65 63 68 26 25 32 65 36 26 
a2 6a 63 16 a3 61 36 1a 63 16 
13 63 16 a3 61 36 2a 32 31 62 
36 16 13 63 61 36 61 26 21 32 
61 36 26 a2 6a 63 16 a3 61 36 
1a 63 16 13 63 16 a3 61 86 2a 
82 62 36 85 38 31 68 26 25 32 
65 36 12 63 86 82 38 62 36 18 
63 16 86 83 28 31 61 63 26 86 
38 21 28 32 18 23 62 68 16 13 
63 86 83 63 86 23 12 68 16 26 
82 86 38 26 32 36 82 18 14 84 
38 68 63 83 86 38 86 28 26 32 
86 38 28 32 34 24 32 13 15 21 
82 84 38 24 32 82 18 12 1h 7h 
6h 82 38 18 31 3h 7h 6h 7h ah 
4h 5h 63 64 34 63 3a 63 62 86 
32 73 68 76 75 65 86 35 73 68 
76 7h 7h 4h 7h 7h 5h 4h 5h 4h 
3h 4h 6h 4h 5h 2h ah 5h 5h 4h 
5h 5h 2h 8h 4h 5h 2h 8h 4h 1h 
4h 2h 7h 2h 5h 2h 
