0
2h 2h 47 47 64 56 25 2h 25 2h 
27 42 46 24 32 35 25 12 17 87 
8h 6h 1h 81 28 62 65 67 25 6h 
42 36 45 25 72 74 24 82 85 25 
72 78 76 86 26 42 46 26 12 16 
1h 26 12 18 71 72 12 81 82 12 
42 68 41 47 86 37 3h 68 34 32 
86 73 74 68 34 63 62 32 82 43 
47 37 28 23 83 82 32 78 74 84 
78 7h 3h 71 63 72 7h 36 57 5h 
43 48 38 53 51 31 5h 6h 63 5h 
5h 3h 83 84 34 53 54 34 53 58 
5h 7h 38 47 54 53 2h 37 4h 13 
2h 3h 2h 1h 58 13 25 3h 17 83 
52 81 2h 25 18 7h 5h 21 75 38 
74 16 5h 83 43 62 47 21 2h 85 
75 1h 67 61 26 7h 1h 67 4h 41 
3h 3h 72 84 5h 26 48 2h 14 54 
2h 6h 4h 8h 43 67 8h 6h 6h 7h 
4h 3h 2h 
