1
2h 1a 68 67 46 24 2h 2h 2h ah 
14 2a 28 62 a2 6a 68 62 62 32 
76 73 7h 63 46 47 42 42 67 16 
47 64 14 86 81 61 86 84 64 84 
a6 8a 86 86 8h 1h a8 58 5a 5h 
7h 7h 4h 2h 72 75 14 1h 25 2h 
1h 27 2h 18 71 72 12 71 76 37 
87 83 73 81 a8 71 4a 47 a7 2a 
26 a6 5a 56 a6 8a 18 38 31 81 
83 a8 4a 48 a8 7a 78 17 a8 3a 
71 37 a7 17 6a 65 71 a5 17 6a 
62 71 a2 17 5a 52 71 a2 17 1a 
13 a3 73 2a 25 a5 37 1a 51 52 
12 41 47 17 21 25 15 21 26 16 
51 56 16 a1 3a 31 a1 3a 34 3h 
3h 36 3h 83 5h 56 51 85 35 83 
87 37 53 57 25 37 23 53 65 24 
72 5h 35 34 73 54 75 78 35 83 
25 62 38 63 2h 52 36 53 23 82 
52 35 32 63 52 65 35 23 3h 53 
56 25 36 23 28 72 82 32 63 52 
65 87 68 64 58 25 38 23 27 37 
83 57 85 35 63 84 58 54 65 84 
78 56 75 85 68 38 73 5h 53 85 
86 38 32 63 82 68 53 25 27 57 
35 38 73 58 75 35 83 2h 52 57 
85 27 12 35 13 23 52 58 75 2h 
32 57 15 35 73 2h 52 51 85 21 
72 32 73 58 25 23 72 71 21 32 
52 85 31 23 21 72 31 43 27 34 
58 72 8h 13 15 35 13 27 12 32 
53 52 75 32 13 57 15 37 13 53 
25 86 28 58 25 27 82 85 68 3h 
86 58 28 62 31 73 53 85 83 78 
53 75 85 38 26 12 71 67 6h 16 
21 42 2h 12 61 46 6h 16 21 42 
8h 58 51 45 81 48 47 58 35 28 
32 52 85 74 5h 25 23 82 53 15 
16 84 38 24 32 82 68 58 15 38 
23 28 42 38 43 47 61 46 37 83 
27 82 32 83 64 26 23 72 6h 36 
27 82 63 46 3h 32 73 85 18 58 
51 45 3h 23 28 72 38 73 23 12 
75 37 35 43 75 87 21 82 7h 57 
28 52 72 57 53 85 63 26 27 82 
52 15 81 67 7h 28 16 25 72 85 
38 27 32 82 78 82 58 56 51 25 
61 52 81 2h 15 18 86 56 2h 68 
65 85 18 72 57 58 25 61 86 61 
71 52 8h 26 17 15 18 58 78 62 
8h 25 87 81 71 52 2h 16 18 68 
24 8h 47 81 74 3h 45 5h 16 6h 
1h 4h ah 
