1
8h 86 51 1a 16 a6 14 12 1a 81 
87 a1 3a 3h 5h 7h 78 76 7h 7h 
72 76 a7 6a 37 25 a6 8a 86 8h 
4h a6 28 8a 28 a8 58 4a 47 85 
24 73 2h 58 ah 42 85 1a 58 37 
18 15 31 85 24 71 a5 17 3a 42 
32 35 83 82 32 53 71 35 73 13 
17 37 31 53 71 35 a3 17 8a 58 
71 85 78 18 17 87 81 58 71 85 
a8 17 2a 28 71 a8 17 2a 24 71 
a4 17 3a 83 84 34 23 82 48 42 
82 48 43 83 28 23 83 48 43 71 
a4 17 5a 53 71 a3 17 2a 28 23 
27 42 47 46 27 62 2h 52 4h 54 
24 52 3h a8 28 52 5a 5h 45 48 
14 58 15 45 84 14 31 3h 43 48 
34 48 64 18 61 41 84 83 43 64 
67 47 14 17 81 47 84 14 31 34 
14 31 38 18 41 48 18 41 43 84 
13 81 13 61 43 64 14 31 38 18 
61 65 15 41 45 84 15 81 41 84 
38 43 14 18 31 48 34 14 81 84 
14 81 83 13 41 43 13 41 48 34 
18 31 41 84 38 43 14 18 31 48 
34 14 81 84 14 81 83 13 41 43 
13 41 48 54 6h 18 31 45 34 48 
34 18 31 41 84 81 41 84 83 43 
14 13 43 14 18 71 76 16 81 41 
84 7h 48 14 18 31 48 34 14 81 
38 13 41 48 34 18 31 41 84 81 
41 84 83 43 14 13 43 14 18 31 
48 34 14 81 38 13 41 48 34 18 
31 41 84 81 41 84 83 43 14 75 
3h 57 5h 38 7h 75 8h 57 8h 41 
84 34 38 48 43 84 5h 48 34 5h 
84 8h 3h 83 82 18 32 81 48 42 
14 82 18 48 14 12 81 84 58 14 
51 81 a8 3a 13 15 41 35 43 13 
51 42 34 32 53 13 21 41 a4 8a 
18 12 61 6h 82 38 35 23 85 28 
38 63 67 37 83 82 58 32 53 83 
28 2h 6h 46 34 35 23 45 24 34 
53 ah 35 43 42 54 32 53 43 24 
1a 71 7h 42 34 35 23 45 24 34 
53 ah 35 43 42 54 32 53 43 24 
8a 78 2h 87 38 35 23 85 28 26 
86 58 36 53 83 28 ah 82 38 35 
73 1a 71 78 75 85 15 21 35 73 
83 58 12 61 5h 16 31 37 53 31 
53 13 15 31 15 21 37 53 37 53 
12 51 31 73 7h 75 15 17 51 31 
53 75 37 13 15 71 51 57 17 37 
63 1h 21 36 73 12 71 75 15 61 
6h 62 5h 26 2h 57 5h 75 2h 62 
57 65 25 72 ah 27 52 56 75 26 
57 4a 62 6h 75 7h ah 8a ah 1a 
ah 3a ah 2a ah 5a ah 6a ah 
