2
2h 74 8a 85 7b 72 b7 8b 8h ah 
6a b8 7b 76 75 b6 8b 87 83 78 
b8 7b 67 b7 8b 87 b7 47 48 48 
21 6b 64 65 b4 6b 61 61 a6 b6 
8a 78 a7 4b 4a 46 a6 7a 87 84 
18 b6 8b 74 68 a7 4a b1 8b 58 
a4 8a b6 78 4b 84 78 a5 8a 78 
a8 6a b8 3b a6 7a b3 2b 76 27 
17 62 a2 8a 48 a4 2a 26 a6 2a 
2h 71 21 2h 12 17 27 12 4h 84 
21 82 86 18 26 12 46 82 68 5h 
86 48 68 64 84 86 48 86 78 72 
82 48 68 64 84 86 48 86 48 68 
64 84 86 b8 46 2b 27 64 b7 46 
2b 21 72 b1 27 12 18 28 62 2b 
62 6h b4 2b 72 78 28 b2 42 4b 
46 b6 26 2b 52 a4 25 42 5a 24 
52 58 28 12 16 17 a8 4a 41 48 
58 a1 4a 34 38 48 14 3h 41 54 
37 5h 56 57 15 6h 51 75 6h 57 
15 3h 32 bh 51 75 1b 57 15 b5 
1b 15 16 35 34 53 1h 51 31 53 
8h 35 13 15 71 35 73 13 51 5h 
8h 6h 8h 6h 8h 8h 83 6h 61 1h 
38 8h 6h 16 31 37 83 37 83 13 
51 3h 38 73 38 73 15 71 31 53 
72 17 87 12 41 82 72 78 27 78 
27 14 21 71 87 71 87 82 72 17 
72 17 18 41 78 27 78 27 87 14 
21 81 71 78 17 78 17 12 41 72 
87 72 87 35 83 73 27 5h 73 87 
32 14 81 71 37 31 43 71 27 71 
27 34 13 37 13 73 71 37 71 47 
32 13 32 13 74 17 37 13 18 71 
73 87 13 41 78 27 3h 72 87 5h 
35 37 23 57 25 35 73 14 51 53 
25 35 15 41 3h 53 14 51 31 73 
53 15 27 37 17 41 57 25 35 73 
14 61 6h 37 53 58 75 38 73 78 
38 43 7h 34 83 53 85 72 37 82 
73 87 52 35 32 43 52 65 78 67 
57 85 34 63 3h 73 58 65 8h 46 
54 65 5h 45 37 23 54 25 5h 25 
8h 78 52 45 56 87 64 ah 25 28 
1a 71 58 25 7h 47 52 85 82 52 
76 4h 68 ah 25 27 24 74 54 86 
3a 47 45 68 75 42 ah 53 27 57 
37 86 1a 74 75 63 45 72 ah 58 
21 51 81 36 1a 64 1h 12 4h 27 
2h ah 7a bh 6b ah bh 
