1
6a 81 87 83 8h 58 57 a3 8a 82 
a2 7a 78 75 85 a5 8a 78 75 78 
72 72 17 12 15 72 a7 17 8a 81 
a1 5a 58 57 87 a7 58 5a 51 58 
a1 3a 32 a2 8a 81 38 a1 8a 78 
71 81 38 3h 36 43 4h 6h 3h 31 
38 3h a3 14 5a 41 56 a5 14 2a 
41 23 53 a5 14 5a 15 45 41 43 
45 42 4h a4 42 54 51 41 24 34 
32 42 43 14 4a 24 15 43 14 54 
51 a5 41 32 51 35 4a 24 45 34 
24 23 54 53 65 43 63 53 6h 75 
3h 1h 57 45 42 84 52 35 32 52 
15 48 34 51 a5 15 4a 34 a4 3a 
23 24 51 34 63 a6 15 4a 42 a2 
4a 51 46 a4 7a 46 24 a7 3a 2h 
15 1h 17 63 26 71 32 a3 17 5a 
57 15 a7 8a 51 65 26 52 a8 4a 
25 24 54 25 23 53 45 43 24 53 
25 28 45 34 63 46 54 58 25 48 
14 52 15 45 34 63 46 54 51 25 
41 34 52 35 45 34 38 48 54 58 
65 58 65 45 64 63 43 54 53 25 
43 24 54 25 65 26 2h 28 8h ah 
2a 2h 12 7h 21 32 83 28 12 3h 
83 3h 21 32 83 28 12 3h 83 7h 
21 32 71 2h 72 1h 17 21 32 83 
28 72 1h 21 72 1h 17 21 32 83 
28 72 3h 83 27 82 1h 28 12 15 
25 12 16 38 75 26 12 16 14 76 
37 56 73 57 67 65 75 76 37 56 
73 57 67 83 1h 31 76 75 37 17 
61 83 73 78 37 78 67 3h 17 51 
71 75 17 75 47 16 51 16 51 74 
57 17 51 52 75 71 27 51 45 72 
67 6h 71 27 54 15 16 56 15 17 
41 57 45 15 71 8h 17 51 54 75 
14 71 51 45 72 17 12 41 51 25 
75 87 7h 57 52 15 14 21 71 27 
54 15 17 41 57 45 15 71 6h 17 
51 54 75 14 71 51 45 72 17 12 
41 72 67 72 67 14 61 54 65 15 
41 75 27 75 27 14 21 71 57 71 
57 26 56 76 17 76 17 15 41 75 
47 17 51 61 65 15 16 71 74 57 
76 57 14 51 71 47 52 15 12 41 
52 65 52 65 25 14 61 74 67 17 
21 3h 53 31 73 53 15 53 25 15 
31 15 31 51 53 13 15 31 15 31 
32 43 76 47 26 16 51 16 21 74 
57 51 45 71 67 71 67 17 54 65 
34 63 53 15 5h 75 71 47 13 53 
15 74 37 12 31 71 37 53 15 26 
76 51 1h 37 45 17 41 76 73 67 
51 76 8h 15 87 81 84 14 74 37 
51 45 51 45 73 47 57 65 5h 15 
57 15 14 71 74 14 31 78 67 16 
81 32 63 72 67 37 23 51 75 37 
23 73 57 15 18 71 58 35 48 13 
41 81 72 17 52 85 54 71 48 1h 
25 27 14 31 53 85 48 54 35 13 
57 7h 81 85 45 72 57 32 75 47 
17 51 54 25 74 17 21 51 75 78 
17 73 47 78 47 12 31 26 16 81 
57 85 15 71 63 1h 51 36 32 63 
32 63 74 58 36 1h 27 25 43 61 
75 16 3h 57 61 83 34 12 56 76 
2h 43 61 65 15 38 4h 87 6h 51 
78 15 ah 83 3a 54 52 42 2h 26 
6h 8h ah 2a ah 
