2
8h 7a 67 5b 51 b1 6b 45 a5 68 
6a 63 68 48 a6 8a 84 a4 5a 54 
a4 5a 54 56 a5 7a 76 7h 2h a6 
82 5a 52 15 a2 3a 51 67 b5 6b 
a3 5a 65 b5 75 8b 68 a6 57 5a 
58 15 a8 51 85 75 6a 16 57 61 
b6 58 25 5b 15 78 51 25 26 87 
56 75 b6 58 65 4b 87 56 45 46 
56 85 75 b6 57 58 45 5b 45 42 
64 b5 78 6b 65 b5 45 6b 62 b2 
54 5b 52 b2 42 4b 87 a4 78 5a 
87 56 25 a6 78 52 85 2a 57 25 
26 78 56 25 a6 52 45 5a 15 87 
51 45 48 46 14 a5 41 84 3a 78 
47 34 a4 8a 78 a7 3a 32 34 3h 
36 31 23 b3 8b 78 b7 3b 32 13 
b2 31 43 3b 43 46 14 36 13 43 
14 b6 41 24 1b 42 14 31 b4 13 
14 34 31 43 1b 34 13 14 a4 1a 
b3 13 1b 21 bh 12 81 8b 84 b4 
14 21 5b 12 81 83 58 25 13 21 
51 25 b8 52 85 2b 58 25 b5 7b 
47 b4 1b 15 21 b5 12 81 1b 81 
87 17 21 b7 12 81 84 28 2b 23 
27 26 25 24 72 74 24 72 6h 27 
52 4h 25 42 2h 42 2h 42 2h 72 
74 24 72 73 23 72 17 51 7h 71 
57 6h 75 17 15 31 75 37 17 51 
6h 15 71 73 57 13 51 71 57 6h 
75 17 15 31 75 37 17 51 61 65 
15 16 71 73 57 76 57 13 51 71 
67 3h 76 17 15 31 75 37 17 51 
61 65 15 16 71 73 57 76 57 13 
51 71 67 3h 76 17 15 31 75 37 
17 51 61 65 15 16 71 73 57 76 
57 13 51 71 67 1h 76 57 17 51 
3h 15 71 75 37 15 31 71 57 5h 
4h 4h 6h 67 6h 65 1h 13 71 75 
37 15 31 71 57 6h 75 17 13 51 
73 57 17 51 56 16 51 ah 15 71 
76 57 16 31 75 37 17 51 58 35 
32 83 52 75 72 67 52 65 75 67 
13 51 57 35 17 61 53 65 13 61 
51 35 7a 51 75 71 67 86 18 13 
83 68 76 47 7h 67 86 48 8h 68 
76 47 42 72 67 86 48 5h 15 84 
38 51 35 85 18 17 51 58 35 18 
71 51 85 81 51 65 83 18 13 83 
18 15 31 85 38 18 31 37 83 57 
38 53 56 45 13 41 5h 85 83 78 
53 75 85 38 35 1h 61 53 83 58 
51 35 81 38 58 35 37 83 85 18 
35 13 83 58 71 31 51 81 28 37 
43 7h 82 18 15 85 48 1h 17 84 
58 34 53 83 78 58 35 38 43 58 
45 35 83 16 21 5h 12 81 31 83 
87 18 13 71 83 68 18 31 54 35 
15 81 31 53 51 25 76 52 31 67 
86 15 6h 13 18 53 25 17 31 87 
28 58 25 ah 13 81 85 78 1a 31 
38 53 18 71 76 27 24 57 85 37 
83 81 68 42 31 73 51 75 35 13 
86 28 78 67 5h 31 83 84 28 48 
42 82 84 28 84 28 48 42 38 13 
58 15 35 13 17 51 53 85 13 81 
82 12 31 52 35 15 21 4h 54 53 
75 43 24 14 31 28 76 37 35 63 
7h 47 48 54 36 83 73 87 45 34 
37 63 7h 78 57 53 85 73 27 82 
38 52 83 7h 35 38 27 58 25 75 
87 83 58 73 85 ah 37 38 78 57 
52 85 36 23 86 56 73 1a 38 65 
67 61 71 51 83 ah 17 4a 35 18 
78 16 53 ah 84 37 61 81 41 73 
3a 15 18 32 81 51 1h 24 1h 16 
4h 67 6h ah 7a ah 2a bh ah 
