1
5h 28 13 2a 2h 17 61 28 a8 1a 
18 a8 58 51 36 56 5a 52 75 78 
72 58 a5 7a 75 7h 75 a7 6a 63 
6h 6h 76 a3 2a 27 a7 47 4a 42 
45 47 24 a4 7a 74 a4 7a 72 a7 
72 37 7a 37 36 76 a7 76 27 3a 
3h 3h 3h 6h 72 a7 32 42 7a 27 
74 17 14 74 15 31 87 83 73 87 
81 71 37 31 23 71 27 37 83 85 
35 73 72 47 32 43 42 32 43 72 
47 37 53 58 38 73 74 27 34 23 
24 34 53 74 87 83 85 35 75 27 
38 23 73 57 58 78 37 32 83 72 
57 38 53 73 87 83 73 87 85 75 
37 35 75 37 38 23 78 27 37 53 
58 38 73 72 87 32 53 78 57 37 
83 87 37 83 85 35 73 75 35 83 
8h 48 1h 84 1h 48 6h 84 1h 15 
6h 51 1h 48 6h 84 64 68 48 1h 
51 57 17 15 75 16 71 51 57 17 
15 71 8h 17 51 8h 15 71 7h 15 
21 48 12 71 73 27 13 21 71 27 
84 72 37 8h 73 27 8h 72 37 3h 
1h 12 41 48 18 41 42 12 51 57 
17 21 24 14 21 5h 53 4h 35 12 
71 42 17 51 5h 24 13 21 41 42 
12 14 21 14 21 41 42 56 2h 5h 
25 42 54 25 2h 2h 28 72 8h 27 
32 36 73 26 72 32 43 76 27 26 
42 76 17 15 81 75 87 17 51 53 
52 85 32 12 71 75 67 15 61 71 
57 4h 14 16 51 46 24 71 27 47 
14 15 61 3h 23 6h 45 74 73 57 
43 54 74 37 57 45 47 64 7h 46 
74 73 67 43 64 74 37 ah 73 47 
46 34 76 37 47 34 32 73 74 67 
34 63 73 47 1a 31 36 43 16 21 
41 73 ah 64 67 5a 15 76 37 46 
73 51 64 6h 37 65 31 63 71 67 
53 15 78 17 7h 37 38 13 78 31 
6h 17 83 86 36 83 71 67 63 16 
73 61 ah 37 36 76 17 12 61 38 
23 68 18 73 4a 36 81 87 84 74 
14 63 ah 47 5a 31 46 76 48 13 
ah 65 37 84 64 54 73 3a 41 46 
32 64 14 4h 25 4h 48 5h 87 8h 
ah 7a ah 2a ah 
