1
1a 14 a1 3a 61 31 34 37 87 81 
84 a3 8a 87 67 6h 2h 6h 64 36 
3h 38 a3 8a 87 a7 1a 18 1h a8 
2a 21 24 a2 8a 81 a1 2a 28 52 
57 a8 2a 24 a4 6a 62 a6 4a 62 
46 45 65 26 a5 62 46 48 68 46 
6a 46 a6 8a 86 a6 8a 84 28 a4 
82 78 5a 87 58 56 86 28 a6 82 
18 8a 18 17 87 28 a7 82 58 8a 
58 53 54 25 a4 52 45 8a 78 54 
75 71 51 25 81 28 58 a5 8a 82 
48 a2 84 28 4a 82 48 a8 5a 85 
84 78 54 75 85 a8 7a 78 a8 7a 
73 a3 5a 58 25 a8 52 75 1a 57 
15 18 58 25 a8 52 75 1a 57 15 
13 a5 7a 71 67 a1 76 7a 7h 2h 
71 7h 76 27 26 42 76 47 27 32 
31 21 72 74 57 24 12 13 23 12 
75 17 27 32 37 27 32 31 21 72 
71 21 72 73 47 23 42 72 17 13 
73 27 24 52 74 17 25 32 71 87 
23 82 85 25 42 75 47 27 32 31 
21 72 74 57 24 52 72 47 58 74 
57 87 85 75 78 27 25 42 75 47 
27 12 13 23 72 74 57 24 52 58 
28 42 78 47 27 32 31 21 72 74 
57 24 12 13 23 12 75 17 27 32 
37 27 32 31 21 72 71 21 72 73 
47 23 42 72 17 13 73 27 24 52 
74 17 25 32 71 87 23 82 85 25 
42 75 47 27 32 31 21 72 74 57 
24 52 72 47 58 74 57 87 85 75 
78 27 58 72 a7 85 2a 25 42 a5 
24 52 4a 25 42 a2 1a 13 a3 2a 
24 52 a4 25 42 5a 24 52 58 28 
42 a8 24 12 3a 32 31 21 23 52 
a1 25 42 5a 24 12 13 23 42 a5 
24 52 4a 25 42 a2 7a 27 24 32 
74 87 23 82 85 25 42 75 47 27 
32 31 21 72 74 57 24 52 72 47 
58 74 57 87 85 75 78 27 58 72 
a7 85 2a 25 42 a5 24 52 4a 25 
42 a2 1a 13 a3 2a 24 52 a4 25 
42 5a 24 52 58 28 42 a8 24 52 
4a 25 42 a2 3a 31 a1 2a 24 52 
a4 25 62 7a 67 27 a2 6a 62 a2 
7a 72 47 a2 74 57 4a 75 47 a7 
1a 13 a3 7a 74 57 a4 75 17 3a 
37 31 71 73 57 a1 75 47 5a 74 
17 13 73 47 a5 74 67 7a 67 a7 
4a 64 a6 3a 31 a1 4a 64 a6 7a 
74 67 a4 76 27 7a 27 a7 2a 24 
a4 7a 74 57 a4 75 47 5a 74 17 
13 73 47 a5 74 57 2a 12 75 37 
21 82 73 87 85 75 47 25 42 72 
37 31 71 27 24 52 74 57 27 42 
58 24 52 82 85 25 28 72 75 47 
25 42 72 17 13 73 27 24 52 74 
57 58 78 47 28 42 72 37 31 71 
27 24 52 74 17 13 73 17 25 12 
72 37 32 72 37 31 71 27 21 71 
27 23 42 73 47 27 12 13 23 72 
74 57 24 12 75 37 21 82 73 87 
85 75 47 25 42 72 37 31 71 27 
24 52 74 57 27 42 58 24 a2 85 
7a 75 47 a5 74 57 4a 75 47 a7 
4a 42 a2 7a 72 47 46 76 47 a2 
74 57 7a 57 58 78 47 a8 74 57 
7a 17 13 73 47 a5 74 37 7a 37 
a7 1a 31 a3 7a 71 57 a1 75 47 
5a 74 17 13 73 47 a5 74 57 4a 
75 47 a7 6a 67 a7 6a 64 a4 7a 
74 a4 7a 76 47 a6 74 27 7a 27 
a7 4a 46 a6 2a 26 a6 7a 76 47 
a6 74 17 4a 71 47 a7 2a 72 74 
37 24 82 73 87 85 75 47 25 32 
74 87 23 82 83 23 42 73 47 27 
82 81 48 21 42 82 48 4h 5h 5h 
6h 5h 47 41 4h 4h 4h 6h 5h 5h 
6h 6h 6h 3h 3h 3h 6h 3h 6h ah 
14 1h 1h 6h 15 1h 35 3h 2h 62 
6h 16 36 3h 3h 13 1h 1h 4h 7h 
7h 5h 7h 5h 2h 6h 2h 6h 3h 8h 

