1
8a 15 25 32 65 87 82 87 83 48 
43 45 41 4h 48 46 34 24 23 43 
42 74 73 43 64 86 48 14 13 1h 
6h 1h 43 86 54 51 41 a4 68 1a 
15 a5 86 2a 68 24 21 a4 51 86 
74 15 7a 7h 51 73 74 75 87 67 
68 78 64 64 87 8h 86 18 3h 51 
34 85 78 76 57 86 58 78 57 52 
72 87 82 58 72 57 57 43 5h 34 
6h 43 a5 34 85 48 5a 84 38 48 
43 83 84 68 a5 34 8a 68 a8 43 
6a 34 6h 86 3h 68 46 43 63 16 
21 62 36 34 64 a6 8a 86 58 a6 
85 68 5a 86 58 a8 5a 5h 65 5h 
65 4h 43 6h 36 64 36 46 43 63 
64 36 64 16 21 62 46 4h 63 46 
1h 64 36 21 63 26 16 12 62 61 
36 21 63 a6 12 5a 85 86 38 34 
84 38 56 35 21 53 45 83 48 83 
48 53 45 85 38 35 85 38 34 84 
38 12 83 58 54 84 38 21 83 58 
53 15 52 15 83 18 58 25 1h 61 
ah 16 3a 61 4h 16 a3 52 45 61 
53 45 28 3a 82 54 35 16 53 85 
25 28 58 52 35 82 61 43 54 35 
16 53 25 a4 52 45 61 53 45 28 
5a 45 a5 16 1a 31 15 31 34 14 
31 54 13 51 82 41 45 15 28 43 
13 51 82 15 81 21 28 18 12 51 
82 15 a1 28 3a 34 61 a4 54 16 
5a 82 61 53 85 25 28 58 52 85 
a3 52 45 16 53 45 28 3a 82 54 
35 61 53 85 25 28 58 52 35 82 
16 43 54 35 61 53 25 a4 58 35 
82 16 45 43 53 54 35 61 28 54 
15 5a 45 53 45 35 34 54 53 85 
52 65 16 31 41 43 13 14 31 28 
a5 14 31 82 56 41 43 13 14 31 
28 3a 43 13 41 a1 31 65 3a 34 
56 a4 14 65 1a 82 56 13 81 21 
28 18 12 81 a3 12 41 65 13 41 
28 1a 41 a1 56 5a 35 51 35 34 
54 35 14 53 15 82 51 85 25 28 
58 52 35 82 53 15 13 81 53 45 
21 28 53 15 58 45 35 34 54 53 
25 15 31 85 26 13 81 51 86 18 
16 31 86 58 13 41 13 41 31 34 
68 65 3h 14 85 86 38 41 83 48 
18 14 31 84 56 13 51 48 61 5h 
35 84 16 53 45 58 45 85 84 58 
61 84 68 18 16 31 45 13 41 43 
13 51 13 41 4h 35 86 47 34 31 
54 51 35 37 41 57 35 36 53 65 
68 5h 35 14 2h 32 86 52 35 68 
3h 41 38 13 58 15 34 13 53 85 
5h 45 53 85 86 56 35 54 35 45 
43 54 43 64 68 4h 84 46 34 45 
34 54 53 65 4h 58 25 4h 84 46 
34 31 63 41 64 34 63 83 18 17 
87 68 52 65 85 68 4h 86 58 4h 
64 85 38 35 23 85 28 38 53 46 
54 34 53 56 45 43 64 1h 31 51 
85 34 13 14 61 34 23 58 45 42 
52 45 41 84 83 18 58 75 5h 75 
5h 85 81 38 48 14 54 75 4h 57 
25 16 81 46 24 26 46 74 56 75 
78 58 75 15 81 15 45 6h 51 54 
14 81 83 48 41 64 15 85 68 48 
54 13 61 53 43 84 62 48 54 12 
81 82 38 12 31 35 37 47 81 1h 
54 28 14 21 81 48 87 28 26 86 
18 16 71 86 78 18 71 41 84 85 
18 51 41 64 85 18 85 68 48 14 
13 51 43 54 13 61 57 85 81 68 
51 35 86 38 58 65 43 84 87 18 
47 34 81 38 48 14 56 15 78 62 
51 85 41 74 87 57 25 48 14 56 
15 45 84 83 68 18 51 58 35 18 
71 53 75 53 75 45 34 15 31 41 
54 8h 45 14 13 81 43 84 53 48 
54 34 57 85 86 38 87 38 47 56 
75 16 71 54 75 18 41 45 84 58 
18 61 45 84 45 64 14 81 83 48 
37 17 84 62 4h 21 78 58 16 81 
73 18 51 57 65 17 31 45 84 71 
41 54 87 18 87 18 13 45 83 3h 
51 34 78 15 71 43 74 37 14 51 
84 78 83 15 37 4h 58 41 73 13 
52 47 8h 31 35 24 78 15 87 57 
42 5h 21 78 74 84 12 4h 25 56 
47 6h 78 83 6h 31 17 3h 75 5h 
2h ah 7a ah 
