0
1h 47 36 87 47 57 83 41 86 47 
45 43 41 84 82 8h 4h 78 74 84 
78 72 82 48 42 54 82 58 48 74 
75 45 84 74 73 87 48 47 24 87 
28 48 24 25 45 84 85 18 45 14 
15 45 14 16 1h 8h 28 46 24 23 
84 78 72 82 78 73 83 78 7h 6h 
67 62 6h 63 68 51 5h 76 17 15 
75 27 23 73 27 2h 2h 63 6h 26 
2h 7h 67 65 6h 8h 75 47 46 34 
76 37 24 32 72 47 42 72 34 37 
47 34 38 48 74 78 48 27 24 74 
27 28 78 32 37 27 42 48 28 34 
32 3h 3h 42 34 34 36 73 72 32 
57 53 73 16 57 51 71 57 56 76 
17 16 51 5h 76 37 36 76 53 57 
37 53 5h 5h 8h 8h 6h 8h 6h 8h 
6h 8h 6h 8h 6h 8h 1h 6h 8h 6h 
8h 7h 6h 5h 7h 2h 6h 2h 6h 2h 
2h 3h 4h 6h 4h 
