1
14 36 4a 48 a8 4a 42 43 23 13 
1h 51 43 45 43 a4 1a 24 73 18 
a8 76 5a 53 a3 7a 75 78 7h 1h 
27 13 15 81 25 62 18 68 61 81 
21 76 27 26 78 18 37 35 75 81 
67 62 61 21 71 61 a7 6a 6h 65 
75 16 a7 6a 16 12 62 a6 8a 87 
a7 6a 56 a2 1a 17 65 a7 16 18 
71 68 76 16 71 87 18 61 67 86 
17 81 61 76 71 61 76 78 68 16 
18 68 16 17 81 67 86 16 71 87 
18 61 67 86 17 81 61 76 71 61 
76 78 68 16 18 68 16 17 31 1a 
71 61 86 81 61 86 87 67 16 17 
67 16 18 71 68 76 16 71 87 18 
61 67 86 17 81 61 76 71 61 76 
78 68 16 18 68 16 17 81 67 86 
16 71 87 18 61 67 36 a6 17 31 
1a 31 a1 6a 61 a6 61 76 78 68 
16 6a 16 a6 3a 34 a4 6a 61 a6 
61 76 6a 76 a6 7a 87 86 76 a7 
8a 87 a7 6a 67 a7 6a 68 a6 68 
16 6a 16 a6 1a 14 a1 14 61 64 
76 14 71 61 76 87 68 16 18 68 
71 76 16 81 86 16 81 87 17 61 
67 17 61 68 18 36 81 6a 86 16 
71 76 16 71 78 18 61 68 18 31 
a1 6a 67 a7 86 3a 68 38 36 3h 
2h 2h 31 a1 73 3a 73 a3 7a 87 
28 72 a7 3a 37 a7 83 8a 87 a7 
37 23 3a 72 73 23 27 26 a7 32 
73 27 82 2a 82 a2 3a 73 a7 8a 
86 a6 3a 73 a7 2a 26 a6 82 2a 
32 73 27 82 a2 3a 73 a7 8a 8h 
86 83 8h 7h 82 38 37 3h 4h 87 
23 28 38 a3 23 72 2a 72 76 26 
a6 72 2a 72 a2 7a 78 a8 27 28 
78 62 67 7a 68 87 a7 27 82 68 
26 72 2a 72 76 87 67 27 68 6h 
a7 72 7a 78 a8 28 62 7a 26 47 
42 41 21 71 62 67 27 62 63 23 
72 73 23 87 82 72 a7 87 2a 27 
a7 72 6a 27 86 83 63 72 76 73 
63 23 86 82 62 a6 7a 27 28 78 
42 47 27 a2 7a 74 a4 17 7a 17 
14 74 a4 87 2a 78 42 47 27 41 
42 12 14 24 21 41 72 71 21 87 
82 72 87 86 76 48 47 87 28 26 
86 42 58 5h 24 72 74 24 67 62 
72 a7 8a 28 26 86 42 48 28 a2 
8a 84 a4 48 5a 5h 84 51 58 5h 
54 5h 2h 3h 3h 5h 7h 8h 6h 6h 
4h ah 3h 1h 3h 1h 3h 1h 3h 1h 
6h 1h 3h 4h 6h 4h 3h 1h 6h 1h 
5h 1h 3h 4h 3h 4h 3h 
