1
5h 3h 2a 62 81 73 58 a6 2a 25 
72 a5 7a 78 73 78 a8 3a 37 a7 
3a 35 38 35 37 3h 13 a5 31 73 
3a 73 75 17 35 13 73 17 51 a1 
7a 17 15 75 67 68 78 37 65 73 
17 1h 25 a2 86 3a 31 23 52 35 
63 a1 36 23 52 35 83 3a 83 a3 
63 8a 84 a4 36 3a 34 13 a4 31 
83 7a 17 64 71 87 37 23 52 35 
13 46 31 73 78 27 38 23 2h 64 
32 13 72 17 37 63 6h 2h 1h 2h 
2h 4h ah 24 28 52 6a 76 25 82 
43 28 42 32 34 83 67 56 38 53 
63 76 24 67 a6 42 3a 35 83 a5 
24 38 43 4a 32 43 48 38 73 a8 
28 3a 83 32 83 23 28 52 a7 25 
32 3a 43 28 42 32 43 46 4h 7h 
5h 31 63 64 16 34 83 61 86 36 
13 a8 31 83 63 68 36 8a 38 13 
68 26 31 53 62 56 36 53 54 34 
63 64 16 34 83 61 86 36 13 a8 
31 83 63 68 36 8a 38 13 68 26 
31 53 62 56 36 53 51 31 63 61 
86 31 83 63 16 a8 61 86 36 38 
63 7a 17 36 83 71 87 37 63 82 
37 83 23 28 38 32 73 82 37 a3 
28 6a 16 82 61 86 26 28 68 62 
16 82 61 a6 76 28 7a 82 72 17 
a2 62 71 27 3a 13 76 47 62 31 
43 73 17 26 71 27 67 62 46 41 
61 36 31 73 61 86 32 83 63 16 
27 61 26 76 72 37 38 53 78 27 
67 62 56 36 83 a5 72 38 53 7a 
17 35 13 73 17 14 74 37 34 13 
74 17 37 13 16 36 73 76 17 36 
83 71 87 37 a3 23 7a 32 78 27 
a8 72 57 7a 17 23 71 27 37 32 
53 57 37 13 a7 31 73 1a 37 83 
85 35 73 a1 37 13 7a 31 73 a3 
7a 72 a2 3a 32 13 a2 31 83 7a 
87 81 37 83 8h 85 18 2h 23 81 
58 3h 85 18 2h 32 13 83 18 4h 
41 1h 2h 1h 21 1h 21 25 15 21 
5h 51 4h 46 4h 52 6h 64 1h 46 
1h 21 15 21 27 52 21 52 12 15 
21 15 31 27 52 27 52 13 51 21 
32 38 43 42 32 13 15 21 35 23 
13 51 28 32 47 23 52 12 31 38 
23 18 61 18 61 81 25 62 82 12 
18 21 18 21 26 52 16 81 16 81 
32 83 13 21 54 85 12 31 35 23 
15 81 32 63 6h 35 23 24 52 34 
53 23 52 51 35 32 43 26 56 15 
25 42 32 53 51 45 7h 31 23 25 
12 35 13 23 52 18 61 63 13 51 
21 32 36 26 32 54 85 23 12 14 
71 24 72 47 17 31 58 45 25 82 
13 71 5h 54 75 54 75 45 47 57 
17 41 51 65 6h 28 32 38 63 26 
82 32 13 14 81 2h 18 41 31 83 
23 62 1h 23 62 14 31 12 31 21 
23 62 2h 42 4h 74 7h 72 3h 27 
38 13 18 71 38 73 27 82 17 28 
ah 71 72 13 27 5a 31 82 85 17 
58 28 ah 81 85 82 52 4a 25 74 
15 71 41 54 52 15 42 17 57 ah 
74 43 3a 21 25 74 26 56 16 47 
6h 62 65 71 25 17 5h 74 37 56 
4h 62 71 28 17 7h 83 36 8h 65 
6h ah 5a ah 7a ah 
