0
73 74 67 56 5h 5h 54 53 5h 65 
53 65 64 64 64 6h 76 35 67 36 
34 64 76 54 67 36 3h 8h 7h 5h 
8h 3h 3h 8h 2h 75 38 63 76 78 
7h 37 82 52 85 86 56 45 73 47 
57 35 45 43 53 54 35 3h 54 75 
74 87 8h 7h 68 67 87 48 58 75 
76 27 25 75 47 43 73 87 83 58 
73 57 56 76 86 45 47 48 57 45 
85 78 75 37 85 38 78 37 35 75 
87 85 68 75 67 72 67 82 68 78 
47 4h 4h 47 64 86 84 58 64 56 
86 58 53 83 68 63 46 83 58 64 
56 86 38 57 5h 35 85 38 36 86 
58 56 25 24 54 65 85 68 63 83 
58 53 65 83 18 56 45 42 52 65 
67 36 57 35 65 36 37 67 56 57 
15 67 26 24 64 26 2h 1h 8h 7h 
4h 7h 38 54 15 1h 1h 3h 43 46 
36 43 52 65 63 53 45 65 36 35 
65 46 42 4h 62 56 5h 5h 8h 28 
35 23 83 58 53 25 83 28 2h 2h 
6h 7h 3h 7h 3h 7h 3h 1h 5h 7h 
3h 7h 4h 2h 7h 8h 7h 
