1
6a 52 56 a6 3a 3h 7h 72 7h 7h 
2h 5h 7h 71 87 18 78 17 a1 5a 
75 67 61 71 67 65 16 17 67 85 
61 63 71 58 a6 17 3a 36 a6 8a 
71 a5 36 17 1a 13 a3 5a 73 a8 
7a 71 a7 37 31 3a 71 85 a3 73 
13 58 5a 57 a7 31 5a 51 25 41 
52 75 85 87 57 58 25 78 52 a5 
7a 75 27 a5 72 47 8a 74 87 58 
75 27 a8 72 47 3a 85 74 37 a7 
58 3a 85 38 35 83 53 58 38 35 
23 85 32 a3 58 7a 73 57 a3 87 
85 75 78 57 2a 75 87 57 58 78 
75 67 27 85 a7 58 6a 62 a2 85 
6a 64 56 a4 68 26 24 85 64 86 
56 58 68 65 86 65 76 6a 76 74 
27 64 26 27 26 58 a4 85 7a 72 
57 a2 78 47 7a 27 85 72 87 57 
58 78 75 47 a7 85 4a 42 58 a2 
85 7a 72 57 a2 78 47 7a 47 a7 
85 4a 46 58 a6 85 7a 76 57 a6 
75 87 57 58 78 75 27 85 72 37 
7a 37 a7 58 3a 23 85 32 83 53 
58 38 35 23 85 32 43 45 a5 7a 
75 27 a5 72 87 2a 78 27 a7 2a 
26 a6 7a 76 27 a6 72 87 3a 83 
73 87 81 1h a8 3a 37 23 a7 32 
83 2a 38 23 a3 2a 2h a2 3a 32 
83 a2 38 43 46 3a 13 1h 15 ah 
51 3a 23 5h 32 13 15 35 83 1h 
14 12 38 43 18 15 41 84 31 83 
43 84 8h 82 78 5h 87 28 ah 82 
78 2a 87 28 6h 82 78 6h 87 28 
5h 82 78 6h 87 68 8h 68 8h 68 
1h 28 2h 1h 17 6h 26 23 82 86 
78 26 72 82 78 71 27 28 32 78 
37 27 82 34 13 8h 83 78 74 67 
5h 76 37 31 43 83 48 71 37 38 
13 78 17 37 83 5h 38 73 71 87 
31 83 73 17 84 18 6h 81 48 71 
37 38 13 78 17 37 83 ah 38 73 
71 87 31 83 73 17 84 18 2a 32 
34 63 24 62 32 43 78 47 67 36 
23 27 42 76 36 73 72 87 81 28 
38 53 3h 53 3h 83 82 18 78 27 
37 53 3h 83 24 52 81 58 28 42 
31 73 72 57 17 87 81 28 71 82 
78 75 27 85 18 85 18 37 13 83 
58 7h 83 58 51 81 38 81 38 72 
17 35 13 78 17 37 83 37 23 85 
78 85 78 32 53 57 85 35 7h 58 
53 37 53 73 83 28 24 32 84 38 
28 42 31 83 75 47 85 35 27 18 
6h 73 62 63 67 37 27 62 32 73 
81 78 38 73 74 87 83 28 73 47 
87 38 37 32 73 83 78 74 37 38 
13 82 46 86 28 78 27 31 83 87 
58 76 51 81 68 62 87 18 72 32 
13 83 28 76 17 26 86 38 71 83 
6h 37 18 38 23 63 85 75 37 32 
63 73 27 81 68 78 37 82 84 58 
24 51 81 48 78 47 83 87 38 87 
58 26 12 36 73 36 13 85 23 67 
3h 18 62 35 63 23 72 23 72 81 
38 82 38 28 27 82 51 73 23 52 
87 38 87 38 34 13 84 18 21 42 
31 43 23 72 85 27 3h 78 72 15 
27 12 52 73 51 3h 76 17 27 21 
72 21 62 34 26 7h 63 4h 12 17 
27 36 4h 62 5h 73 26 37 ah 64 
8a 75 46 57 ah 62 2a 73 71 31 
1h 18 8h 6h ah 1a ah 
