2
4a 5b 53 43 54 52 b5 4b 42 74 
b2 a2 4b 4a 48 a8 1a 71 7h b8 
7b 7h 6h 7h b7 36 3b 34 37 47 
b7 67 1b 31 35 37 38 34 13 15 
1h 8h 35 43 63 68 46 41 54 b5 
4b 54 b5 3b 36 83 b6 38 23 8b 
32 83 b3 5b 45 34 38 23 48 24 
21 34 53 b5 12 3b 83 21 38 23 
13 12 32 31 53 b5 21 3b 53 b5 
12 4b 21 41 84 b1 48 24 8b 42 
84 b4 5b 35 43 48 24 38 23 25 
43 84 8h 5h 52 b5 8b 8h 87 87 
b7 4b 24 52 45 24 2h 2h ah 8a 
bh 8b 2h 25 25 82 8h 58 54 84 
58 4h 85 48 7h 72 4h 54 84 18 
7h 81 58 51 81 58 7h 76 8h 58 
67 bh 76 5b 45 7h 54 15 a6 51 
45 41 64 1a 46 14 a4 54 15 18 
58 15 13 53 15 1a 1h 15 35 1h 
21 26 42 16 41 21 62 48 14 18 
61 48 64 21 62 42 14 12 61 42 
64 17 61 41 24 53 42 64 71 6h 
61 86 8h 35 1h 17 bh 71 6b 86 
bh 17 6b 26 53 62 86 83 63 26 
85 28 68 26 27 82 86 58 26 52 
82 68 8h 68 67 26 87 18 62 36 
32 62 36 14 31 61 26 84 38 21 
61 26 25 12 65 16 26 12 18 61 
62 56 12 51 61 26 21 28 12 62 
16 15 21 26 52 82 62 12 81 61 
26 21 61 26 53 45 28 42 68 16 
52 15 65 16 13 51 56 85 16 81 
51 65 61 51 35 6h 16 58 15 18 
58 35 15 81 61 86 5h 53 85 65 
16 15 31 83 58 68 56 53 25 63 
86 83 78 63 76 86 78 24 62 68 
46 28 32 56 75 8h 23 82 85 38 
8h 58 28 62 52 85 82 38 52 35 
31 76 51 25 81 28 26 86 18 56 
15 85 18 27 62 83 78 74 6h 84 
58 53 65 83 68 46 56 45 85 68 
85 68 58 56 86 85 68 85 68 67 
36 87 38 8h 58 87 58 54 35 84 
38 74 83 78 53 75 85 48 31 5h 
84 18 57 35 13 83 5h 41 48 45 
18 31 54 35 7h 15 81 84 58 14 
85 7h 51 48 47 87 48 15 71 78 
57 18 75 bh 81 87 17 51 53 75 
84 38 74 54 18 2b 87 45 41 42 
12 52 78 bh 21 6b 85 27 17 24 
58 bh 76 81 42 72 62 18 8b 25 
27 83 72 52 2h 36 2h 24 6h 41 
4h bh 1b bh 3b bh ah 
