1
7a 28 78 a5 2a 76 28 28 35 23 
24 31 72 76 7h 5h 13 57 53 73 
a7 5a 15 71 27 a1 3a 72 87 a3 
4a 14 78 37 a1 7a 37 35 a7 4a 
14 a1 7a 75 a5 37 3a 73 57 a3 
7a 87 a5 2a 78 17 41 74 a7 2a 
12 41 24 52 53 23 a2 72 6a 67 
a7 4a 14 68 62 a1 7a 78 a8 17 
2a 41 74 27 26 42 a7 8a 24 32 
a8 35 3a 25 a2 5a 52 a2 1a 41 
a4 7a 76 87 a6 53 5a 78 27 23 
73 a7 1a 41 a4 75 67 25 62 72 
67 8a 76 87 a7 1a 41 a4 3a 35 
a5 1a 41 a4 7a 78 67 a8 76 87 
6a 78 67 a7 1a 41 a4 5a 53 a3 
1a 41 a4 2a 27 62 62 6h 86 4h 
14 68 16 46 a7 64 61 46 8a 64 
36 35 65 46 a8 64 36 1a 63 16 
a6 46 8a 4h 74 a8 47 1a 17 13 
15 13 61 3h 16 81 3h 18 71 74 
14 71 72 12 41 42 12 a1 7a 47 
41 74 27 24 74 a7 4a 42 a2 4a 
47 45 5h 6h a7 6a 6h 86 3h 68 
36 32 62 86 6h 86 a3 68 36 8a 
63 86 81 61 86 a1 68 36 8a 63 
56 5h a8 6a 36 3h 3h 2h 3h 83 
2h 38 53 2h 35 13 1h 27 1h 72 
7h 2h 27 8h 72 8h 27 2h 24 8h 
42 2h 2h 42 48 14 18 51 48 54 
14 a1 6a 46 45 84 65 86 46 a4 
3a 63 68 56 38 73 65 76 36 83 
72 87 37 63 62 86 32 73 76 57 
36 53 73 a7 1a 31 35 63 15 61 
68 26 31 23 63 16 18 31 68 26 
13 62 a1 86 4a 84 64 36 32 83 
62 46 43 54 63 26 45 24 64 a6 
1a 41 42 12 a4 31 1a 31 38 53 
18 51 31 83 a3 1a 15 81 a5 18 
31 38 53 18 51 31 83 1a 38 53 
13 81 a3 18 31 4a 34 14 51 31 
83 52 57 53 45 41 84 51 85 45 
84 8h 87 82 83 8h 78 ah 87 18 
6a 76 81 78 68 16 73 57 54 35 
74 37 57 35 34 73 75 47 35 43 
73 57 1h 75 87 85 38 34 23 84 
28 38 43 5h 34 13 18 51 38 53 
13 81 54 25 8h 52 35 34 23 4h 
32 83 82 48 32 43 83 48 ah 84 
38 34 23 84 28 38 43 6a 26 ah 
34 83 86 48 36 43 83 68 7a 67 
87 38 62 46 36 43 ah 86 78 72 
67 82 68 63 78 1a 86 37 21 68 
26 16 81 87 28 34 23 83 48 ah 
17 61 63 76 13 71 61 36 78 27 
5a 15 72 37 67 86 ah 68 36 51 
75 76 27 37 83 5a 15 13 61 53 
75 84 16 57 38 6h 31 75 81 48 
65 16 72 57 38 23 18 68 75 32 
81 8h 56 87 23 53 63 78 ah 85 
84 54 1a 36 37 48 45 73 63 85 
ah 51 54 14 3a 47 3h 46 32 64 
74 28 ah 45 41 82 14 54 4a 23 
4h 32 ah 26 6a 2h ah 4a ah 
