1
15 38 3h 5a 53 a3 8a 83 81 87 
a3 53 8a 58 a8 5a 56 5h 15 16 
41 74 56 75 7h 87 27 25 82 86 
83 78 72 76 7h 78 7h 26 87 86 
48 76 47 87 48 47 a7 2a 24 23 
a4 8a 38 a8 3a 32 a2 8a 82 78 
a2 3a 75 85 38 35 85 18 a5 81 
38 37 87 48 5a 84 58 57 87 a7 
48 2a 84 28 a8 2a 27 a7 8a 87 
a7 48 8a 48 a8 3a 23 42 4h 1h 
1h ah 4a 24 21 28 12 42 64 68 
48 24 21 32 41 34 32 3h 8h a2 
86 13 68 4a 31 24 86 23 43 68 
74 86 73 43 68 74 86 72 42 68 
34 32 42 86 34 37 47 68 13 86 
14 34 68 13 15 86 a5 68 1a 1h 
86 21 2h 2h 2h 8h 6h 2h 8h 84 
62 48 68 64 84 86 46 26 48 42 
43 23 83 54 5h 32 68 62 63 23 
26 36 86 32 38 28 62 68 28 62 
63 23 82 83 23 82 86 26 38 36 
86 72 78 28 74 7h 3h 3h 75 7h 
7h 82 84 24 58 52 57 27 87 42 
48 28 42 47 27 84 87 47 52 68 
64 84 25 78 72 82 68 63 6h 5h 
6h 83 28 27 87 42 43 23 78 34 
72 82 43 78 74 84 28 24 84 32 
38 28 62 6h 6h ah 1h 68 6h 4h 
8h 4h 8h 4h 8h 4h 3h 7h 3h 7h 
3h 7h 3h 5h 7h 2h 7h 6h 
