1
8h 5h 7h 45 38 13 7a 72 76 16 
76 73 57 51 5h 54 58 71 51 37 
35 32 52 85 72 87 57 85 a8 7a 
75 37 a5 75 87 8a 84 85 8h 63 
a8 1a 78 17 a7 6a 67 a7 37 1a 
42 18 31 71 a8 17 5a 53 24 71 
a3 42 7a 76 a6 16 7a 78 61 a8 
16 47 27 24 74 3a 47 42 72 61 
74 57 37 24 16 a7 61 5a 42 52 
35 a2 52 45 16 54 35 36 43 7a 
34 23 73 72 37 a7 3a 73 72 47 
32 43 4h 73 47 54 25 a7 52 45 
4a 41 4h 6h 7h 64 16 41 84 85 
45 64 16 41 a4 84 7a 27 48 72 
57 58 78 27 54 25 75 67 16 71 
57 52 85 84 54 25 75 67 16 71 
57 52 35 72 47 53 65 74 17 51 
65 64 54 25 74 27 57 45 14 51 
75 72 37 52 45 14 51 65 73 67 
a6 5a 35 37 23 57 25 26 56 25 
36 23 27 37 23 57 25 35 43 14 
31 53 52 75 32 73 72 32 73 52 
75 35 43 14 31 53 57 45 37 13 
51 45 15 14 34 53 51 45 51 45 
35 13 14 34 a3 13 61 5a 45 a4 
6a 62 a2 12 5a 53 25 43 a4 51 
25 26 56 25 16 52 35 43 54 35 
2a 53 25 27 57 25 61 52 35 43 
54 35 a7 16 43 54 35 5a 35 a5 
61 6a 67 a7 17 5a 53 25 71 52 
45 a4 5a 35 45 43 53 54 35 a3 
54 35 43 54 15 7a 51 25 76 52 
35 43 54 65 a5 15 3a 43 a4 51 
7a 67 15 a6 51 5a 56 15 a6 56 
75 5a 25 61 52 35 43 54 75 a5 
16 3a 72 43 61 a4 27 6a 65 a5 
15 3a 51 72 43 15 a4 27 6a 51 
72 62 6h 5h 4h 4h ah 63 5a 52 
5h 25 a5 2a 27 a7 5a 57 25 a7 
52 35 5a 35 34 3h 3h 23 54 25 
35 23 a4 32 53 52 75 32 73 53 
25 5a 35 37 23 57 25 35 23 a5 
32 53 2a 35 23 23 2h 32 a3 6a 
16 17 1h 6h 4h 36 a1 23 62 56 
2a 65 26 28 2h 7h 7h 4h 7h 4h 
7h 7h 7h 4h 2h 4h 5h 4h 5h 4h 
5h 4h 8h 7h 8h 7h 8h 8h 6h 3h 
8h 1h 3h ah 1h 
