1
4h 1a 63 6h 42 64 14 61 71 65 
63 86 87 81 8h 52 a1 5a 5h 65 
a6 26 2a 24 2h a4 64 6a 26 a6 
2a 28 a8 7a 72 a2 7a 72 71 71 
67 62 16 1h 72 a7 57 5a 5h 5h 
5h 6h 85 86 56 85 8h 68 65 16 
85 18 68 16 13 63 86 83 58 63 
56 86 18 1h 14 54 65 64 36 54 
35 65 36 38 68 56 58 68 35 36 
56 a5 75 6a 63 57 a3 75 36 57 
2a 63 75 26 57 a6 75 7a 67 62 
72 46 47 67 46 41 61 42 76 71 
61 24 27 26 76 46 47 67 42 62 
64 24 74 72 42 16 24 17 67 42 
16 24 14 64 12 76 74 64 37 31 
71 36 36 16 87 83 73 61 87 81 
86 16 76 38 36 86 17 18 78 67 
63 73 67 68 78 37 38 78 67 61 
71 87 83 73 87 81 71 37 31 71 
87 86 76 38 3h 4h 1h 18 17 87 
81 71 a8 58 3a 35 3h 17 13 73 
71 31 57 13 85 78 17 37 31 71 
43 4h 17 1h 1h 42 4h 1h 4h 1h 
4h 1h 4h 4h 5h 85 41 46 4h 3h 
7h 2h 6h 4h 45 23 2h 64 6h 65 
26 2h 21 2h 2h 2h 7h 3h 4h 6h 
5h 1h 5h 1h 5h 5h 8h ah 
