0
3h 41 81 53 75 68 75 65 74 7h 
7h 2h 8h 78 37 32 3h 36 3h 8h 
67 62 86 83 72 78 67 65 63 62 
16 75 17 14 74 17 1h 64 56 51 
61 56 52 62 56 58 68 56 75 17 
12 72 17 1h 1h 2h 2h 61 36 3h 
3h 2h 3h 28 23 78 27 37 23 21 
31 83 87 37 83 81 31 83 82 32 
83 87 28 7h 82 48 3h 23 84 28 
38 73 71 31 73 78 47 38 43 45 
35 83 75 87 37 83 82 78 73 83 
27 28 25 2h 3h 78 37 38 23 78 
52 57 27 25 2h 6h 52 5h 72 16 
1h 54 18 27 2h 1h 1h 5h 52 54 
5h 75 74 87 54 85 81 51 45 71 
47 57 45 4h 8h 8h 2h 48 42 82 
78 75 47 4h 85 48 42 4h 3h 6h 
5h 5h 1h 5h 1h 2h 1h 2h 1h 2h 
8h 1h 7h 1h 
