1
7a 85 8h 74 76 78 a6 3a 34 36 
34 35 31 a6 7a 7h a7 37 5a 53 
52 83 82 58 a2 7a 78 a8 1a 17 
a7 4a 45 a5 4a 47 a7 4a 4h 41 
4h 41 47 a4 57 5a 54 65 6h a4 
3a 31 63 a1 5a 53 5h a3 5a 45 
75 74 54 57 a5 47 1a 21 74 a2 
47 6a 65 64 a6 1a 21 65 a2 56 
4a 74 a7 65 1a 21 56 a2 65 6a 
61 6h 12 61 46 74 67 16 21 62 
a6 56 1a 21 65 a2 56 5a 51 25 
a1 52 15 65 61 56 3a 61 36 31 
23 61 26 36 13 a3 1a 15 a5 3a 
35 13 16 36 13 12 32 13 a5 31 
63 1a 36 13 a3 2a 23 a3 2a 21 
a1 6a 63 a3 1a 12 a2 6a 62 16 
a2 61 86 6a 86 a6 4a 74 a7 6a 
68 16 a8 61 26 6a 26 a6 2a 21 
a1 6a 61 26 2h 82 8h a1 2a 28 
a8 2a 24 27 23 12 3h 21 82 ah 
28 12 8a 21 82 a2 8a 84 81 84 
38 1h 83 28 24 12 84 18 28 12 
16 26 52 5h 5h 53 ah 35 2a 12 
53 21 82 86 18 26 12 35 81 48 
3h 84 18 36 81 58 12 63 53 15 
83 18 25 1h 52 7h 25 7h 52 ah 
25 1a 52 4h 25 1h 31 4h 52 1h 
41 25 14 31 36 16 31 1h 31 4h 
52 4h 13 41 47 17 31 6h 25 6h 
52 61 63 13 16 31 3h 16 41 25 
14 31 35 43 15 41 31 63 48 54 
64 34 13 18 41 65 45 15 61 41 
84 34 13 16 81 7h 36 43 41 64 
31 63 43 14 62 16 46 34 18 61 
32 83 42 74 76 46 54 17 61 17 
51 41 64 38 53 68 16 48 54 61 
56 46 14 13 81 32 42 64 65 86 
16 81 34 63 61 46 31 53 64 76 
6h 16 35 13 63 46 18 51 3h 38 
73 38 73 83 15 71 8h 64 36 31 
83 37 53 17 67 46 43 74 63 76 
46 34 78 3h 87 18 71 7h 35 63 
68 38 2h 86 83 63 86 18 21 1h 
31 36 53 68 18 21 42 84 35 83 
43 84 68 36 34 53 48 68 26 35 
23 63 56 25 62 86 6h 86 1h 31 
64 26 36 43 16 81 48 31 52 1h 
64 23 63 43 84 65 18 4h 36 51 
6h 34 86 87 67 12 42 5h 78 76 
21 24 86 42 12 6h 25 28 53 67 
8h 74 3h 47 3h 71 1h 7h 2h ah 

