2
2a 2b 52 58 5h 8h 51 51 5h 85 
81 71 84 a4 54 25 2a b8 2b a2 
52 8a b5 85 a5 2b 2a 28 a8 2a 
26 82 b2 8b 86 b6 8b a8 3a b8 
2b 26 b6 8b 12 18 28 12 b2 82 
5b 28 a5 82 8a 81 b8 6b a1 21 
8a b8 86 a8 12 5b 85 b8 21 8a 
18 5b 81 58 b8 12 3b 36 32 56 
85 86 38 56 25 21 51 65 a6 8a 
68 56 25 23 12 53 45 13 23 42 
52 65 86 48 43 83 28 23 62 83 
68 28 b2 8b 58 65 62 52 85 82 
38 52 35 85 28 b2 8b 58 53 65 
83 68 58 25 b2 5b 25 b2 8b 86 
38 b6 83 18 8b 18 b8 5b 25 b2 
5b 15 14 54 35 12 53 15 1h 53 
65 a2 56 35 5a 35 a5 7a 78 72 
2h 5h 53 65 67 57 b5 7b 76 b6 
7b 76 17 b1 76 37 5b 65 73 67 
57 65 61 51 75 71 37 51 35 75 
b7 5b 53 65 b3 56 35 6b 53 65 
b5 7b 57 56 25 76 27 57 25 21 
51 75 71 37 51 35 75 b7 5b 53 
65 b3 56 45 7b 47 57 b5 1b 15 
b5 1b 12 b2 5b 52 b2 5b 75 74 
87 54 85 75 37 84 38 78 57 54 
35 74 37 34 57 85 87 38 57 35 
85 38 45 83 48 58 54 53 25 84 
83 28 58 25 21 51 85 81 38 51 
65 83 48 56 75 84 78 58 75 74 
37 54 35 75 87 84 38 74 37 87 
58 57 65 87 68 58 45 34 83 86 
28 36 43 82 48 38 b3 5b 85 84 
68 54 65 85 48 b4 8b 48 b4 5b 
56 25 b6 52 65 2b 56 25 b5 2b 
12 13 23 42 84 18 15 85 38 35 
85 48 24 52 53 23 b2 8b 38 35 
85 48 b4 8b 58 53 83 18 12 82 
38 35 85 48 b4 8b 58 53 83 58 
52 82 38 32 82 58 51 65 81 68 
58 25 23 53 25 21 51 35 31 51 
45 b4 3b 83 86 48 36 43 53 b5 
8b 38 34 63 84 28 36 23 83 48 
b4 8b 38 32 43 b4 82 48 7b 84 
78 b8 5b a5 3a 83 87 68 37 63 
65 83 48 a4 56 8a 48 a4 65 3a 
35 63 a5 8a 68 67 63 6h 62 46 
1h 64 26 4h 62 46 1h 64 16 6h 
16 4h 21 4h 47 12 61 76 2h 67 
46 76 74 64 67 26 47 62 46 76 
74 12 6h 67 16 1h 26 2h 21 4h 
12 1h 15 b6 51 2b 21 72 7h 24 
62 b1 26 42 47 27 62 2b 62 61 
46 21 42 62 46 48 68 46 4h 47 
4h 47 45 24 28 72 48 74 24 72 
78 28 42 48 74 28 72 42 14 4h 
24 27 12 47 14 15 45 74 25 72 
42 14 ah 41 24 27 12 47 14 13 
43 74 23 52 47 54 53 43 74 23 
72 42 54 16 51 41 24 27 62 4a 
14 15 81 26 82 2h 62 4h 74 72 
57 42 54 74 27 7h 47 45 84 5h 
48 24 26 82 bh 28 62 42 54 1b 
81 bh 45 84 14 21 26 52 4b 48 
64 14 31 1h 81 8h 25 42 46 54 
26 82 26 82 45 64 68 48 64 24 
82 3h 28 42 46 54 26 82 26 82 
45 64 42 64 24 26 42 26 52 48 
64 48 64 25 62 42 84 1h 81 41 
24 26 82 42 14 42 64 48 54 18 
21 18 21 81 26 12 16 81 68 28 
62 12 81 45 18 bh 54 81 12 81 
45 24 41 84 7b 17 72 57 14 21 
14 21 75 47 42 72 37 48 34 74 
27 18 31 35 15 41 45 24 15 81 
71 87 47 14 47 34 28 52 18 71 
18 51 21 72 43 54 27 52 1h 25 
82 53 43 74 13 51 24 82 42 47 
24 47 34 28 32 31 21 72 41 74 
28 32 47 14 25 12 15 25 72 82 
13 21 27 52 53 23 72 43 54 12 
81 21 27 12 27 82 12 71 12 71 
76 27 71 27 17 12 71 12 61 71 
27 71 37 7h 17 72 17 16 21 26 
16 31 72 37 35 17 21 43 74 75 
67 45 64 16 42 76 6h 21 64 67 
12 47 5h 71 54 76 57 35 45 64 
14 21 73 47 14 51 26 13 76 4h 
62 61 57 24 32 41 35 48 27 86 
7h 14 62 28 52 48 75 23 16 84 
6h 57 82 31 42 73 15 5h 24 37 
75 28 6h 51 87 47 13 ah 72 36 
78 63 2a 84 31 15 4h 57 73 5h 
36 3h bh 6b ah 8a bh ah 
