2
6h 21 4a 5b 27 64 57 5h 67 56 
5h 16 a2 1a 18 14 a1 2a 28 24 
27 a8 5a b5 2b a5 2a 32 32 31 
a3 6a 16 a1 2a 23 a3 72 7a 75 
a5 25 42 6a 16 24 12 a2 1a 16 
17 15 21 61 62 12 16 41 26 14 
a1 62 6a 61 a1 21 2a 26 42 a6 
16 24 12 2a 62 61 21 62 a2 12 
1a 16 a6 26 2a 21 42 a1 61 24 
62 12 16 26 21 42 61 24 82 5a 
28 62 12 16 26 21 42 61 24 52 
57 27 12 a7 26 12 2a 62 61 21 
62 a2 12 1a 16 a6 26 2a 21 42 
a1 24 32 5a 23 42 61 24 62 12 
16 26 21 42 61 24 b2 16 a5 61 
4b 16 6a 42 b2 a1 7b 16 7a 75 
a5 61 b5 16 8a 61 8b 82 b2 16 
a2 61 3b 16 8a 87 b8 5b 57 b7 
83 8b 8h 3h 6h 78 75 85 87 57 
a8 75 6a 16 57 a1 75 3a 57 b3 
75 6b 16 57 b1 75 8b 84 68 16 
57 b4 75 8b 48 61 84 68 18 16 
86 81 48 61 84 68 18 16 57 b6 
75 8b 81 48 61 84 68 18 16 86 
81 48 61 84 68 18 57 b1 75 3b 
57 a3 75 8a 18 16 86 81 68 a1 
8a 68 18 16 86 81 68 a1 7a 16 
81 78 a8 58 6a 16 85 a1 58 3a 
85 b3 58 6b 16 85 b1 58 5b 57 
b7 87 6b 16 b1 78 3b 87 a3 78 
6a 16 87 a1 8a 85 48 a5 75 84 
58 6a 85 68 18 16 86 81 68 a6 
57 3a 81 48 75 84 68 16 81 38 
a8 3a 35 37 37 83 b8 3b 83 b8 
6b 16 b1 3b 83 b8 3b 73 57 35 
83 b8 3b 83 b8 6b 16 b1 3b 83 
b8 3b a3 8a 83 48 b3 84 38 4b 
83 48 b8 3b a3 6a 16 a1 3a b3 
7b 57 b5 3b a3 6a 16 a1 3a b3 
8b 84 38 a3 8a 38 b4 83 68 6b 
65 b5 85 38 1b 51 b5 2b a3 8a 
28 24 84 38 a3 8a 38 a3 7a b4 
3b 83 78 a8 3a b3 1b 51 b5 3b 
a3 8a 87 48 a7 84 18 1a 17 41 
a7 87 48 42 18 21 4a 12 41 a1 
21 3a 12 b3 21 7b 57 b5 12 3b 
21 a3 12 8a 82 48 a2 84 38 8a 
48 b3 84 38 4b 83 48 24 b8 42 
3b 24 a3 42 7a 57 a5 24 3a 42 
b3 24 1b 42 18 41 21 b8 12 4b 
21 4h 48 12 18 61 46 34 46 34 
64 28 6h 82 ah 28 1a 41 43 74 
13 71 41 34 36 46 14 17 21 57 
45 64 63 12 31 41 74 82 7h 28 
5h 45 14 13 71 43 74 14 71 6h 
36 82 63 76 16 31 28 13 41 46 
84 16 21 41 74 82 12 18 31 28 
13 71 41 54 56 46 74 5h 47 34 
82 43 14 17 31 47 64 13 61 65 
15 31 45 34 28 43 64 13 61 41 
34 82 43 74 64 36 28 63 16 14 
31 64 36 82 63 76 13 71 61 36 
28 63 76 72 7h 72 75 78 37 2h 
82 4h 28 2h 73 47 5h 74 37 3h 
38 43 ah 34 23 7a 47 32 43 73 
27 41 54 5h 72 37 31 23 71 27 
37 23 ah 32 73 72 17 32 13 73 
27 4a 14 ah 72 37 34 23 74 27 
37 43 3a 73 72 17 16 41 76 27 
37 23 14 71 73 27 8h 13 41 46 
34 16 31 41 54 37 13 17 51 56 
16 71 46 74 31 53 47 54 6h 34 
13 17 51 8h 37 43 41 74 31 73 
43 74 72 37 34 13 74 17 15 21 
37 83 3h 73 75 47 35 43 73 57 
12 51 71 37 34 53 84 78 17 13 
41 73 47 17 31 42 54 7h 45 34 
14 21 71 87 6h 71 47 43 14 48 
64 73 87 7h 17 43 24 36 14 31 
74 37 17 41 35 73 75 47 35 63 
35 63 53 74 67 57 37 35 73 35 
73 76 47 36 53 36 53 74 87 18 
41 35 63 35 63 71 67 42 64 74 
17 34 23 71 57 7h 17 13 41 73 
47 17 31 46 54 75 47 34 14 71 
76 47 56 15 81 32 83 13 21 74 
37 43 41 54 18 78 67 46 54 74 
37 31 53 81 78 47 43 14 73 17 
47 34 12 51 63 46 74 72 37 42 
34 74 27 31 43 64 61 31 63 65 
35 83 78 17 41 74 27 37 43 45 
74 35 13 72 17 37 13 82 48 74 
73 27 43 24 74 37 16 21 53 75 
47 41 34 71 37 47 14 36 73 57 
35 63 81 48 74 73 17 43 14 74 
57 7h 47 12 51 31 42 14 56 41 
34 14 13 21 36 46 12 51 31 23 
73 27 41 34 37 13 47 14 15 61 
64 14 71 36 73 46 37 83 18 71 
64 72 57 12 61 32 43 46 36 23 
14 21 31 43 47 64 37 13 47 24 
76 14 71 34 73 13 41 75 47 17 
61 1h 71 74 57 84 18 41 75 47 
17 31 42 74 72 57 63 16 81 48 
64 75 27 17 31 65 15 21 36 73 
71 57 31 53 46 54 34 63 76 47 
37 83 3h 73 74 17 78 67 36 43 
73 17 12 31 72 67 82 76 87 34 
63 14 21 28 18 21 71 47 34 63 
73 17 12 31 72 47 46 16 21 73 
27 17 31 34 63 34 83 1h 71 46 
38 43 17 61 87 16 81 71 78 18 
63 72 37 12 61 73 67 14 31 14 
21 37 23 47 32 43 45 24 14 71 
75 37 83 15 38 4h 71 53 31 53 
13 17 31 17 51 42 74 71 37 47 
1h 73 74 76 34 15 67 ah 43 51 
41 84 17 37 83 43 24 15 71 75 
15 31 34 83 43 42 34 76 87 27 
43 64 37 17 51 28 52 12 71 56 
73 13 21 24 32 14 31 78 37 21 
65 1a 73 52 13 81 25 82 12 31 
37 23 17 32 72 56 2h 21 63 35 
12 7h 23 51 16 32 78 ah 21 43 
47 37 63 12 71 73 87 27 28 32 
12 81 46 35 2a 74 53 41 64 17 
36 45 25 18 63 5h 74 52 81 26 
18 35 47 6h 72 51 83 23 16 78 
8h 34 62 38 26 8h 61 15 6h 57 
5h 8h ah 4a ah 7a ah bh 
