2
6a 56 3b 32 a3 2a 83 58 a2 6a 
62 a2 6a 6h a2 6a 65 b6 2b 25 
b5 a5 6b 3a 36 a6 3a 3h 3h 3h 
a3 6a 63 b6 4b 4h bh 6b a3 8a 
86 58 5h a6 52 5a 54 a4 8a 82 
a2 7a 85 87 a7 85 4a b8 7b a4 
3a 72 b2 4b a3 4a 45 a5 6a b5 
8b 28 27 87 58 a6 85 68 7a 86 
28 78 a8 2a 25 a5 8a 87 85 68 
a7 86 48 43 48 7a 75 a5 6a 63 
16 18 a3 13 84 1a 14 12 1h 51 
57 17 51 52 12 51 bh 15 71 72 
12 51 5b 2h 27 3h 72 7h 73 72 
72 67 56 2h 65 76 73 57 63 56 
76 57 b6 16 51 71 57 54 5b 25 
bh 52 65 2b 56 25 3h 52 65 3h 
56 25 5h 25 26 56 25 bh 52 65 
62 52 65 2b 25 26 56 52 65 52 
65 25 26 56 52 35 5h 65 3h 52 
35 2h 53 65 bh 56 35 5b 65 3h 
34 bh 43 2b 34 2h 56 25 21 23 
27 51 25 85 2h 72 6h 61 3h 43 
6h 34 bh 43 2b 58 3h 85 4h 58 
6h 26 85 2h 32 24 32 35 13 25 
12 45 21 42 31 43 48 54 53 43 
14 25 32 25 12 42 34 38 53 48 
24 38 13 42 14 34 23 24 82 34 
83 25 82 16 81 67 21 42 31 43 
23 42 47 34 32 13 42 14 34 23 
18 21 31 43 27 12 17 81 27 52 
23 52 32 34 23 34 53 23 42 23 
42 41 34 42 34 24 23 42 23 52 
12 42 34 42 34 24 18 41 23 28 
48 34 32 42 18 7h 23 24 81 84 
25 14 38 52 4h 81 83 13 41 34 
25 13 3h 42 81 23 52 34 31 73 
25 72 41 45 74 15 24 72 3h 43 
51 26 52 12 46 24 36 53 23 12 
43 21 31 1h 14 32 21 43 1h 32 
64 21 62 42 14 18 61 43 24 21 
32 35 25 4h 83 1h 52 54 16 48 
35 25 8h 61 54 53 43 17 3h 72 
26 35 6h 54 48 7h 81 15 8h 52 
ah 25 6a 53 3h bh 5b ah bh 
