1
7h 5a 5h 5h 8h 8h a8 5a 68 a8 
4a 43 46 56 24 52 a5 75 1a 16 
18 17 14 13 16 a1 67 2a 24 26 
81 a4 18 1a 61 76 17 a1 81 5a 
18 52 a5 81 52 85 15 18 61 76 
17 3a 31 36 16 a6 81 51 5a 85 
a5 15 8a 84 a4 51 5a 54 a4 6a 
6h 14 1h 7h a5 2a 21 a1 2a 2h 
28 58 a5 2a 12 15 25 81 86 82 
8h ah 8a 68 18 61 26 82 86 58 
26 52 82 68 61 81 68 67 87 18 
17 87 28 25 42 85 68 24 62 82 
68 65 85 38 a6 36 1a 21 25 42 
15 41 21 42 46 26 12 16 41 26 
42 12 41 43 13 21 23 42 13 61 
24 62 12 61 63 13 21 23 42 13 
61 24 62 12 61 63 3h 6h 86 38 
8h 28 21 32 81 38 31 28 72 7h 
13 8h 31 81 38 7h 75 a5 83 48 
2a 42 82 48 4h 46 34 7h 43 14 
13 43 14 4h 34 7h 43 14 17 31 
47 34 37 14 71 3h 17 31 32 12 
41 47 34 36 17 31 3h 63 3h 63 
3h 63 68 26 38 73 62 56 37 53 
63 a6 3a 35 23 24 34 23 a5 32 
73 1a 71 31 43 42 32 73 72 32 
13 12 51 32 53 13 21 7h 12 31 
35 23 74 4h 15 21 31 23 7h 32 
13 12 51 32 53 13 21 47 54 6h 
36 12 51 41 54 58 31 23 61 26 
36 13 48 24 1h 42 64 62 56 6h 
56 2h 65 16 18 21 68 26 16 21 
27 17 61 67 56 ah 65 76 16 21 
3a 53 ah 35 73 12 71 31 63 61 
56 4a 14 34 13 17 21 37 43 47 
84 37 83 43 84 65 86 46 34 36 
53 83 85 35 12 61 41 64 38 23 
58 68 56 6h 76 2h 12 67 86 21 
82 62 16 14 81 4h 15 21 41 54 
24 12 14 71 24 72 12 41 ah 14 
21 27 42 17 41 21 42 45 14 58 
28 41 6a 12 74 76 46 74 73 43 
74 18 61 28 32 16 31 21 62 61 
86 21 82 47 62 7h 14 16 46 24 
37 83 23 82 8h 78 ah 25 32 4a 
54 34 13 18 61 63 86 13 41 21 
32 68 36 38 26 45 83 6h 12 84 
63 56 87 65 21 78 48 56 3h 12 
84 65 48 38 56 21 65 1h 54 14 
ah 43 45 35 8a 52 8h 56 87 65 
25 71 ah 54 53 17 35 45 5a 78 
5h 87 ah 76 6a 7h ah 5a ah 
