1
6a 6h 62 6h 32 83 64 6h 7h 1h 
a6 5a 56 5h 5h 6h 6h 16 53 15 
17 18 13 23 16 21 31 32 36 26 
23 2h 16 13 71 87 18 51 21 2h 
52 75 87 58 15 12 71 52 75 15 
71 63 a1 36 7a 76 7h 57 56 35 
76 37 57 85 68 56 75 73 27 53 
25 75 27 21 23 71 57 25 82 68 
26 52 75 17 a1 2a 52 57 35 27 
32 52 75 71 51 25 23 82 53 85 
8h 87 58 35 28 32 52 15 a7 51 
35 2a 25 32 a5 23 72 17 21 32 
3a 37 3h 3h 71 41 47 4h 6h 34 
3h 1h 8h 1h 1h 6h 73 7h 7h 6h 
6h 4h 56 17 1h 14 65 6h 6h 41 
4h 2h 72 71 57 21 52 72 87 8h 
56 25 26 12 1h 56 15 18 1h 81 
51 45 84 18 14 61 84 68 18 a1 
3a 63 61 6h 86 83 18 63 46 81 
48 68 a6 5a 85 84 38 54 35 85 
18 38 53 58 45 38 43 53 a5 6a 
36 34 83 64 86 36 a3 2a 82 81 
68 62 16 82 48 61 84 a6 28 7a 
27 21 87 a2 78 71 47 81 48 78 
17 5a 85 71 47 58 45 4h 4h ah 
3h 2h 6h 1h 8h 1h 8h 1h 7h 1h 
1h 5h 
