1
8h 18 41 4a 24 75 a4 8a 84 83 
8h 81 a4 6a 64 87 58 51 a5 1a 
12 a2 82 5a 58 5h a8 5a 52 51 
75 72 52 75 74 75 a4 1a 73 17 
a7 1a 16 1h 1h 2h 2h 12 13 a3 
21 1a 31 35 15 61 a2 1a 71 75 
27 15 21 71 27 25 75 17 15 21 
75 37 12 31 71 27 a6 72 67 2a 
76 37 38 23 52 a3 25 6a 68 52 
a8 25 6a 68 68 16 17 21 28 67 
26 67 26 12 31 52 13 51 21 25 
15 12 31 52 13 41 46 6h 25 4h 
64 56 5h 62 36 5h 63 56 8h 65 
36 56 53 63 65 36 5h 63 56 57 
67 36 37 67 36 35 65 46 3h 64 
26 7h 62 36 37 63 26 8h 62 36 
5h 63 26 8h 62 36 86 83 63 68 
26 38 62 36 86 83 63 68 a6 38 
1a 31 36 23 16 21 31 53 27 12 
17 51 27 62 15 61 35 73 21 82 
21 72 32 83 86 36 23 27 12 37 
13 23 52 36 31 53 23 12 18 31 
28 52 68 32 63 12 81 86 16 81 
31 23 61 32 a3 16 1a 18 21 a8 
68 1a 21 25 62 15 61 21 82 a5 
28 12 16 51 82 86 26 28 52 68 
25 62 15 61 21 82 3a 13 28 72 
16 81 36 73 16 71 68 31 73 21 
72 32 53 73 75 35 37 13 57 31 
23 27 12 37 13 23 52 17 31 37 
53 17 61 35 63 25 72 13 51 83 
1h 31 27 32 12 51 28 23 52 12 
31 36 23 16 71 32 83 6h 17 21 
38 73 25 62 15 71 26 72 12 61 
32 73 16 71 31 73 75 35 13 15 
21 35 23 13 51 21 32 31 53 21 
52 57 27 62 37 83 26 82 32 63 
86 38 23 26 12 36 13 23 12 17 
31 32 53 12 51 31 63 68 38 13 
15 21 35 23 13 51 27 32 37 53 
13 71 21 82 86 26 12 17 31 27 
62 13 61 21 32 35 63 86 25 82 
62 68 16 13 51 32 38 43 15 41 
62 46 16 21 36 53 28 18 51 31 
83 82 32 43 42 32 63 4h 36 13 
15 61 35 63 13 21 61 36 31 23 
61 26 28 68 16 38 13 63 16 18 
31 36 53 3h 63 13 21 68 56 1h 
31 38 73 18 71 31 73 65 16 13 
71 4h 48 24 32 62 56 31 23 21 
72 31 73 65 76 36 53 73 75 35 
37 13 57 31 63 23 12 67 56 6h 
76 8h 21 32 36 13 26 12 32 13 
16 21 23 62 13 61 21 32 3h 31 
63 67 16 37 13 63 76 16 31 36 
73 16 71 75 15 61 35 63 13 61 
65 36 31 53 61 56 36 13 7h 31 
63 65 16 35 13 63 56 16 31 36 
53 16 51 31 63 4h 36 13 15 61 
35 63 13 61 65 36 31 53 61 56 
36 13 7h 57 4h 31 63 67 16 37 
13 63 76 16 31 36 73 16 51 54 
85 14 81 51 65 37 83 ah 56 15 
13 61 53 65 15 31 2a 62 67 86 
27 82 62 76 3h 32 53 56 25 36 
23 53 65 28 72 6h 62 36 38 73 
74 27 34 83 63 86 72 37 36 83 
6h 63 26 24 32 64 86 23 82 62 
36 32 43 4h 62 86 ah 68 26 1a 
21 61 26 28 12 16 81 26 82 12 
61 6h 62 46 4h ah 5a 25 2h 28 
42 4h ah 7a 87 8h ah 3a ah 1a 
ah 6a ah 5a ah 2a ah 7a ah 4a 
ah 
