2
1a 15 8b a8 1a 12 13 1h 18 a8 
3a 31 a1 3a 37 3h bh 3b 35 36 
73 76 75 36 b3 1b 17 37 81 83 
13 81 87 82 17 31 37 23 17 21 
31 a3 68 1a 86 12 61 a2 16 51 
3a 53 13 51 52 5h 12 71 68 17 
31 32 63 12 61 31 83 31 63 62 
42 4h 26 24 64 62 42 56 18 a4 
81 2a 42 18 a4 81 6a 62 64 68 
76 a4 67 46 8a 62 46 26 24 64 
62 76 18 a1 67 26 6a 86 18 61 
26 a6 46 3a 43 42 32 83 62 38 
63 64 86 23 24 34 32 73 42 37 
43 68 46 36 83 26 38 13 81 62 
38 63 64 86 23 24 68 a6 34 32 
83 42 38 13 1a 24 16 81 86 42 
16 81 8h 78 24 87 28 48 42 82 
84 78 24 87 68 36 23 43 42 32 
34 73 24 37 b3 42 8b a8 68 7a 
86 b8 24 4b a7 4a 24 b4 7b a2 
42 4a b7 3b 73 a4 24 3a 73 7h 
42 a3 24 1a 31 42 13 41 21 24 
2h bh 14 1b 81 68 16 b1 41 4b 
42 b2 12 1b 81 68 16 a1 4a 41 
45 47 46 a1 68 4a b4 86 3b 37 
13 24 68 b7 86 4b 31 73 68 37 
23 42 14 b2 41 54 3b 73 86 45 
24 37 23 43 74 68 47 14 24 21 
41 42 34 b1 86 4b 14 12 32 13 
b2 31 53 4b 64 35 83 43 14 68 
38 36 73 86 37 13 43 74 68 47 
b4 86 3b 31 53 b1 24 35 43 3b 
73 68 37 23 42 14 b2 41 54 3b 
73 86 37 13 45 74 68 47 14 34 
73 86 37 83 63 68 38 36 73 86 
37 43 41 74 31 53 47 84 35 63 
48 36 a4 53 8a 35 63 68 38 73 
a6 37 23 3a 23 a3 86 7a 68 b2 
86 7b 74 68 b4 86 7b 68 a4 86 
3a 68 b7 86 2b 21 31 43 a1 34 
13 1a 68 b1 31 53 8b 35 83 68 
36 73 b6 3b 73 68 b3 86 7b 76 
b6 3b 36 73 b6 7b 7h ah 47 7a 
47 46 4h 2h 14 76 17 47 14 12 
1h 42 74 72 57 42 54 74 27 a6 
72 57 15 41 7a 14 b7 21 1b 21 
b1 5b 57 15 12 81 b7 18 21 51 
25 1b 15 21 27 17 51 57 25 17 
21 51 25 24 54 15 14 21 54 25 
21 23 2h b7 2b 2h 6h 7h 6h 7h 
6h 7h 6h 7h 6h 7h 6h 6h 4h 6h 
bh 7h 2h 7h 7h 6h 6h ah 4h 8h 
1h 4h 8h 1h 4h 6h 4h 6h 4h 3h 
5h 3h 
