2
48 41 48 61 7a 4b 42 a4 74 7a 
7h ah 37 7a 72 a2 7a 67 b6 7b 
67 37 32 62 63 76 72 67 a3 76 
87 7a 87 a7 62 4a 43 a3 26 4a 
47 84 87 8h bh 38 53 7b 75 b5 
62 3b 83 b8 26 7b 74 27 67 62 
72 b4 27 3b 83 72 b8 27 6b 56 
54 64 26 76 72 37 83 78 27 67 
62 56 b5 72 3b 83 b8 27 6b 86 
72 68 a6 27 3a 36 86 83 72 63 
18 1h 27 36 16 a3 63 8a 36 86 
82 38 a6 83 78 3a 87 38 a8 2a 
72 a7 3a 34 a4 2a 72 a7 3a 3h 
35 32 83 27 17 84 28 34 23 83 
28 25 85 78 73 83 78 75 27 85 
28 78 37 35 75 87 82 68 72 67 
64 74 27 84 28 78 27 6h 72 67 
3h 76 87 82 68 72 47 86 48 78 
47 46 76 87 86 28 76 27 87 a8 
3a 73 72 67 32 63 73 67 64 74 
37 34 23 74 27 37 a3 7a 72 67 
a2 76 47 7a 47 a7 4a 46 a6 7a 
76 27 a6 72 47 7a 47 48 78 27 
a8 72 67 7a 67 a7 6a 68 a8 7a 
78 27 a8 72 47 3a 43 73 47 b4 
3b 37 63 b7 36 83 3b 83 b3 8b 
86 b6 3b 36 23 b6 32 63 2b 36 
23 b3 7b 74 b4 7b a7 3a 32 63 
a2 36 83 3a 83 84 34 23 a4 32 
63 3a 63 a3 6a 64 a4 3a 34 23 
a4 32 63 3a b3 2b a6 7a 67 b2 
76 47 7b 47 b7 4b 46 b6 7b 76 
27 b6 72 47 7b 47 48 78 47 43 
73 87 83 73 27 b3 72 47 7b a7 
2a b4 6b a2 3a b6 3b 38 b8 2b 
a8 6a b2 3b 34 b4 8b a6 8a 84 
a4 2a b4 6b a2 5a b6 7b 57 a7 
3a b3 53 7b 73 27 b3 72 67 7b 
67 b7 6b 64 b4 8b 78 74 57 84 
58 52 82 68 72 37 86 38 78 27 
37 32 83 87 28 37 23 83 b8 25 
3b 35 23 b5 32 73 3b 73 75 35 
23 b5 32 53 7b 57 37 a3 7a 75 
27 a5 72 47 7a 47 a7 4a 46 a6 
7a 76 27 a6 72 47 3a 53 74 57 
37 b3 53 7b 73 27 b3 72 37 2b 
73 27 b7 8b 78 72 47 4h 82 58 
5h 52 bh 25 7b 57 5h 25 75 27 
ah 72 37 7a 37 38 78 27 a8 72 
67 7a 27 6h 72 57 52 72 a7 3a 
b3 7b 27 25 75 67 63 73 67 64 
26 74 27 67 26 2h 1h 18 1h 15 
3h 34 a5 43 2a 34 2h 43 bh 34 
2b 24 2h 82 2h 82 2h 82 85 25 
72 76 47 26 42 72 47 34 23 27 
42 37 43 23 72 73 23 42 3h 37 
24 62 7h 26 32 73 47 2h 32 37 
43 27 42 41 21 72 31 73 23 12 
72 37 32 13 72 17 37 23 5h 32 
73 71 27 31 23 73 27 21 32 37 
13 27 12 14 24 72 34 73 23 42 
72 57 7h 37 32 43 72 47 37 23 
3h 23 3h 23 27 62 8h 48 37 63 
23 72 84 78 28 72 71 87 14 24 
84 7h 32 48 47 87 48 23 72 78 
47 14 81 21 52 2h 42 5h 87 18 
17 31 87 58 24 52 82 78 13 41 
8h 28 23 72 83 78 28 32 74 57 
37 27 82 81 78 21 72 82 38 85 
48 36 23 27 12 37 13 23 72 56 
76 26 52 14 51 1h 31 38 43 72 
57 7h 87 17 21 84 68 35 73 61 
81 48 62 78 17 38 13 73 87 16 
31 32 83 12 61 35 63 84 58 13 
41 54 81 28 14 74 27 87 38 15 
21 83 78 71 47 13 83 48 78 37 
12 41 32 72 87 81 28 15 75 27 
87 38 36 73 78 27 38 63 73 87 
83 82 38 14 78 8h 31 27 81 48 
17 13 71 13 51 72 37 72 37 27 
58 23 73 72 37 72 37 85 84 58 
18 51 36 83 76 47 26 81 28 68 
17 37 63 8h 15 61 81 78 32 53 
73 8h 38 75 85 2h 57 58 35 84 
7h 13 48 57 74 16 85 36 2h 67 
6h 41 58 84 4h 15 4h 53 6h 35 
ah 52 7a 25 ah 58 8a 5h ah bh 

