2
14 2a 32 85 7b 74 17 1h ah 61 
7a 75 67 a5 75 7a 7h bh 7b 87 
87 67 b8 6b 61 b1 6b 21 26 26 
28 b2 6b 62 b2 5b 56 b6 5b 53 
b3 6b 63 b3 8b 86 b6 5b 85 8h 
4h 4h a8 6a 65 46 42 65 b6 46 
8b 86 38 36 b3 21 83 6b 68 b8 
38 5b 83 a5 38 3a 36 a6 86 8a 
12 83 18 a3 63 81 28 81 28 18 
12 82 81 28 81 38 2a 83 18 12 
82 58 b5 36 2b 63 a1 36 2a 63 
b1 36 8b 18 a2 82 58 8a 28 63 
82 18 28 21 81 82 58 b8 36 5b 
63 51 56 57 54 15 12 52 51 45 
21 54 25 15 12 52 51 85 6h 21 
58 25 b1 36 4b 63 52 45 43 47 
b5 4b 84 81 28 41 24 84 18 a1 
8a 18 a1 4a 42 14 81 68 a2 86 
28 4a 14 82 18 48 14 12 42 84 
82 18 42 14 84 28 a2 8a 28 a2 
4a 41 24 82 68 a1 86 38 36 86 
28 42 14 2a 82 68 41 34 64 63 
43 83 28 46 24 84 28 21 81 48 
41 24 81 28 48 14 a1 4a 14 a1 
8a 82 18 41 64 a2 46 14 5a 81 
b8 2b a5 1a b2 41 24 1b 42 14 
a4 1a 12 a2 4a 42 14 a2 41 24 
1a 42 14 a4 2a b2 4b 41 24 a2 
6a b1 8b 28 42 64 a4 2a 82 68 
67 26 87 28 68 26 21 61 86 81 
28 61 26 86 18 a1 8a 18 a1 4a 
47 24 a7 42 14 81 28 4a 24 84 
28 26 21 62 1h 26 12 a1 2a 12 
a1 3a 37 a7 2a 12 a1 2a 42 48 
14 28 12 16 26 12 46 14 18 24 
62 a6 81 2a 12 28 12 82 81 21 
28 12 28 42 48 14 28 12 42 64 
a6 4a 64 a6 2a 21 62 46 34 a1 
43 14 2a 62 41 64 68 48 14 28 
12 42 84 a8 4a 24 21 62 41 64 
24 12 62 46 42 14 62 16 46 14 
1h 1h 81 8h 82 bh 28 1b 18 31 
7h 13 71 1h 71 8h 17 81 ah 12 
81 1a 71 1h 71 1h 31 37 17 31 
2h 28 8h 13 21 82 18 31 3h bh 
1b 31 7h 7h 7h 73 2h 82 8h 86 
ah 68 3a 86 3h 68 3h 35 35 23 
28 38 63 23 82 64 36 75 63 86 
26 32 41 31 63 62 86 32 83 63 
26 23 21 32 62 36 38 23 26 72 
61 31 83 63 76 26 52 3h 26 72 
38 63 35 63 62 86 32 13 68 56 
5h 31 23 63 26 27 32 36 73 65 
25 82 63 16 28 12 18 62 36 37 
23 28 52 67 86 36 83 25 62 63 
76 1h 81 67 36 26 72 31 63 61 
76 31 53 84 58 56 25 38 6h 42 
53 57 65 76 36 83 65 85 18 35 
13 83 18 67 16 86 38 36 13 21 
62 82 68 61 76 81 28 21 52 81 
58 28 12 67 56 3h 83 21 72 62 
56 26 86 18 27 62 75 65 67 16 
86 18 25 62 68 76 35 83 23 12 
82 38 32 13 67 26 86 28 23 62 
68 76 7h 87 27 32 82 78 72 57 
34 75 bh 43 57 82 58 31 85 75 
13 2b 28 27 23 87 ah 72 58 73 
57 23 52 26 52 62 72 37 82 38 
78 27 65 36 34 83 64 26 38 23 
76 87 84 58 38 43 73 67 68 46 
25 42 62 56 7a 37 32 83 72 87 
65 37 2h 76 53 85 67 7h 28 56 
35 76 2h 63 57 24 75 36 5h 62 
47 65 74 5h 43 31 4h 16 1h bh 
8b ah 2a bh 6b ah 5a bh ah 
