1
3h 25 1a 1h 31 85 25 72 47 a4 
1a 15 a5 7a 72 a2 1a 71 a2 1a 
14 a4 1a 15 31 75 73 7h 13 27 
21 71 27 25 75 17 15 21 75 a7 
2a 2h 4h 23 83 27 a2 42 1a 41 
21 61 6h 5h 24 12 14 24 82 8h 
1h 81 82 78 71 81 37 27 38 28 
a2 78 7a 56 57 52 72 62 a7 87 
8a 83 a3 73 58 4a 85 48 26 a8 
62 4a 37 47 a7 26 8a 87 62 a7 
26 38 62 5a 83 58 54 84 a4 26 
38 62 5a 51 26 83 15 58 62 a8 
26 5a 15 a1 62 8a 85 a5 26 38 
62 5a 51 26 a1 62 5a 83 58 26 
a8 62 1a 18 a8 26 2a 24 a4 64 
2a 46 82 64 81 21 82 46 85 25 
38 64 32 82 18 46 15 85 64 28 
46 23 83 64 12 58 52 51 46 82 
15 18 58 51 81 85 15 a8 64 2a 
51 21 25 15 a5 46 32 64 5a 51 
46 a1 64 5a 23 52 46 a2 64 1a 
12 a2 46 4a 48 a8 68 2a 21 a1 
86 2a 25 a5 68 42 4a 41 a1 21 
86 32 68 5a 23 52 86 a2 8a 81 
a1 61 8a 16 28 61 25 85 16 42 
48 46 45 25 a4 32 5a 23 52 a2 
8a 68 61 81 28 25 85 32 38 28 
62 65 67 63 83 46 38 45 65 83 
34 36 46 83 63 74 78 48 14 36 
12 42 63 84 36 87 47 63 38 34 
84 63 43 18 15 85 36 38 68 43 
56 54 64 83 26 38 24 64 83 56 
38 15 61 83 46 38 42 62 83 46 
38 45 65 83 34 36 46 83 63 54 
36 51 41 63 38 34 86 28 21 64 
63 12 26 86 43 18 21 62 34 68 
28 43 56 34 52 62 43 86 34 81 
61 43 a6 34 8a 43 28 34 25 85 
43 32 38 43 54 28 52 42 83 a4 
38 2a 25 83 a5 38 32 82 83 23 
38 3a 82 38 a8 28 4a 82 84 24 
28 48 a2 84 6a 48 16 84 12 62 
48 16 84 15 65 48 26 25 65 84 
86 46 48 68 54 52 42 86 54 51 
41 68 a4 86 8a 83 a3 63 38 3a 
63 83 26 21 61 78 76 86 78 74 
84 68 64 84 36 38 68 a3 83 36 
2a 68 52 83 56 26 72 38 78 28 
73 52 57 27 62 67 27 36 32 62 
86 82 62 86 83 63 28 36 26 23 
63 62 32 82 36 38 68 26 28 68 
26 23 63 42 46 26 42 48 28 62 
68 28 36 32 62 a6 4a 24 23 43 
52 54 24 12 16 26 42 45 25 34 
32 42 14 17 47 64 67 47 24 23 
43 52 54 24 72 76 26 42 45 25 
64 62 42 74 67 26 24 64 32 36 
26 42 47 27 62 63 23 56 52 62 
76 74 64 76 71 61 46 41 61 26 
25 65 72 76 26 72 75 25 37 32 
72 67 65 75 36 37 67 26 27 67 
32 36 3h 3h 4h 53 54 34 73 76 
36 43 45 35 84 83 8h 43 64 67 
47 a4 84 8a 87 a7 47 4a 84 86 
46 58 54 84 a8 78 4a 45 a5 87 
64 1a 1h 46 78 34 3h 87 13 78 
15 1h 7h 1h 1h 6h 35 83 87 37 
58 53 83 a8 4a 34 35 45 73 74 
34 73 76 36 43 46 36 54 53 43 
a4 8a 38 35 85 63 68 38 a3 8a 
86 a6 68 7a 86 78 72 82 a2 57 
58 78 57 3a 75 63 67 37 83 85 
35 68 62 82 53 58 38 73 72 32 
57 53 73 87 51 83 73 15 58 57 
81 58 78 18 17 87 81 71 78 18 
17 87 15 85 81 51 71 75 15 38 
51 37 87 15 38 51 31 81 53 58 
38 73 71 31 57 53 73 87 83 73 
58 57 57 5h 5h 3h 6h ah 4h 1h 
5h 1h 1h 2h 1h 2h 1h 2h 1h 1h 
6h 1h 1h 2h 3h 2h 3h 2h 3h 2h 
2h 8h 7h 1h 7h 
