1
68 6h 45 7a 67 a3 6a 62 63 13 
56 54 64 56 52 54 5h 6h a2 8a 
86 8h 7h 8h a6 56 2a 25 a5 2a 
24 a4 5a 54 a4 6a 65 a5 6a 46 
a6 5a 56 a6 4a 45 a5 4a 42 a2 
5a 52 65 6h a2 6a 62 76 a2 7a 
78 72 52 a5 35 71 47 6a 46 76 
17 81 78 47 48 4h 4h 81 48 4h 
3h 84 18 41 34 31 41 54 51 85 
41 84 54 85 84 8h 68 67 16 87 
18 68 a6 14 8a 84 18 a4 81 28 
1a 82 18 15 85 18 a5 81 28 1a 
82 18 14 a8 1a 16 12 61 1h 21 
1h 21 1h 21 6h 26 16 21 23 13 
61 63 26 13 21 27 17 31 67 36 
16 31 37 17 61 67 46 17 41 61 
46 45 65 16 15 41 65 46 16 31 
48 64 34 68 46 48 34 68 36 35 
24 3h 23 21 5h 53 7h 35 5h 7h 
71 3h 13 37 13 12 51 32 53 13 
21 71 72 12 17 31 35 23 15 21 
31 23 17 13 21 73 3h 7h 37 31 
23 24 12 14 51 24 52 12 51 85 
18 21 25 42 15 41 21 52 58 28 
12 14 51 72 74 24 27 52 47 25 
42 15 41 21 72 1h 27 52 14 51 
21 52 1h 12 51 56 25 21 42 51 
45 25 12 2h 52 54 85 2h 12 58 
45 21 42 52 15 16 21 56 75 43 
74 71 72 12 42 34 17 21 27 17 
21 57 85 12 81 51 25 43 84 52 
15 14 21 54 35 86 25 42 15 41 
21 52 46 14 16 51 46 84 21 82 
42 14 15 81 2h 21 52 42 14 18 
61 6h 48 24 25 82 45 84 24 52 
ah 25 42 48 54 28 52 42 74 1a 
21 47 84 12 81 41 24 25 72 7h 
45 74 7h 45 14 18 71 73 13 51 
48 54 14 51 57 45 41 34 47 84 
17 57 35 15 81 41 54 53 75 74 
73 43 53 75 1h 45 34 18 31 41 
54 57 15 14 31 54 35 15 41 45 
47 54 14 51 53 45 41 84 17 57 
35 15 61 5h 16 71 48 74 14 81 
53 75 1h 41 45 74 37 43 54 14 
31 51 45 73 13 43 64 53 65 45 
34 17 61 ah 43 54 51 35 41 34 
37 47 14 57 15 45 34 16 51 56 
75 16 71 74 73 43 13 61 53 65 
15 31 47 64 2a 52 46 34 25 32 
14 51 56 35 3h 73 25 62 12 41 
45 24 15 61 37 63 13 71 68 23 
52 43 54 24 32 17 81 3h 18 41 
45 34 15 71 38 53 48 54 51 41 
84 31 83 43 14 86 1h 15 17 61 
7h 18 31 38 53 18 35 ah 81 83 
13 51 57 35 17 81 16 53 68 2a 
31 85 72 13 71 21 32 35 13 25 
31 8h 12 17 27 ah 53 58 71 72 
85 35 12 4a 28 27 87 ah 53 51 
74 72 15 35 42 5a 58 21 27 17 
85 5h 73 74 56 47 37 ah 72 71 
68 21 86 1a 65 17 56 7h 64 6h 
ah 4a ah 7a ah 
