0
1h 31 47 47 67 6h 36 35 31 34 
3h 3h 63 65 35 83 86 82 32 83 
84 81 68 61 64 6h 56 81 58 51 
81 61 48 46 86 56 56 58 5h 57 
37 43 45 47 41 4h 35 81 63 68 
38 13 1h 48 64 65 45 86 84 85 
64 27 28 26 86 48 45 24 2h 85 
28 28 21 24 12 15 1h 25 76 72 
7h 35 62 63 64 34 76 73 63 76 
78 68 36 38 73 7h 68 76 7h 7h 
6h 26 2h 1h 8h 52 64 37 56 53 
63 56 51 5h 8h 23 12 15 1h 62 
56 51 5h 61 26 21 32 61 36 26 
12 32 63 62 32 16 13 63 16 15 
65 36 35 65 13 16 36 13 14 1h 
1h 1h 1h 2h 2h 4h 2h 4h 2h 4h 
4h 5h 4h 5h 4h 5h 8h 6h 6h 7h 
7h 5h 8h 5h 8h 3h 5h 8h 5h 
