1
3h 4a 4h 73 78 7h 7h ah 7h 7a 
67 6h 6h 72 42 47 47 4h 3h 67 
63 67 26 47 a4 62 5a 56 54 64 
51 76 81 45 67 a6 54 5a 57 a5 
2a 18 67 a2 3a 16 86 37 a7 68 
61 26 5a 25 65 a6 2a 62 a6 5a 
56 25 45 42 52 81 54 25 a6 4a 
24 a2 7a 18 52 15 85 16 a7 5a 
56 25 13 a8 3a 52 75 a3 71 7a 
86 51 a7 25 3a 54 25 a3 1a 17 
a7 45 42 52 1a 1h 1h ah 6a 25 
24 54 a8 5a 25 23 28 71 a5 25 
2h 17 2a 82 86 26 82 83 85 8h 
8h 6h 6h 6h 7h 26 12 54 14 61 
84 68 64 84 68 14 31 86 38 18 
61 2h 32 16 31 38 36 21 62 2h 
62 2h 32 63 86 2h 12 4h 21 52 
7h 68 36 32 83 62 86 36 23 81 
58 4h 85 18 7h 32 63 68 26 38 
23 25 12 63 76 6h 36 35 83 65 
86 76 37 63 68 56 38 53 63 86 
21 52 78 67 36 32 83 62 86 36 
23 81 58 3h 63 61 76 37 13 63 
26 28 12 3h 32 83 63 26 85 18 
62 36 35 23 73 28 52 4h 62 56 
78 38 37 83 7h 38 23 26 82 36 
83 23 62 4h 26 32 38 63 28 62 
32 83 65 76 86 36 23 25 62 35 
63 23 82 68 36 32 83 71 23 63 
16 26 32 36 26 52 87 58 28 62 
37 53 67 27 82 83 68 61 46 43 
63 16 24 32 24 32 86 38 35 63 
85 78 25 72 76 23 62 83 48 26 
72 3h 85 38 54 32 43 82 48 8h 
48 58 54 38 63 61 86 31 83 21 
38 23 13 84 64 36 61 56 32 13 
32 13 65 16 36 23 36 23 85 68 
62 82 58 61 56 17 86 78 38 23 
8h 81 28 17 21 38 6h 82 13 71 
83 48 65 36 37 43 83 58 61 76 
85 38 45 35 13 85 18 87 48 61 
23 84 56 1h 32 58 68 56 23 82 
86 38 26 52 71 31 63 81 68 38 
13 62 86 82 18 62 46 17 87 28 
37 23 26 36 73 86 78 24 38 45 
5h 62 63 23 82 87 68 65 36 38 
53 68 76 34 26 45 4h 53 ah 82 
84 24 62 71 35 13 85 31 61 58 
4a 13 16 85 61 31 45 21 5h 18 
16 13 54 52 63 83 42 7h 36 3h 
28 31 82 ah 14 6a 27 41 72 ah 
13 2a 31 2h 18 1h ah 8a ah 5a 
ah 
