2
43 7a 7b 76 75 71 7h 67 16 71 
b7 a7 2b 24 2a 27 2h 23 26 87 
61 a3 16 72 5a 27 61 51 5h 5h 
75 a1 57 72 2a 72 a5 2a 72 a2 
52 7a 25 27 57 52 72 a5 27 2a 
25 a5 75 62 57 2a 75 62 86 57 
a2 75 7a 67 63 73 67 67 68 63 
26 84 23 63 48 82 86 24 82 8h 
1h 46 a8 58 7a 76 a6 85 87 57 
58 78 75 85 87 57 58 78 3a 75 
85 37 58 a7 85 1a 17 58 a7 85 
1a 13 58 a3 85 7a 73 58 a3 85 
1a 1h 1h 3h 15 16 14 81 86 16 
37 78 71 83 68 31 37 17 86 38 
18 78 71 73 13 83 67 61 71 38 
37 87 83 73 78 38 57 83 51 71 
38 37 87 83 73 78 38 57 83 56 
76 38 17 16 76 83 17 15 75 38 
61 65 15 83 67 61 71 38 37 87 
83 73 78 38 57 83 51 71 38 37 
87 83 73 78 38 57 83 56 76 38 
17 16 76 83 17 15 75 38 31 37 
17 87 81 83 13 73 68 61 81 37 
38 78 73 83 87 37 68 73 56 85 
37 18 16 86 73 71 31 37 17 13 
73 68 65 85 37 71 48 13 41 81 
78 38 37 87 83 78 42 83 18 12 
71 31 37 17 82 38 18 71 18 71 
73 87 71 87 17 18 71 18 31 71 
37 34 74 17 14 81 84 14 61 78 
57 51 56 16 76 87 15 31 78 37 
17 31 a3 48 7a 84 71 67 65 75 
17 48 71 37 17 a7 84 13 81 41 
48 18 14 81 14 31 8a 13 71 73 
13 61 a8 16 81 41 48 18 14 31 
7a 87 74 87 13 61 78 57 51 71 
67 57 56 76 75 17 16 76 87 15 
31 78 37 17 31 a3 48 7a 84 71 
67 65 75 17 48 71 37 17 a7 84 
13 81 41 48 18 14 81 14 31 8a 
13 71 73 13 61 a8 16 41 3a 14 
31 a1 48 7a 87 74 87 47 48 78 
74 b7 84 3b 48 a3 84 1a 13 41 
a3 14 61 1a 61 a1 48 5a 51 a1 
84 5a 56 48 a6 84 1a 16 48 a6 
84 1a 15 41 a5 18 41 8a 14 61 
65 15 41 a1 84 8a 18 84 58 56 
86 38 41 83 48 18 14 81 14 61 
65 15 31 48 13 b1 84 8b 38 31 
81 58 56 86 18 13 83 b8 48 7b 
47 87 84 78 84 38 31 81 68 65 
85 18 13 83 68 47 86 a8 74 78 
37 31 71 37 7a 37 a7 48 1a 17 
a7 84 3a 13 51 56 16 71 73 13 
61 65 15 81 41 48 18 14 81 14 
81 41 48 18 14 a1 84 3a 37 48 
a7 84 3a 31 48 3h 73 5h 37 8h 
73 6h 37 5h 73 4h 37 a1 84 31 
35 48 8a 71 8h 38 17 8h 68 71 
86 58 56 86 58 43 17 8h 38 71 
3h 63 84 68 65 85 68 35 63 62 
32 63 82 58 36 53 52 32 63 82 
58 36 53 17 3h 13 7h 31 63 65 
76 35 73 63 56 2h 65 36 37 53 
67 56 36 73 17 31 63 65 76 35 
73 63 56 ah 65 36 37 53 67 56 
36 73 17 31 63 65 76 35 73 63 
56 8a 38 13 17 37 83 58 68 36 
31 83 61 76 38 73 63 86 85 18 
31 83 28 2h 65 36 37 53 67 56 
36 73 17 31 63 65 76 35 73 63 
56 2h 65 36 37 53 67 56 36 73 
17 31 63 65 76 35 73 63 56 a2 
65 36 37 53 67 56 36 73 17 31 
63 65 76 35 73 63 56 8a 48 4h 
65 36 37 53 67 56 36 73 17 31 
63 65 76 35 73 63 56 4h 65 36 
37 53 67 56 41 41 36 43 3h 63 
65 76 35 73 63 56 3h 65 46 37 
53 6h 56 36 73 74 17 ah 71 47 
8a 18 74 17 34 13 73 47 14 71 
37 87 68 34 73 74 17 34 13 73 
27 65 26 76 57 87 28 2h 25 75 
72 67 52 76 57 82 68 62 36 82 
48 31 43 46 36 43 86 48 38 63 
75 67 68 14 37 53 64 86 64 86 
81 78 61 46 87 48 68 76 78 47 
17 35 83 87 37 13 83 28 3h 82 
58 34 73 63 76 74 71 47 67 36 
37 43 67 16 85 78 64 76 31 86 
ah 73 18 41 71 57 31 63 61 26 
31 23 63 16 75 17 3a 32 53 67 
16 18 14 84 64 76 74 27 64 26 
23 63 46 73 47 81 48 41 78 37 
68 36 32 62 86 72 87 67 46 81 
78 71 27 81 28 23 83 18 73 17 
87 38 25 8h 78 71 37 81 38 78 
57 35 83 87 58 37 23 83 18 52 
75 32 57 15 85 78 72 82 58 73 
17 85 18 78 57 58 15 64 86 76 
87 85 68 41 86 38 75 67 65 16 
75 27 64 26 76 27 8h 68 41 73 
17 32 62 56 82 58 68 56 74 87 
86 58 76 27 41 81 28 54 25 85 
68 75 67 87 58 61 76 71 57 61 
46 53 25 35 75 17 85 18 78 57 
32 53 52 64 16 73 87 86 38 76 
47 17 32 63 82 68 38 73 14 71 
47 37 13 67 86 87 28 67 26 34 
23 41 63 76 83 18 7h 81 78 71 
81 38 74 37 87 48 35 73 75 17 
35 13 84 18 41 38 53 78 57 52 
72 87 32 83 73 17 81 28 14 4h 
82 38 37 23 87 28 25 85 78 35 
73 74 27 41 31 53 81 58 57 87 
18 37 13 83 78 14 7h 52 75 7h 
37 34 23 53 45 41 51 35 71 53 
2h 37 15 12 52 15 73 27 25 32 
75 23 1h 57 5h 32 54 23 ah 41 
6a 35 14 53 ah 42 8a 36 24 63 
ah 41 7a 35 14 53 ah 48 3a 84 
3h 42 4h ah 2a ah bh 
