2
1a 1h 23 2h 8b 8h 53 87 8h 57 
a7 3a 38 a8 5a 51 35 38 34 38 
32 38 31 53 52 32 13 81 52 85 
35 83 82 32 53 52 12 15 35 13 
12 31 53 23 25 21 35 31 43 51 
34 53 52 45 32 43 12 53 45 47 
57 85 84 82 48 58 25 21 51 85 
84 28 54 25 85 28 24 84 58 54 
15 18 14 84 54 25 81 48 41 81 
48 52 45 85 48 42 82 58 52 15 
18 12 82 52 15 85 28 25 85 28 
21 81 28 24 84 58 51 81 48 42 
82 58 52 15 18 12 82 52 45 81 
48 58 25 21 51 85 84 28 54 15 
18 12 82 52 15 85 28 25 85 28 
21 81 28 24 84 18 14 84 58 54 
84 18 12 82 48 45 85 48 42 82 
58 52 82 58 54 25 28 58 45 25 
24 54 52 85 84 54 65 6h 82 48 
42 82 38 53 25 24 54 b5 4b 42 
b2 6b 65 b6 2b 24 b4 1b 15 41 
42 12 61 65 15 21 24 14 31 83 
48 42 82 a8 68 46 6a 46 a6 2a 
26 a6 2a 24 a4 6a 64 a4 6a 62 
46 a2 64 26 5a 62 46 42 62 56 
58 68 46 a8 64 56 4a 65 46 a6 
2a 26 a6 2a 24 a4 6a 64 a4 6a 
62 46 a2 64 26 1a 41 46 42 16 
31 a3 24 1a b1 42 6b 62 b2 64 
26 24 64 26 6b 26 b6 4b 46 b6 
4b 42 b2 6b 62 b2 6b 64 26 b4 
62 56 5b 25 24 54 35 a3 4a 42 
a2 5a b5 65 26 7b 24 64 76 b6 
4b 42 b2 7b 78 b8 6b 68 46 b8 
64 26 24 64 86 6b 86 b6 3b a3 
4a 42 a2 6a 68 46 a8 64 26 24 
64 76 6a 76 a6 76 7h 37 4a 73 
b7 42 6b 24 a4 2a b6 5b a2 5a 
75 37 53 45 42 52 b5 1b a1 51 
45 5a 45 a5 2a 25 a5 2a 24 a4 
5a 54 a4 5a 52 45 a2 54 25 6a 
52 45 42 52 65 a5 6a 76 37 63 
26 24 64 a6 4a 42 a2 5a 56 45 
a6 54 75 7a 75 73 27 24 74 17 
15 41 42 12 41 75 47 17 21 27 
17 21 24 14 71 74 14 71 72 47 
41 42 71 57 53 73 47 27 24 74 
72 47 72 17 12 14 21 71 47 24 
72 17 12 81 72 87 86 76 47 16 
41 71 27 21 71 27 24 74 17 14 
74 17 12 41 47 42 17 31 35 15 
41 21 24 14 12 71 74 72 67 14 
61 71 47 68 74 67 87 86 76 78 
47 42 72 47 68 74 17 18 41 78 
47 17 21 27 17 21 24 14 71 74 
14 71 72 47 41 42 71 57 53 73 
47 27 24 74 72 47 72 17 12 14 
61 72 67 17 21 24 14 b1 6b a6 
4a 42 a2 5a 56 45 a6 54 85 5a 
25 24 54 85 87 57 45 42 52 45 
a7 54 75 4a 57 45 a5 2a 25 a5 
2a 24 a4 5a 54 a4 5a 52 45 a2 
54 25 7a 52 75 a5 78 4a 42 87 
a2 78 3a 36 a6 87 5a 57 45 a7 
54 25 24 54 25 1a 41 45 42 15 
61 63 13 41 21 24 14 12 41 12 
51 52 54 25 15 41 24 12 51 52 
45 12 41 51 25 21 51 25 24 54 
15 14 54 15 12 41 45 42 15 31 
36 16 41 21 24 14 12 41 12 51 
52 54 25 15 41 24 12 51 52 85 
12 81 51 25 24 54 85 86 56 45 
42 52 15 16 41 56 45 15 21 25 
15 21 24 14 51 54 14 51 52 45 
41 42 51 85 83 48 28 24 84 53 
25 48 45 85 84 18 15 85 48 42 
18 51 58 18 51 52 12 41 51 25 
21 51 25 24 54 85 81 51 45 42 
52 85 82 48 52 45 85 48 43 4h 
4h 7h 1h 14 b3 42 74 7h 1h 4b 
24 21 41 74 73 27 43 24 25 74 
27 28 78 27 58 72 47 48 24 78 
27 47 24 24 2h 2h 2h 3h bh 1h 
1h 1h 3h 1h 6h 8h 3h 6h 8h 8h 
3h 5h 6h 1h 3h 6h 8h 8h 3h 8h 
6h 5h 3h 6h 7h 7h 3h 6h 6h 6h 
4h 3h 4h ah 
