2
3h 3h 2a 8b 35 83 87 82 a7 3a 
32 a2 3a 36 16 13 1h 4h 1h 34 
37 83 8h 73 78 38 48 43 83 74 
72 75 7h 38 71 42 a1 24 3a 34 
83 84 8h 58 34 53 83 58 17 b1 
3b 38 53 85 b5 8b 18 71 87 a8 
48 3a 43 83 84 38 84 18 71 87 
58 43 85 b8 34 3b 53 58 38 53 
51 52 17 37 83 87 37 23 25 35 
73 78 38 73 71 31 83 81 31 b3 
43 8b 38 84 58 52 82 18 43 81 
48 38 34 23 25 35 43 45 35 43 
42 32 53 83 85 38 85 48 4h 1h 
53 5h bh 52 5h 3b 32 53 58 15 
38 13 1h 1h 8h 53 15 75 7h b2 
5b 51 35 b1 53 15 3b 51 85 87 
18 57 15 85 18 14 b3 5b 51 75 
b1 57 35 3b a3 5a 15 18 58 45 
43 53 85 81 51 65 46 14 18 48 
a4 1a 61 56 b5 45 74 4b 74 73 
57 43 84 75 87 47 54 b3 45 74 
78 57 48 24 7b 87 42 64 78 67 
17 81 b5 18 51 5b 65 67 64 6h 
6h 2h 1h 81 a7 87 17 41 81 78 
71 81 78 74 84 18 14 84 18 17 
41 87 48 87 28 2h 17 41 8a 48 
18 71 78 18 71 74 14 81 84 14 
81 87 48 17 41 81 48 74 87 18 
14 71 84 78 18 41 48 18 41 47 
17 81 87 17 81 84 78 14 71 81 
48 74 87 18 14 71 84 78 18 41 
48 18 41 47 17 81 87 17 81 84 
28 23 2h 1h 2h 4h 71 83 78 18 
71 74 14 81 84 78 14 75 85 41 
47 17 48 45 85 71 75 15 28 2h 
62 57 21 26 75 16 27 2h 2h ah 
bh 3h 5h 3h 5h 3h 5h 8h 3h 5h 
5h 5h 3h 4h 6h 5h 3h 7h 6h 3h 
2h 3h 
