2
28 4a 53 5b 52 5h 57 36 a6 5a 
35 a5 3a 37 81 65 35 31 32 34 
84 28 73 75 35 13 82 14 34 28 
53 82 57 37 28 53 82 56 36 28 
73 76 36 43 82 41 31 28 63 82 
67 37 28 a3 82 7a 76 28 a6 82 
1a 14 28 a4 82 6a 67 a7 28 5a 
53 a3 82 75 76 56 28 85 8a 52 
85 85 82 8h 56 78 72 72 7h 65 
a7 56 5a 45 41 51 45 46 56 15 
16 56 a5 8a 68 61 81 68 64 84 
65 18 14 84 68 58 56 45 41 51 
45 48 58 15 18 58 a5 8a 81 a1 
8a 84 86 46 a6 8a 68 64 84 18 
14 84 a8 68 6a 65 a5 85 8a 68 
63 83 48 41 81 48 45 85 18 15 
85 38 36 86 58 51 81 58 54 84 
a8 58 6a 63 a3 85 1a 14 58 a4 
5a 53 a3 83 5a b5 38 1b 15 83 
81 78 75 85 38 7h 17 87 18 16 
73 78 17 38 1h 12 31 2h 81 4h 
83 4h 13 18 31 2h 18 31 4h 13 
81 13 81 43 18 21 48 12 31 2h 
42 3h 18 21 b8 12 81 8b 83 b3 
13 81 2b a6 18 21 25 15 81 86 
28 16 21 81 28 81 28 51 1a 2h 
23 27 52 2h 52 57 27 12 27 12 
72 a2 15 21 27 17 61 1a 71 25 
72 12 71 57 15 21 27 52 17 51 
21 72 71 21 72 75 25 12 15 25 
12 17 51 27 52 12 71 57 15 21 
27 52 17 51 21 72 71 21 72 75 
25 12 15 25 12 17 61 1h 71 21 
72 b5 27 12 17 51 27 52 12 71 
51 57 17 15 21 27 52 17 51 21 
72 2b 12 15 71 25 72 12 71 57 
15 21 27 52 17 51 21 72 71 21 
72 75 25 12 15 25 12 17 51 27 
52 12 71 57 15 21 27 52 17 51 
21 72 71 21 72 75 25 12 15 25 
12 17 61 7h 16 71 b5 17 51 2b 
72 15 61 27 62 12 a1 2a 26 72 
a6 27 52 2a 52 a2 1a b1 51 2b 
21 72 b1 27 52 57 27 12 2b 12 
17 27 52 b7 25 72 1b 41 4h 27 
52 4h 25 72 7h 3h ah 2a 72 bh 
27 52 2b 72 6h 27 62 bh 26 72 
2b 72 b2 7b 75 b5 2b 25 62 6h 
64 6h a6 2a 52 b2 7b 27 25 62 
75 67 61 75 67 68 56 26 52 7h 
67 62 56 72 57 67 26 3h 62 76 
75 27 65 26 76 57 27 62 67 56 
27 52 62 76 51 75 65 76 72 57 
56 25 76 27 57 65 21 62 52 75 
65 26 25 42 65 16 18 68 56 78 
57 67 56 58 15 68 76 78 37 68 
36 76 37 51 65 67 36 24 72 52 
35 65 26 27 42 6h 76 75 17 65 
36 71 37 67 56 24 12 7h 65 46 
76 57 21 52 63 64 56 34 26 42 
76 47 34 73 17 8h 24 62 43 2h 
62 71 26 8h 17 32 6h 65 46 71 
37 64 86 73 87 6h 56 78 17 24 
65 71 82 2h 16 43 61 47 5h 12 
36 67 36 21 82 64 5h 76 45 28 
12 67 86 75 74 87 43 53 82 72 
37 62 36 76 27 65 81 64 26 21 
61 56 71 47 67 16 28 12 62 76 
73 17 65 26 27 52 67 16 23 82 
54 35 61 36 7h 56 75 72 47 18 
28 21 82 67 21 82 12 18 5h 25 
64 86 56 45 21 62 75 18 61 56 
21 53 74 6h 32 8h 45 17 16 76 
54 ah 67 45 68 78 23 5a 36 87 
82 72 63 2h 35 54 28 8h 47 73 
4h 36 3h bh 6b bh 1b ah 8a bh 
ah 
