2
4a 2b 24 65 25 b5 6b 61 a4 6a 
62 61 a6 1a 16 12 62 a2 12 14 
1h 5h 6a 16 1h 31 34 b6 3b 32 
35 32 3h 23 27 37 13 16 86 71 
72 12 61 36 23 27 37 b3 7b 72 
82 81 83 87 83 43 b7 16 78 27 
82 61 78 16 5b 87 58 61 b8 16 
7b 27 61 b2 16 5b 57 61 b7 16 
1b 71 72 12 34 81 82 12 43 78 
34 71 81 43 48 38 34 84 83 43 
18 34 17 87 43 41 31 34 14 38 
18 48 41 81 84 14 18 48 41 43 
13 83 41 38 46 16 a4 83 71 38 
2a 17 83 21 2h 8h 7h 86 a1 78 
2a 28 27 87 82 72 a2 78 8a 78 
75 a8 7a 72 74 7h 17 12 72 51 
37 36 76 15 27 21 71 37 3h 13 
12 32 51 83 8h 15 28 21 81 68 
67 87 18 12 82 71 78 18 61 76 
87 86 b8 76 57 2b 75 27 b7 3b 
63 61 31 73 72 32 17 13 73 67 
16 31 36 b3 16 41 1b a1 b4 7a 
57 3b 75 23 27 37 a3 8a 68 63 
83 78 72 82 37 38 78 67 36 83 
87 37 28 23 83 78 76 86 38 32 
82 43 48 41 81 31 58 53 83 48 
46 4h 2h 6h 43 a3 54 51 4a 54 
5h 4h 25 2h 2h 64 6h 2h 6h bh 
8h 1h 3h 76 28 27 87 28 5b 81 
25 15 12 1h 52 78 25 75 85 27 
21 71 28 27 2h ah bh 4h 87 24 
2h 6h 5h 6h 5h 4h 6h 5h 5h 6h 
6h 6h 6h 7h 6h 7h 1h 3h 1h 3h 
1h 3h 1h 
