1
7h 18 43 5a 42 a3 8a 83 a3 8a 
8h 1h 7h 13 51 74 73 7h 84 58 
5h 56 53 65 71 67 62 57 35 37 
57 45 25 24 54 52 a5 7a 73 a3 
42 5a 15 16 56 15 15 12 18 65 
21 24 14 a1 6a 64 6h 3h 63 a4 
54 1a 21 26 2h 8h 3h 8h 8h 3h 
3h 16 86 73 51 41 45 15 14 37 
38 78 73 41 47 17 83 a1 57 5a 
54 a5 75 4a 46 a6 76 56 57 38 
1a 35 85 83 53 67 a1 5a 68 65 
85 38 75 83 48 68 64 84 86 38 
46 83 48 57 84 58 56 35 86 38 
76 83 48 53 65 84 78 58 45 67 
87 86 38 76 83 48 58 35 67 53 
a5 76 1a 31 15 81 84 38 67 14 
31 81 68 78 76 86 87 18 58 51 
25 26 6h 81 67 8h 38 76 83 18 
7h 81 28 21 25 32 35 25 12 2h 
52 53 23 62 67 27 32 35 25 62 
64 24 72 74 24 52 53 23 42 47 
27 a2 52 3a 32 35 25 a5 3a 36 
32 38 32 46 3h 63 2h 36 43 52 
34 73 76 36 13 74 17 37 43 12 
71 72 47 12 41 37 43 13 71 73 
47 13 41 71 47 46 76 47 6h 2h 
24 2h 25 6h 52 4h 42 54 6h 63 
2h 45 24 45 24 54 52 42 45 24 
45 24 54 36 3h 52 2h 3h 5h 58 
25 58 35 31 43 51 85 34 83 53 
45 43 84 24 32 34 24 12 54 15 
25 42 37 13 6h 24 52 53 45 23 
42 47 27 32 57 35 31 73 51 45 
21 72 75 74 54 24 12 34 13 23 
42 57 15 2h 32 35 43 25 42 32 
53 6h 35 23 24 52 34 53 23 42 
51 75 45 25 32 31 53 47 57 37 
13 23 12 48 34 64 63 43 46 34 
46 34 21 82 31 73 41 74 72 61 
57 34 16 4h 25 73 45 14 53 52 
15 45 34 37 23 47 14 32 53 54 
65 64 54 25 36 43 36 43 52 45 
35 23 41 54 73 51 35 41 74 54 
65 51 65 28 62 52 45 47 84 57 
65 48 24 38 73 42 74 34 23 25 
42 35 83 24 82 32 43 47 24 37 
13 42 35 72 51 5h 54 73 56 15 
46 24 16 56 15 42 14 37 23 37 
23 41 64 32 63 61 56 43 72 3h 
25 24 31 73 54 65 43 42 34 27 
47 64 32 73 32 73 54 25 53 25 
35 28 42 37 13 24 12 41 24 72 
3h 43 27 52 27 82 34 73 52 37 
2h 75 73 53 45 28 12 51 85 46 
34 35 13 45 14 24 62 42 78 34 
4h 57 53 73 27 74 87 3h 35 43 
57 58 75 58 41 31 26 8h 85 14 
13 62 21 41 58 3h 82 14 15 56 
46 28 8h 63 65 51 31 78 1h 14 
4h 82 2h 8h 1h 6h ah 
