1
7h 31 2a 52 61 6h 76 7h a7 6a 
63 14 18 48 a3 2a 28 a8 3a 68 
68 63 16 46 17 1h 2h 5h 2h 5h 
5h 28 28 53 2h 42 4h 5h 15 21 
72 a4 34 5a 75 25 72 76 78 17 
43 71 57 52 15 72 87 34 78 37 
47 51 35 45 43 46 75 73 17 16 
15 76 87 18 31 34 14 81 78 57 
54 74 87 18 51 53 85 78 27 13 
81 58 25 75 87 18 41 43 13 81 
78 57 52 85 18 31 72 87 58 35 
15 81 78 37 43 74 87 18 51 54 
35 45 15 31 41 43 13 14 81 78 
37 74 57 54 74 87 18 31 51 85 
78 47 41 71 87 58 45 43 53 85 
78 47 41 84 58 35 37 57 85 48 
34 31 3h 8h 58 35 3h ah 8h 2h 
83 8h 8h 1h 1h 6h 6h 51 85 86 
56 85 3a 58 25 21 82 51 85 25 
82 a3 28 32 8a 23 82 8h 8h 8h 
3h 1h 8h 8h 3h 1h 1h 6h 1h 5h 
6h 1h 5h 6h 1h 6h 1h 7h 6h 7h 
6h 7h 2h ah 4h 
