0
6h 24 56 25 71 24 56 52 76 86 
36 32 58 35 36 3h 8h 34 32 13 
16 12 36 13 14 84 16 1h 1h 51 
53 52 57 45 13 41 47 17 41 57 
45 15 41 45 4h 42 48 4h 7h 86 
8h 47 84 83 8h 58 5h 51 75 78 
7h 58 71 75 7h 8h 73 47 84 81 
68 41 64 84 68 62 6h 82 48 42 
14 82 18 48 15 14 13 43 53 81 
83 13 64 68 61 81 68 41 64 84 
68 56 45 48 58 14 15 18 61 58 
65 15 61 48 64 6h 5h 8h 36 14 
31 54 35 34 3h 61 46 43 4h 63 
53 16 13 63 25 21 26 16 56 21 
25 28 2h 15 81 82 8h 12 51 52 
65 12 61 62 12 52 36 31 35 15 
31 65 36 34 3h 3h 64 14 56 51 
54 25 14 21 51 25 64 26 56 15 
16 56 21 25 15 21 28 2h 2h 7h 
18 21 23 2h 2h 6h 6h 4h 6h 4h 
6h 4h 5h 4h 5h 4h 4h 8h 4h 8h 
3h 8h 3h 1h 3h 8h 8h 7h 
