2
8h 1a 52 74 16 1b 12 18 13 14 
71 54 54 74 56 a7 1a 81 21 28 
24 18 14 84 a1 6a 61 a1 2a 48 
a1 21 8a 2h a4 24 27 4a 48 37 
a8 2a 62 62 68 61 73 b8 37 5b 
51 85 73 58 75 76 56 85 36 58 
45 71 54 65 a7 56 75 7a 75 a7 
63 6a 61 a1 31 5a 57 15 a7 53 
45 8a 31 54 65 67 16 a8 61 46 
47 67 46 5a 85 64 86 56 85 87 
57 85 84 54 65 67 86 57 85 13 
58 a5 31 6a 86 13 68 16 15 65 
16 18 68 56 58 68 36 68 a6 83 
5a 35 58 b5 83 65 16 6b 16 b6 
38 1b 12 b2 83 6b 62 86 36 b2 
63 68 36 68 56 6b 86 63 a6 38 
8a b5 8b 86 a3 68 4a 86 b6 36 
8b 63 a4 36 6a 82 b2 8b a6 8a 
86 48 6h 63 84 78 8h 48 6h 62 
84 38 32 37 82 38 3h a3 6a 36 
b6 1b 18 31 73 7h b8 3b 37 32 
43 2h 34 63 61 46 31 43 63 46 
bh 64 16 4b 61 46 b6 4b 45 b5 
3b 36 43 b6 34 13 4b 31 43 41 
a1 4a 48 4h 46 41 64 2h 46 24 
4h 24 4h 24 4h 14 12 42 14 6h 
41 64 1h 46 14 7h 41 64 7h 46 
74 7h 46 14 7h 41 64 2h 46 14 
6h 41 64 67 47 14 2h 41 64 65 
16 45 14 64 76 18 41 48 74 64 
76 18 41 46 74 16 71 41 64 65 
45 14 28 41 24 61 26 46 84 4h 
54 4h 54 4h 54 6h 62 16 41 54 
14 15 45 17 51 64 86 15 81 28 
68 76 12 51 56 16 41 45 64 45 
64 67 56 57 17 51 41 74 41 54 
53 43 74 14 17 67 46 41 74 61 
76 16 17 13 71 13 71 43 84 4h 
64 61 26 41 24 64 16 31 63 46 
42 14 62 16 46 24 82 4h 64 28 
46 24 17 61 67 36 17 31 61 76 
42 74 14 17 41 82 17 81 43 74 
43 74 64 76 18 41 28 14 21 67 
46 47 24 81 37 63 16 68 26 46 
74 37 4h 74 43 74 16 71 41 64 
31 46 34 37 47 14 47 14 13 71 
73 13 81 47 64 18 61 41 74 62 
16 12 71 62 86 62 86 41 24 46 
84 24 64 62 16 17 41 12 41 48 
74 64 36 18 41 61 26 68 26 34 
14 13 41 13 41 62 86 14 62 34 
4h 41 26 68 26 14 21 61 46 47 
24 37 63 16 14 71 64 76 16 41 
81 84 14 18 61 67 46 68 36 67 
46 13 71 86 37 13 71 84 1h 61 
14 71 68 46 68 46 17 41 61 76 
42 14 12 81 42 34 12 31 67 36 
76 46 24 48 34 74 67 64 82 74 
87 27 28 78 41 46 16 14 61 14 
61 41 46 16 14 81 72 67 12 81 
1h 21 28 18 21 4h 64 12 41 71 
27 2h 8h 87 7h 1h 14 7h 41 87 
82 72 87 14 21 27 17 41 28 42 
64 14 2h 76 71 82 78 61 1h 47 
86 28 16 7h 82 2h 61 47 43 73 
16 6h 32 34 68 43 23 3h 37 81 
75 18 3h 86 6h 54 4h 5h 8h bh 
ah 
