1
8h 4a 43 46 45 a5 4a 46 4h 3h 
14 73 76 74 27 31 54 85 86 85 
28 2h 54 13 1h ah 8a 82 a2 86 
28 26 86 58 48 45 85 84 38 7a 
83 78 7h 71 37 31 54 a8 71 57 
7a 47 45 75 47 a7 57 4a 14 75 
41 74 54 57 47 45 64 62 42 14 
75 41 74 54 57 47 45 14 75 41 
a4 57 5a 54 a4 74 2a 26 47 a6 
74 7a 75 17 a5 45 7a 17 54 71 
57 47 45 75 74 57 a1 75 87 4a 
78 47 a7 57 4a 14 75 41 74 54 
57 47 45 64 62 42 14 75 41 74 
54 57 47 45 14 75 41 a4 57 5a 
54 a4 74 2a 26 47 a6 74 5a 58 
a8 47 4a 48 a8 78 2a 26 52 5h 
1h 5h 45 74 75 17 45 14 85 41 
24 71 27 2h 12 47 14 58 41 34 
21 32 28 32 3h 34 23 72 74 17 
24 12 13 23 12 73 17 12 1h 21 
16 31 3h 38 62 6h 3h 35 23 26 
52 36 53 23 82 83 23 82 85 25 
32 35 25 32 38 53 28 52 5h 28 
62 38 63 23 62 6h 5h 6h 64 a4 
1a 31 32 53 12 51 31 23 57 25 
35 13 17 51 52 85 37 23 13 81 
51 35 32 83 87 8h 6h 52 15 13 
21 53 25 15 71 78 18 51 52 35 
12 31 38 73 7h 51 45 4h 3h 13 
18 21 38 23 13 81 46 4h 18 31 
32 83 12 81 31 63 64 6h 34 13 
18 21 38 23 13 61 6h 6h ah 3h 
3h 8h 2h 8h 8h 5h 83 8h 4h 82 
8h 8h 8h 65 6h 3h 5h 2h 4h 7h 
1h 4h 6h 4h 
