1
2a 2h 7h 81 23 82 84 81 82 34 
87 a8 2a 27 a7 43 4a 41 a1 8a 
68 65 81 38 13 81 78 72 82 18 
31 83 78 75 85 28 25 85 78 76 
75 74 67 86 18 31 83 58 a8 7a 
57 52 72 67 a6 7a 87 82 72 68 
a6 47 4a 42 4h 3h 3h 2h 42 74 
67 86 18 13 83 68 76 a7 47 6a 
86 74 38 31 81 47 68 74 a6 47 
4a 47 64 86 18 13 83 68 46 54 
57 47 64 86 38 31 81 68 46 a4 
8a 58 54 84 57 52 65 a6 58 2a 
85 18 13 83 a2 58 6a 85 68 67 
67 6h 3h 2h 26 27 67 16 a8 61 
86 1a 68 16 a6 36 3h 3a 35 a5 
35 1a 15 15 18 14 38 38 13 18 
1h 61 a8 16 21 6a 12 61 68 26 
18 21 61 26 24 21 2h 2h 8h 1h 
5h 12 1h 81 64 86 16 81 58 15 
61 68 46 18 41 61 86 85 65 16 
14 81 8h 64 56 51 61 56 58 68 
16 18 68 76 7h 7h 1h 81 27 82 
12 81 85 15 21 25 82 15 81 21 
82 83 18 12 41 4h 2h 23 72 71 
7h 8h 18 28 42 17 81 87 48 17 
41 28 52 5h 14 81 84 58 14 51 
81 58 53 83 18 13 41 4h 83 58 
5h 5h ah 6h 2h 7h 7h 3h 7h 3h 
7h 7h 8h 3h 1h 3h 7h 7h 7h 3h 
4h 5h 3h 4h 3h 
