2
8h 4a 17 1b 41 47 84 34 87 83 
86 56 53 43 81 48 45 85 48 41 
47 b4 84 18 12 1b 82 18 b8 1b 
16 16 b6 1b 21 28 35 18 31 51 
b1 8b 53 82 b2 4b 64 b6 1b 13 
b3 1b 51 b1 5b 53 57 85 83 68 
46 84 38 58 53 45 7h 64 ah 83 
56 45 8a 38 54 35 85 38 a8 58 
5a 35 31 51 65 46 54 15 13 53 
25 28 58 35 31 51 65 46 54 15 
13 53 a5 3a 31 a1 8a 82 85 25 
a5 8a 81 58 52 82 58 51 35 81 
38 58 35 a3 13 6a 46 a4 31 8a 
85 18 a5 81 38 18 13 83 81 38 
81 48 64 86 78 5a 87 58 a8 13 
6a 46 a4 31 5a 65 46 54 25 21 
51 65 46 23 54 15 13 53 65 46 
54 a5 3a 31 a1 6a 46 a4 8a 85 
38 a5 83 68 46 84 38 6a 83 68 
62 82 68 a2 86 38 8a 38 a8 4a 
24 a2 8a 83 68 a3 86 38 6a 83 
68 a8 6a 6h 63 65 64 65 46 7h 
13 7h 64 36 42 6h 36 13 24 61 
26 46 42 62 64 36 13 24 61 a6 
42 3a 13 24 a1 42 8a 86 38 13 
81 38 24 a6 42 13 81 78 8a 38 
13 81 78 72 82 18 a2 81 78 8a 
38 13 81 78 78 72 76 37 13 71 
47 46 84 76 37 48 34 74 37 35 
75 87 a3 78 47 45 84 75 37 48 
34 73 17 51 75 37 7a 87 3h 78 
37 47 84 83 68 a7 43 74 86 78 
48 34 71 87 81 38 71 57 36 53 
73 57 86 38 46 54 83 58 48 34 
37 13 3a 73 43 84 74 37 34 13 
74 17 37 43 85 78 73 47 83 48 
45 14 78 17 47 34 37 47 84 85 
18 45 14 35 73 75 35 13 84 78 
74 17 37 43 83 48 47 34 38 13 
a5 31 83 43 74 84 18 7a 78 37 
34 53 a8 35 43 73 47 48 34 37 
83 47 84 34 73 4a 48 74 34 83 
a3 73 47 43 54 4a 54 57 47 34 
54 53 43 45 74 73 43 84 75 37 
35 75 37 48 34 74 37 a5 73 47 
43 54 7a 37 45 34 74 37 38 43 
47 84 37 83 43 74 81 78 48 34 
74 57 a8 75 87 31 83 73 47 41 
54 87 38 37 53 43 74 84 58 3a 
38 43 47 84 83 78 43 74 84 38 
35 85 48 71 57 53 58 38 78 17 
35 83 85 35 13 47 84 87 18 38 
73 43 74 78 37 34 13 a5 31 43 
73 87 47 14 8a 84 38 37 53 a4 
35 73 83 78 74 37 38 43 78 47 
37 83 1a 21 26 16 41 2h 38 73 
71 87 31 83 73 17 87 38 37 13 
87 58 31 53 83 78 58 57 87 85 
38 37 53 5h 87 18 14 71 84 78 
73 83 78 13 71 81 78 74 37 84 
38 31 81 48 71 47 57 54 84 78 
75 17 85 18 13 83 18 73 47 54 
17 31 87 38 37 87 48 17 41 85 
48 18 71 58 17 51 81 85 15 18 
71 58 17 51 54 14 71 84 17 81 
85 78 15 71 73 13 71 83 78 18 
31 75 37 38 78 47 18 41 51 54 
74 17 15 81 75 87 83 73 87 13 
41 54 81 38 71 37 31 71 47 81 
48 75 47 87 18 57 81 58 78 75 
85 87 18 57 81 58 54 84 18 74 
81 78 75 17 85 18 45 81 48 58 
54 71 87 74 27 2h 85 18 45 81 
48 58 54 84 85 48 5h 84 a8 7a 
b7 87 18 8b 18 13 83 18 14 84 
38 34 84 58 b4 85 48 3b 43 83 
b8 48 1b 31 38 43 18 41 31 43 
45 35 13 15 81 35 83 85 35 43 
15 41 31 53 47 14 17 51 58 18 
51 38 53 13 81 47 84 83 43 54 
13 51 41 54 75 47 14 15 31 45 
34 38 48 34 18 51 57 31 83 41 
84 81 41 54 31 53 43 74 b4 8b 
48 43 14 83 18 48 34 37 47 84 
81 38 41 54 83 58 48 34 38 13 
48 14 34 73 78 38 43 41 84 31 
83 43 84 78 47 34 38 13 48 14 
34 83 87 37 43 41 84 31 83 43 
84 85 38 34 13 84 18 38 73 74 
34 83 81 48 31 43 83 48 74 87 
38 37 23 87 28 38 73 74 34 b3 
8b 82 18 b2 81 48 47 87 18 8b 
18 13 83 18 17 87 38 37 87 48 
b7 84 58 1b 61 85 68 18 a1 61 
8a 81 48 a1 84 18 3a 63 62 32 
13 12 32 43 82 48 38 53 43 84 
83 68 43 64 84 a8 1a 41 46 34 
16 31 41 34 35 13 14 51 34 63 
15 61 31 a3 8a 18 16 51 86 78 
15 71 81 a8 78 1a 18 41 a8 14 
81 8a 87 a7 17 41 1a 41 45 64 
15 61 41 54 a4 3a b3 8b 18 16 
41 86 58 14 51 81 48 41 64 81 
68 48 b4 8b 86 18 b6 81 68 1b 
86 18 b8 1b 15 81 b5 18 51 8b 
81 58 b1 85 78 4b 74 84 b8 78 
4b 48 14 b8 41 54 3b 13 45 14 
15 61 34 63 13 41 45 34 15 61 
43 64 14 31 34 83 14 81 87 17 
41 37 43 13 a1 8a 38 34 53 84 
58 38 a3 1a 81 85 68 15 21 86 
28 18 a1 21 8a 81 48 a1 84 18 
3a 13 12 32 63 82 78 36 73 83 
a8 78 3a 38 43 a8 34 83 8a 87 
a7 37 23 3a b3 8b 48 a2 84 58 
1a 41 85 48 18 a1 4a 46 84 a6 
48 54 7a 45 84 86 58 46 54 84 
58 a7 85 78 5a 87 58 a8 5a b5 
3b a3 4a 48 64 a8 46 74 1a 21 
47 24 14 a1 21 4a 41 84 a1 48 
14 3a 83 41 84 34 23 26 36 43 
48 14 38 13 16 36 83 46 84 34 
b3 5b 45 48 64 58 65 61 51 85 
41 84 54 65 62 52 45 48 64 58 
65 45 24 25 45 24 26 46 54 56 
46 54 52 15 42 14 16 46 84 56 
85 45 b4 1b 51 58 65 18 61 51 
b5 65 1b 15 81 b5 18 51 3b 83 
15 81 31 63 62 32 13 18 51 38 
53 52 32 83 12 81 31 a3 8a 83 
18 a3 81 38 1a 18 31 a8 13 81 
8a 83 68 6h a3 13 61 8a 78 16 
71 74 14 31 84 38 18 b1 5b 85 
83 48 53 75 71 51 35 84 38 58 
75 78 58 15 18 58 75 73 53 85 
81 51 85 83 53 15 13 53 85 87 
48 57 45 43 53 65 83 68 58 b5 
4b 84 86 38 46 34 84 b8 38 4b 
48 34 31 41 84 81 41 34 37 47 
14 18 48 14 17 47 84 87 47 34 
b7 43 64 1b 71 46 74 78 48 34 
18 31 41 b4 5b 15 13 81 53 85 
87 57 25 17 21 51 b5 25 1b 15 
31 b5 13 51 8b 58 52 82 78 12 
71 81 b8 78 7b 74 b4 84 8b 18 
14 31 84 38 18 71 78 18 71 73 
13 81 83 13 81 87 48 17 41 81 
38 37 87 18 14 31 84 38 18 71 
78 18 71 73 13 81 83 13 81 87 
48 17 41 81 a8 5a b5 45 1b 15 
41 43 13 51 53 13 61 b3 16 31 
4b 74 13 71 41 a4 5a 15 17 21 
57 25 24 54 35 14 31 51 25 28 
58 15 13 41 53 45 48 58 35 18 
31 51 25 26 56 15 13 81 53 85 
84 54 85 14 81 51 65 62 52 15 
12 71 52 75 15 21 28 18 21 26 
16 81 86 16 51 57 45 17 41 46 
16 31 56 35 15 a1 31 5a 51 35 
a1 53 15 8a 38 51 35 85 38 37 
87 58 57 15 87 18 17 87 38 57 
35 85 b8 1b 51 53 65 13 61 64 
14 31 54 35 15 b1 8b 58 53 45 
83 48 46 86 28 56 25 85 28 26 
6h 2h 1h 51 58 35 18 31 51 85 
2h 58 15 13 81 53 85 15 31 82 
68 3h 86 58 52 35 82 38 58 65 
7h 56 85 83 68 53 65 64 54 35 
84 38 58 45 5h 45 46 56 85 83 
68 53 65 85 38 6h 46 34 7h 84 
58 56 75 8h 78 5h 75 8h 48 43 
74 54 35 85 78 6h 81 48 41 64 
4h 64 8h 18 46 14 84 58 53 45 
41 64 17 57 65 62 52 35 42 64 
85 68 48 54 53 65 7h 43 84 85 
38 45 34 84 78 2h 87 48 43 54 
71 1h 45 34 84 58 2h 85 48 43 
54 83 58 56 75 17 31 48 34 14 
81 86 48 16 71 57 65 84 68 58 
25 5h 85 86 48 56 75 17 61 84 
68 18 41 43 64 5h 35 15 81 84 
78 75 85 48 18 51 46 74 54 57 
47 17 81 45 24 12 61 81 78 75 
85 18 48 54 16 71 51 41 84 86 
18 46 14 57 53 75 13 71 31 37 
45 64 51 81 68 48 14 57 65 17 
47 84 85 18 45 74 81 78 48 54 
25 42 84 81 58 41 54 84 18 56 
75 15 17 57 87 48 51 25 82 68 
48 74 71 41 84 86 78 54 75 4h 
85 18 46 54 26 45 14 84 58 53 
45 48 14 58 35 45 84 85 62 81 
58 48 54 53 85 84 18 37 87 68 
54 65 85 48 47 41 74 84 58 56 
75 17 51 45 41 64 28 17 57 85 
24 54 15 82 48 82 78 13 71 81 
48 53 15 13 71 53 75 46 34 86 
38 35 81 58 41 34 53 65 83 68 
58 15 13 14 31 51 25 8h 52 15 
14 31 54 35 15 41 45 5h 86 48 
47 64 87 28 24 26 46 42 64 84 
58 53 65 73 87 48 45 34 85 38 
48 54 52 42 84 78 47 84 56 48 
7h 75 24 85 87 28 48 54 73 57 
35 47 64 26 42 84 86 78 46 74 
85 28 8h 58 84 68 57 6h 75 45 
43 64 3h 42 7h 54 27 53 72 3h 
25 56 2h 67 6h bh 1b ah 8a bh 
4b ah 7a bh 3b ah bh 
