2
6h 7h 1a 3b 34 3h 7h b4 14 1b 
15 17 b7 2b 27 17 13 a1 2a 51 
b5 47 2b 27 25 87 65 2h 82 86 
83 8h 84 78 74 84 78 2h 42 87 
38 24 32 82 38 36 36 35 73 a5 
37 63 7a 36 73 a3 4a 43 a3 4a 
47 a7 3a 37 a7 3a 34 73 a4 37 
43 7a 73 74 34 37 43 37 43 73 
74 34 37 63 a4 36 73 7a ah 3a 
23 28 72 38 73 23 a2 3a 37 43 
42 32 73 a3 4a 43 a3 2a 23 a3 
2a 42 47 48 4h 64 7h 46 5h 64 
bh 46 7b 78 64 b8 46 7b 75 76 
a7 2a 32 37 27 62 64 24 72 73 
23 a2 3a 37 a7 3a 32 a2 7a 72 
a2 7a 37 38 23 78 27 37 23 28 
38 73 78 47 38 63 74 67 37 43 
47 37 a3 7a 74 a4 7a 76 47 a6 
74 67 2a 42 76 17 24 52 71 57 
27 42 46 26 52 51 21 72 71 67 
21 62 72 87 83 73 27 24 62 42 
72 37 38 78 67 61 76 27 24 26 
42 72 67 61 71 27 24 52 74 57 
27 42 41 21 42 5h 4h 5h b5 3b 
83 8h 8h b8 3b 13 12 32 53 1h 
35 23 16 32 13 14 34 23 64 32 
b3 46 2b 64 2h 24 82 8h 8h 6h 
86 a6 3a 63 68 38 63 65 46 5h 
64 56 7h 65 86 83 63 46 8h 64 
36 1h 63 56 5h 5h 15 ah 51 2a 
42 4h 15 bh 51 2b 42 ah 15 2a 
32 51 23 42 41 21 82 4h 34 28 
32 42 84 34 23 24 82 34 83 23 
42 4h 5h 45 43 14 4h 34 54 35 
36 43 45 64 35 13 6h 56 31 53 
63 86 54 35 34 13 54 15 68 16 
17 56 45 36 43 53 45 48 34 35 
63 45 64 34 53 67 86 5h 56 45 
47 84 7h 48 64 68 76 48 74 64 
86 8h 1h 41 47 84 17 48 bh 71 
74 14 81 2b 42 18 24 bh 81 3b 
42 18 24 ah 83 5a 41 38 14 bh 
82 6b 45 28 54 ah 83 4a 38 4h 
81 8h bh 1b ah 7a bh ah 
