1
6a 47 a4 54 5a 52 57 a5 85 68 
6a 6h 6h 63 46 43 63 86 73 68 
76 74 64 86 34 68 a6 76 8a 86 
87 43 a6 34 8a 82 84 78 72 82 
18 15 16 1h 5h 7h 87 18 18 13 
51 43 15 a1 34 5a 5h 51 56 15 
16 41 56 25 14 21 43 51 75 76 
56 15 12 41 52 45 15 81 87 58 
54 25 84 28 17 21 58 25 15 21 
27 2h 6h 27 21 21 28 42 32 3h 
3h 43 a6 34 2a 24 82 a4 28 42 
4a 43 a3 23 42 48 28 42 4h 43 
45 25 82 2a 82 85 25 82 81 58 
21 52 82 58 15 81 28 25 62 85 
68 28 52 51 21 82 86 58 26 52 
82 58 a1 85 28 25 62 85 68 28 
52 8a 86 58 28 62 a2 4a 24 26 
82 46 54 28 32 3h 45 84 85 68 
45 64 84 38 31 81 48 46 54 86 
58 48 a4 2a 82 85 68 25 62 82 
68 64 84 28 24 52 84 58 28 62 
67 27 82 85 48 25 42 82 48 47 
87 28 27 52 87 58 28 12 13 23 
82 85 68 25 62 82 38 31 81 28 
26 32 86 38 35 85 68 25 62 82 
38 34 3h 5h 32 3h ah 7h 7h 1h 
7h 7h 1h 4h 4h 5h 2h 1h 7h 5h 
1h 7h 5h 7h 5h 6h 7h 1h 2h 1h 
2h 5h 6h 1h 7h 5h 1h 7h 8h 7h 
1h 3h 1h 
