2
2h 8h 36 1a 4b 76 41 71 48 48 
54 78 75 74 73 47 a3 54 75 17 
1a 15 18 a5 75 17 13 14 86 b3 
68 7a 86 1b 57 54 51 41 71 45 
68 a7 1a 15 14 86 54 a4 7a 81 
61 68 a7 18 16 7a b1 4b 45 b5 
86 1b a7 8a 81 a1 61 5a 54 a4 
6a 68 a8 4a 45 a5 7a 87 17 18 
16 b1 86 76 7b 67 b8 78 3b a7 
86 b3 1a 68 5b 41 51 54 14 15 
61 81 86 45 b5 1b 18 a1 b8 7a 
87 6b 86 76 b8 5b 68 54 67 b4 
5b 87 86 76 b5 1b 81 67 61 71 
68 78 67 6h 18 64 6h bh 3h 1b 
17 31 b7 2b 2h 13 b1 2b 2h 3h 
3h 36 87 28 12 a1 7a 87 a8 2a 
24 82 a4 3a 28 b2 3b 34 14 61 
36 3h 4h bh 2b 62 16 b1 8b 78 
b7 4b 4h 4h 6h 3h 83 78 37 26 
83 82 72 37 83 81 31 83 8h 85 
87 8h 78 bh 87 28 21 52 81 58 
71 85 78 25 72 82 18 5b 81 28 
27 52 87 58 28 52 17 ah 71 5a 
54 57 5h 85 82 78 52 75 85 28 
5h 57 25 85 78 18 17 87 81 58 
52 75 51 75 8h 28 57 45 82 18 
5h 25 81 78 52 75 85 18 6h 81 
58 57 45 61 87 48 58 25 4h 52 
45 b5 8b 85 28 42 84 58 8h 58 
54 15 84 18 58 25 1h 52 85 87 
28 57 45 82 48 58 25 42 54 85 
82 78 24 7h 54 15 5h 75 71 51 
75 73 27 53 45 72 47 57 25 42 
54 75 72 47 52 45 75 27 25 75 
27 24 52 74 57 27 52 45 24 72 
75 47 25 42 72 57 52 72 57 54 
35 7h 27 53 25 24 54 35 74 37 
57 45 4h 42 4h 46 4h bh 8b 28 
26 86 bh 62 68 28 72 73 67 46 
34 5b 65 76 17 12 14 24 13 23 
42 72 87 85 48 41 34 41 34 84 
68 58 78 27 24 82 74 87 86 18 
76 17 26 42 87 48 87 27 4h 78 
72 74 24 62 84 68 71 28 13 3h 
47 42 72 87 85 48 56 76 27 28 
62 78 67 27 82 43 84 83 68 56 
24 8h 65 6h 42 78 36 31 61 87 
24 3h 46 78 12 13 64 31 75 bh 
46 53 17 83 71 21 64 4b 18 4h 
37 12 35 75 82 bh 56 54 23 64 
32 4b 27 45 72 5h 28 21 81 bh 
16 13 63 5b 34 31 41 1h 17 7h 
bh 1b bh ah 
