1
6h 78 6a 76 82 84 87 a6 7a 78 
71 31 3h 24 a8 78 78 17 42 58 
75 27 1a 74 17 16 13 71 a7 42 
43 23 24 71 37 4a 34 74 37 a7 
51 8a 15 47 28 2h 21 25 32 37 
51 a3 15 8a 38 51 a3 15 7a 74 
51 a4 15 8a 38 51 a3 15 7a 72 
a7 72 57 7a 17 51 75 87 38 73 
a7 71 57 7a 17 15 75 17 a7 57 
1a 75 14 1h 57 a4 75 7a 74 a7 
74 67 7a 87 38 73 67 61 71 a7 
54 8a 45 71 87 37 38 54 a8 45 
7a 13 87 54 a8 31 3a 32 73 87 
38 63 6h 7h 6h 7h a7 3a 13 37 
53 43 45 35 34 13 54 31 73 31 
a3 45 6a 16 67 16 13 76 73 87 
63 78 47 57 54 74 75 87 45 78 
47 36 74 37 67 63 86 73 54 68 
56 46 37 4h 73 4h 37 54 58 57 
53 73 a5 37 6a 64 36 a4 63 46 
8a 64 86 73 68 76 36 37 67 63 
46 a8 73 7a 64 36 37 67 36 31 
61 86 a1 68 16 76 71 61 67 16 
67 86 6a 86 a6 71 3a 63 68 16 
38 13 63 16 37 36 13 76 31 73 
71 87 31 63 78 27 36 23 73 17 
67 61 71 25 76 37 35 13 75 47 
36 43 73 a7 61 3a 34 63 a4 13 
16 36 31 63 1a 36 13 17 37 83 
a7 38 73 63 67 37 36 73 3a 73 
a3 67 2a 37 36 23 21 42 a3 24 
82 2a 62 61 86 21 82 62 16 76 
71 61 67 26 28 12 68 16 71 a8 
17 26 12 67 62 86 1a 68 16 72 
a6 27 1a 21 26 82 71 76 16 17 
81 67 18 51 28 52 12 81 76 53 
18 21 23 82 13 81 67 18 41 28 
72 14 61 21 82 76 16 17 81 67 
18 61 28 52 16 71 25 32 17 31 
21 42 35 24 32 52 53 23 25 82 
76 35 28 12 15 81 25 82 67 28 
42 18 71 24 62 17 61 21 82 71 
28 72 76 26 82 16 28 12 17 81 
27 82 67 28 52 18 51 21 82 76 
53 28 12 13 81 23 82 67 28 42 
18 71 24 62 17 61 21 82 71 28 
72 76 26 82 16 28 12 17 81 27 
82 67 28 42 18 71 24 62 12 41 
76 26 27 82 67 28 42 12 81 76 
18 a1 67 2a 24 72 a4 26 42 8a 
24 82 67 28 62 72 76 26 27 82 
67 a2 76 8a 81 67 8h 87 a1 78 
76 86 2a 21 42 68 67 a1 24 12 
87 21 62 2a 62 a2 82 82 8a 8h 
a8 2a 72 a7 6a 68 a6 68 16 6a 
16 a6 2a 72 a7 6a 61 a6 61 76 
6a 76 a6 7a 78 a8 2a 28 68 a6 
2a 27 a2 27 12 2a 12 a2 6a 67 
a6 67 26 21 42 61 46 26 12 2a 
62 64 16 24 12 62 a6 62 16 17 
21 67 26 16 41 27 52 1a 61 67 
a6 17 41 61 46 25 12 16 41 26 
42 43 23 62 13 61 21 42 63 16 
13 41 63 46 21 42 65 46 4h 2h 
4h 4h 7h 7h 3h 7h 3h 7h 3h 7h 
7h 4h 7h 3h 8h 3h 8h 1h 8h 1h 
8h 5h 8h 5h 8h 5h 8h 3h 7h 3h 
7h 3h 7h 3h 7h 3h 3h 6h 
