2
47 82 8a 8h 1b 16 52 18 1h 2h 
17 a5 1a 16 a1 7a 76 a6 1a b1 
3b a1 21 6a 67 a7 3a 35 a5 2a 
32 38 37 34 53 52 32 53 58 38 
b3 42 52 8b 51 5h b8 2b 24 b4 
2b 28 b8 5b 45 48 58 a5 1a 15 
1h 4h bh 74 a5 47 3b 53 5a 51 
74 a1 31 45 43 43 57 65 5a 35 
73 57 65 a5 1a 54 56 25 a1 46 
52 15 2a 64 51 25 24 a5 4a 46 
a6 7a 76 36 37 67 a6 13 8a 31 
63 76 37 83 a3 6a 76 a7 8a 85 
8h 7h 67 a5 76 3a 35 a5 67 63 
73 76 36 37 67 63 73 76 36 3a 
73 74 27 2h 34 a4 64 43 4a 64 
34 a6 46 23 2a 64 62 42 46 26 
24 64 82 46 87 27 42 62 64 24 
26 46 82 64 83 23 62 42 46 26 
24 64 82 82 68 48 46 86 84 64 
38 46 32 82 48 68 64 84 86 46 
78 64 72 82 68 48 46 86 84 64 
a8 46 3a 64 63 43 46 36 34 64 
23 46 27 37 43 63 64 34 36 46 
a3 64 2a 23 a3 46 7a 73 a3 64 
8a 46 48 68 64 84 86 46 b8 28 
3b 64 37 82 b7 28 3b 38 32 82 
b2 46 43 63 64 34 36 46 43 63 
64 34 5b 36 46 53 64 b3 46 7b 
72 b2 64 3b 35 b5 46 53 7b 64 
35 78 b8 46 43 63 64 34 36 46 
43 63 64 34 5b 36 46 53 64 57 
37 b7 46 13 4b 31 43 b3 63 6b 
64 b4 34 5b 52 b2 43 5b 34 35 
45 43 46 53 56 a5 36 3a 34 a4 
64 63 5a 36 75 73 72 32 52 43 
45 36 43 65 63 53 56 36 35 65 
63 64 53 54 b5 34 3b 36 b6 46 
13 4b 31 43 b3 63 5b 36 35 65 
34 64 54 56 46 13 15 35 43 63 
64 34 36 46 a3 64 1a 13 a3 46 
41 61 64 14 16 46 41 61 64 14 
4a 16 51 53 13 a6 45 65 64 54 
56 46 41 61 64 14 35 4a 53 45 
16 41 61 64 54 a1 45 46 56 16 
45 61 6a 54 65 a5 15 4a 64 51 
a6 15 1a 16 a6 56 41 65 6a 61 
64 14 16 46 a6 56 41 65 6a 61 
64 14 a4 16 41 51 54 14 15 45 
41 46 16 56 41 65 6a 14 61 a1 
51 4a 64 15 a6 51 5a 56 a6 16 
45 61 6a 65 64 54 56 46 a6 16 
45 61 6a 65 64 54 a4 56 45 15 
14 16 46 56 54 64 41 65 46 4a 
15 41 56 a1 65 61 51 56 16 45 
24 5a 61 65 42 15 16 56 51 24 
75 7h 7h 2h 25 a7 52 4a 42 4h 
3h ah 61 64 14 16 46 41 61 64 
14 16 46 6a 61 46 34 3h 3h 5h 
a1 65 15 16 56 51 61 85 6a 58 
65 67 57 a7 17 65 71 6a 63 6h 
bh 7h 8h 61 6b 6h 4h 2h 3h 2h 
3h 2h 1h 2h 1h 2h 1h 2h 7h 8h 
5h 7h 2h bh 1h 1h 8h 8h 2h 7h 
7h 2h 2h ah 
