1
3h 16 3a 37 34 a7 6a 63 62 61 
a3 83 6a 6h 2h 68 46 48 45 68 
26 a5 1a 14 17 67 16 18 a4 1a 
1h 3h 7h 3h 35 31 3h 1h a1 8a 
81 a1 8a 86 a6 8a 82 8h 8h 83 
48 28 24 84 82 38 34 73 84 78 
38 73 74 34 83 84 28 34 23 83 
18 16 86 78 28 23 73 7h 17 21 
2h 82 83 48 23 42 43 23 42 83 
58 24 72 85 78 28 62 68 28 a2 
1a 81 78 67 62 72 87 18 a1 7a 
57 51 71 87 82 72 17 15 75 87 
86 48 76 57 84 58 78 57 15 81 
85 38 15 31 34 14 84 51 57 17 
38 31 81 78 75 85 28 26 86 18 
13 41 83 48 43 83 48 13 51 84 
58 18 51 75 87 85 38 75 37 87 
48 38 34 84 83 78 74 57 84 68 
a6 75 47 7a 47 43 73 47 a3 74 
57 51 71 57 7a 57 5h 1h 5h a7 
17 1h 4h 71 75 15 41 7a 47 17 
61 86 78 74 57 84 58 78 57 5h 
ah 4h 1h 81 87 48 4h 17 41 52 
75 62 57 45 15 41 4a 42 4h 4h 
3h 7h 3h 7h 3h 7h 3h 3h 3h 2h 
8h 6h 2h 3h 3h 6h 3h 2h 5h 6h 
2h 5h 6h 2h 1h 2h ah 
