1
38 21 52 35 35 37 35 35 36 53 
46 48 35 83 3a 83 a3 2a 21 2h 
6h 24 a1 8a 28 16 a2 61 3a 32 
16 a2 61 53 16 3a 53 61 a3 16 
5a 58 61 a8 16 3a 38 a8 61 53 
58 16 4a 48 61 a8 6a 68 a8 76 
2a 18 24 a4 3a 13 67 83 81 31 
38 a3 2a 25 a5 62 3a 23 24 a2 
5a 34 83 a5 7a 13 a4 18 6a 38 
31 63 6h 36 81 a3 6a 18 63 16 
86 81 61 68 47 a3 56 18 6a 56 
a6 81 2a 74 82 12 47 18 28 21 
74 52 54 5h a5 2a 32 81 8h 23 
a2 5a 45 47 57 a5 6a 62 a6 5a 
85 62 86 56 85 83 53 75 74 54 
65 63 86 53 45 68 46 56 15 13 
53 65 67 46 76 56 35 31 51 65 
67 57 45 65 76 75 65 46 42 62 
46 48 42 72 72 48 74 7h 7h 75 
37 38 78 57 52 72 87 83 73 17 
13 73 17 18 12 a1 78 57 8a 75 
87 a7 4a 74 78 37 34 38 48 78 
57 43 84 83 43 84 75 87 47 34 
37 47 34 38 48 74 78 48 74 73 
87 43 54 78 57 47 84 83 43 74 
75 87 45 84 74 37 34 74 37 38 
78 47 48 78 a7 8a 84 a4 8a 83 
a3 4a 43 a3 4a 48 54 a8 45 84 
5a 48 54 57 85 47 84 54 85 a7 
58 35 4a 53 85 45 84 a5 48 34 
35 45 84 5a 53 48 34 a4 5a 35 
a3 6a 46 45 84 65 86 46 54 53 
43 64 68 56 48 54 64 86 56 45 
46 84 56 85 45 84 81 41 54 51 
85 41 84 54 85 28 2h 27 a5 72 
8a 82 8h 8h 6h 6h 3h 3h 2h ah 
3h 3h 7h 2h 6h 6h 2h 2h 1h 78 
7h 7h 1h 1h 36 3h 2h 37 3h 31 
53 6a 16 14 64 16 35 13 16 1h 
ah 8h 7h 2h 4h 5h 2h 6h 2h 6h 
2h 3h 2h 18 1h 4h 5h 4h 8h 4h 

