1
62 7h 57 57 2a 21 52 62 a1 51 
5h 26 5a 62 45 45 35 3h 41 34 
34 32 81 a3 5a 53 a3 5a 85 8h 
5h 65 68 58 25 28 58 a5 3a 35 
a5 3a 36 13 a6 31 5a 56 a6 13 
1a 14 a4 34 5a 85 82 52 85 84 
83 43 53 25 23 53 25 24 2h 54 
15 87 51 35 34 54 15 27 82 18 
58 15 16 1h 17 a7 1a 1h 6h 16 
81 85 38 15 31 81 48 4h 4h 4h 
6h 6h 3h 7h 6h 3h 7h 13 14 71 
34 73 13 71 27 12 31 37 53 17 
51 31 73 72 32 13 15 71 35 73 
13 61 62 12 31 37 53 17 51 31 
63 56 15 16 71 56 75 15 21 23 
13 51 57 25 21 27 17 57 35 37 
12 71 51 75 37 13 17 37 41 43 
13 a1 8a 38 34 84 73 75 35 78 
72 82 63 a8 36 73 5a 37 53 a3 
8a 28 52 35 38 58 73 85 82 52 
37 65 63 53 65 61 51 76 75 65 
36 31 61 73 76 7h ah 6h 4h 4h 
76 87 58 56 86 75 76 56 48 47 
4h 4h 14 15 8a 51 41 48 18 14 
84 81 41 15 68 6h 51 a7 14 75 
41 7a 14 17 47 41 4h 71 41 4h 
5h 2h 1h 8h 17 1h 6h 14 1h 3h 
65 48 41 73 78 38 56 14 67 83 
25 2h 8h 41 24 2h 1h 6h 2h 2h 
2h ah 5h 3h 4h 8h 7h 1h 
