1
8h 8h 3a 72 a4 5a 75 78 a7 4a 
48 a8 7a 71 78 72 17 a7 1a 12 
18 16 14 24 36 13 1h 21 7h 41 
42 12 14 21 a8 14 31 7a 47 72 
47 27 24 74 13 51 72 47 72 47 
65 74 87 16 81 71 27 a1 74 17 
1a 42 18 21 a8 14 81 71 87 7a 
87 83 73 27 a3 47 42 72 74 27 
4a 72 17 13 81 73 87 17 81 a4 
24 5a 65 a6 42 7a 24 71 27 a1 
47 42 72 74 27 74 27 47 42 72 
74 37 4a 73 27 24 74 27 a7 47 
2a 74 2h 47 2h 28 a2 74 7a 72 
47 42 72 87 a4 24 78 27 7a 27 
a7 47 5a 65 a6 74 7a 72 47 42 
72 87 a4 78 47 27 24 74 72 47 
72 37 1a 73 57 65 76 47 27 24 
74 72 47 72 17 18 41 21 24 14 
12 41 12 41 21 78 47 12 17 21 
a8 17 21 6a 12 61 51 56 57 16 
5h 61 a6 7a 72 a2 7a 75 87 a5 
78 27 25 75 87 2a 78 27 a7 2a 
24 21 a4 16 7a 74 37 a4 73 87 
2a 42 61 24 52 78 17 25 62 72 
87 16 26 21 42 61 24 82 72 47 
16 74 57 54 74 87 61 78 27 28 
62 78 67 27 42 17 24 12 16 41 
45 15 41 72 76 26 27 42 67 24 
82 14 51 28 72 15 27 a1 42 76 
24 32 2a 42 67 24 32 31 21 82 
a1 28 12 8a 21 82 a2 76 3a 32 
67 a2 76 3a 38 31 67 1h 76 3h 
67 1h 76 4h 67 a8 76 1a 12 67 
a2 76 1a 31 a3 67 2a 23 76 a3 
67 2a 28 76 a8 67 3a 38 76 a8 
67 3a 32 83 a2 38 23 8a 76 32 
83 a3 67 1a 31 38 43 82 12 41 
31 43 47 37 43 42 48 4h 84 4h 
84 a3 48 14 17 81 47 84 14 81 
8a 83 a3 13 81 4a 43 84 86 28 
14 51 5h 57 a3 75 1a 81 57 8h 
58 12 51 81 78 7h 75 15 17 51 
81 58 75 87 18 15 21 85 28 18 
51 57 17 81 82 68 5h 12 61 81 
a8 5a 15 16 21 56 25 23 53 25 
13 21 51 25 1h 15 61 5h 52 65 
15 a1 8a 58 56 25 86 78 52 75 
71 51 65 7h 56 15 85 18 17 51 
58 65 2h 18 61 51 85 1h 58 65 
15 61 6h 68 8h 2h 62 6h 64 86 
4h 68 56 52 85 62 86 56 75 85 
68 65 76 85 78 68 56 7h 27 2h 
65 86 87 58 67 56 86 58 57 65 
68 76 58 75 65 86 ah 68 56 57 
85 67 86 56 75 85 68 65 76 85 
78 68 56 6a 56 3h 65 86 87 58 
67 56 86 78 58 65 68 76 58 75 
65 86 72 87 67 86 85 78 76 57 
86 58 78 67 21 51 65 75 87 67 
56 57 35 67 36 56 75 81 78 6h 
58 35 65 86 87 38 6h 56 58 75 
68 76 56 85 71 87 57 65 83 18 
68 16 ah 58 75 73 87 53 85 75 
17 67 56 58 15 6a 76 75 87 86 
38 8h 68 78 57 52 35 21 71 87 
61 36 56 35 78 67 65 16 7h 87 
86 58 76 37 34 57 65 87 68 61 
36 46 81 78 51 75 85 68 78 57 
58 15 78 17 57 85 63 16 7h 76 
87 57 65 61 76 51 85 67 36 43 
86 78 75 67 64 56 74 86 54 17 
ah 38 15 75 67 64 56 74 17 65 
16 76 57 56 45 76 47 83 48 78 
37 47 43 73 74 87 57 65 83 48 
5a 75 73 67 53 65 75 37 84 58 
62 36 76 37 34 74 27 57 35 6h 
64 76 86 48 72 47 87 68 62 76 
45 75 27 87 48 6h 76 72 57 62 
56 83 76 34 53 28 8h 67 25 28 
76 37 43 74 37 82 68 52 45 73 
86 54 37 3h 68 25 23 53 86 4h 
65 38 74 83 56 1h 67 38 45 65 
75 83 ah 31 32 12 5a 26 5h 27 
54 72 62 48 ah 23 21 84 12 32 
2a 45 2h 54 ah 47 7a 4h ah 2a 
ah 
