1
48 4h 64 7a 74 a4 24 1a 17 27 
a1 5a 56 54 25 23 25 a6 42 3a 
35 a5 24 1a 14 15 a4 1a 15 12 
a2 7a 75 a5 21 41 42 12 14 24 
51 57 17 42 6a 61 a1 6a 65 6h 
63 67 24 a6 1a 16 a6 71 75 15 
71 7a 73 7h 4h 78 a7 17 4a 24 
21 a1 2a 26 a2 1a 12 42 a4 81 
8a 86 a6 16 51 57 17 41 24 12 
71 8a 75 15 81 8h 58 57 87 85 
75 5h 5h 75 5h 4h 24 2h 7h 57 
2h 52 72 75 47 5h 74 57 58 78 
27 28 52 78 57 53 27 52 57 32 
5h 85 a2 58 45 5a 45 a5 4a 46 
a6 5a 56 45 a6 54 85 5a 85 87 
57 45 a7 54 85 82 48 52 45 85 
48 43 42 14 51 58 45 18 41 48 
74 72 42 84 51 85 45 84 5a 54 
75 ah 57 45 48 74 58 75 45 84 
4a 54 57 25 24 27 47 42 74 54 
85 7h 58 45 42 84 52 75 48 74 
54 85 73 47 43 24 73 27 23 73 
27 43 24 74 67 6h 58 45 42 14 
a8 52 85 41 84 54 25 7a 47 48 
24 54 65 67 68 78 76 17 86 56 
45 42 84 52 85 45 24 71 37 5h 
73 27 47 24 58 75 74 37 3h 54 
35 3h 54 85 5h 45 43 53 45 42 
34 35 45 24 34 32 42 43 54 52 
53 25 45 24 32 43 54 52 35 25 
23 53 43 24 54 25 4h 45 14 8h 
68 5h 86 38 52 35 85 28 41 34 
38 32 82 42 54 52 15 42 34 84 
28 51 35 4h 45 24 84 58 53 45 
83 28 54 25 23 53 45 48 14 58 
35 41 64 53 65 45 34 32 42 a4 
7a 57 56 85 76 27 58 35 72 17 
53 71 a5 87 7a 87 82 38 a7 83 
28 8a 28 23 83 78 a3 87 18 4a 
74 73 67 81 43 76 18 a4 67 2a 
62 81 68 28 12 78 37 21 73 a2 
67 7a 67 61 71 87 6h 78 17 a7 
4a 74 71 87 41 84 74 17 87 48 
47 14 87 18 16 86 78 46 74 84 
78 76 47 48 34 78 37 47 a4 5a 
75 73 87 53 85 86 75 a8 57 56 
35 76 37 57 35 8a 78 75 37 85 
38 78 37 23 82 87 38 78 28 52 
73 57 27 32 58 75 78 37 58 35 
27 32 73 72 87 32 78 37 75 37 
7h 37 7h 87 13 21 4h 84 74 87 
12 41 47 84 17 81 41 74 85 78 
48 14 74 87 84 38 74 27 15 21 
71 47 83 48 78 47 45 84 87 38 
ah 83 78 48 14 75 87 85 38 75 
67 41 64 74 17 12 61 72 47 41 
24 71 27 47 14 83 68 4a 14 18 
31 4h 84 86 58 13 51 1h 31 6h 
13 71 72 67 2h 76 37 ah 73 67 
8a 58 5h 76 57 5h 52 12 61 6h 
72 67 6h 73 27 2h 25 6h 56 5h 
35 62 36 56 25 ah 52 65 63 26 
53 62 4a 35 36 24 56 42 ah 25 
8a 64 52 46 ah 28 1a 65 82 56 
ah 24 7a 61 42 16 ah 28 8a 65 
63 53 3h 37 7h 2h ah 3a ah 
