2
1h 2h 8a 54 27 2b 27 87 27 25 
25 a2 5a 57 a7 8a 81 81 38 a1 
7a 75 a5 8a 82 58 57 87 58 a2 
5a 57 85 48 47 87 58 67 36 85 
78 3h 87 58 4h 54 84 78 5h 75 
85 b8 5b 57 45 b7 54 75 4b 57 
45 43 53 75 b3 57 35 45 46 42 
48 74 7b 6h 68 b7 47 84 3b 48 
34 b4 86 1b 12 68 b2 86 5b 68 
54 35 b4 86 7b 73 68 b3 86 5b 
75 68 57 35 37 57 25 21 51 a5 
86 85 65 68 58 7a 73 85 a3 58 
1a 12 a2 85 3a 37 58 a7 85 3a 
36 58 3h 53 3h 83 85 35 13 16 
36 73 b1 37 53 58 38 73 7b 7h 
a7 3a 73 b3 7b 74 a3 47 8a 85 
a5 74 7a b4 3b a7 3a 34 73 a4 
37 53 58 38 73 7a b4 7b 71 b1 
7b a1 31 73 57 85 87 57 15 7a 
78 51 75 85 87 18 a5 81 78 7a 
ah 7a 76 74 26 4h 62 5h 26 b3 
62 7b 47 4h 58 26 5h 15 ah 62 
51 25 7a 87 56 15 78 17 57 15 
13 62 53 75 73 87 53 15 78 17 
14 57 85 26 58 15 12 5h 85 81 
68 51 65 85 18 4h 81 68 bh 86 
18 8b 18 8h 68 ah 86 58 56 45 
86 48 43 83 68 53 65 85 68 1a 
61 81 68 bh 86 58 51 65 81 68 
64 61 62 16 58 15 65 16 5b 56 
15 18 61 65 46 15 41 61 56 26 
25 65 62 16 14 51 64 56 16 51 
62 61 46 58 15 25 18 71 52 58 
45 65 46 17 51 56 45 16 71 28 
41 64 51 85 4h 64 52 15 28 65 
16 45 24 17 21 41 54 67 56 57 
25 67 16 47 24 61 26 46 14 15 
61 45 74 16 81 1h 51 47 54 14 
61 51 45 41 74 51 75 45 14 62 
76 81 48 54 56 15 46 14 54 65 
5h 45 41 74 81 58 65 64 16 54 
15 65 46 3h 64 56 51 45 61 46 
56 15 47 24 81 58 65 42 14 56 
15 45 64 67 16 12 51 62 76 15 
71 61 26 5h 56 15 45 64 62 56 
42 34 51 35 36 31 61 51 75 63 
16 13 63 16 43 14 64 26 57 25 
65 46 17 21 64 56 51 45 61 76 
54 85 4h 51 75 18 65 16 45 14 
64 56 12 51 57 45 17 21 54 25 
15 41 45 74 64 56 16 81 3h 18 
61 65 46 15 71 64 86 8h 65 46 
41 54 61 56 46 54 85 48 64 65 
16 45 14 64 56 58 68 46 41 54 
61 56 46 14 52 35 6h 53 15 45 
24 64 56 51 35 1h 53 85 ah 58 
35 5a 85 ah 58 45 42 34 52 35 
45 24 17 21 5a 56 75 41 34 35 
45 14 5h 41 64 65 16 45 84 12 
81 62 36 82 12 51 42 54 56 46 
24 16 21 57 25 58 25 18 61 48 
64 67 47 24 54 75 76 4h 67 57 
85 17 81 51 75 42 14 63 76 41 
74 56 15 18 61 58 75 16 21 45 
64 65 36 12 51 56 16 21 46 84 
53 85 45 64 37 5h 46 74 58 65 
12 61 51 65 67 16 15 71 65 26 
47 54 13 45 62 81 5h 54 36 73 
67 86 16 21 57 35 12 61 82 62 
76 12 71 57 85 73 61 26 13 43 
24 25 45 24 65 36 48 34 17 31 
82 41 54 61 56 46 14 17 47 64 
28 58 68 76 48 74 64 76 17 41 
52 75 63 14 37 7h 46 81 45 24 
65 86 84 64 56 14 51 53 61 82 
8h 15 46 48 68 46 51 85 86 38 
6h 87 28 68 16 84 73 13 41 63 
14 bh 46 31 68 36 37 67 86 17 
42 62 5b 71 74 76 25 14 21 58 
45 46 84 82 41 6h 18 24 67 42 
81 2h 16 74 12 47 2h 78 83 7h 
31 3h ah 5a bh 6b ah 1a bh 2b 
ah bh 
