0
47 43 23 53 42 41 41 48 48 24 
21 62 41 24 26 27 24 2h 2h 42 
46 26 84 82 87 58 58 27 47 32 
34 36 46 26 34 32 42 83 84 86 
46 56 24 28 48 12 14 24 12 17 
15 1h 1h 27 42 47 27 84 82 81 
84 21 42 41 64 6h 21 32 36 26 
32 3h 4h 84 31 41 74 83 78 48 
74 75 45 84 85 78 45 74 73 43 
74 83 78 48 74 7h 5h 76 72 7h 
42 84 82 58 42 54 53 43 83 54 
58 52 15 82 42 18 14 84 18 54 
15 85 18 17 14 87 18 1h 6h 3h 
6h 3h 4h 6h 3h 6h 3h 6h 3h 6h 
3h 6h 3h 6h 3h 6h 2h 7h 41 4h 
53 56 25 2h 43 64 67 47 34 37 
63 47 64 6h 6h 1h 5h 6h 7h 2h 
7h 2h 7h 2h 3h 7h 2h 2h 4h 7h 
8h 7h 
