2
3h 46 4h 21 8a 4b 43 4h ah 6a 
65 a5 7a 74 a4 64 8a 65 78 73 
a3 5a 56 a6 18 7a 73 b7 73 a7 
81 5b 57 18 5a 81 b7 57 18 5b 
5h 53 75 65 67 57 56 76 b5 81 
7b 75 b5 65 18 6b 67 81 6h 18 
4h 81 b7 57 6b 16 68 36 75 b3 
57 6b 86 75 68 76 56 57 67 65 
86 75 68 b6 81 57 8b 86 75 8h 
63 85 25 b3 13 6b 16 6h 46 41 
61 46 47 14 16 46 24 25 5h bh 
6b 61 b1 6b 36 23 25 82 18 b5 
81 38 63 16 15 65 16 8b 38 b3 
8b 28 24 32 84 38 28 52 56 26 
82 83 68 23 62 82 38 b3 8b 28 
26 52 62 65 26 86 38 b3 6b 62 
46 b2 64 56 6b 56 b6 8b 28 26 
86 38 b3 8b 68 62 82 58 57 87 
28 26 86 38 b3 8b 68 62 82 68 
67 26 87 28 68 36 b3 6b 86 82 
38 62 76 b3 67 56 6b 56 b6 8b 
38 b3 8b 58 51 25 27 57 65 68 
16 58 35 61 36 56 75 72 52 65 
63 26 53 25 65 36 b3 6b 76 27 
52 56 35 67 27 82 b3 28 12 2b 
32 53 85 b1 58 15 8b 51 35 23 
82 81 38 21 32 52 15 b5 8b 28 
23 52 51 35 85 38 21 52 58 15 
28 12 52 85 b8 6b 26 21 82 58 
35 61 86 28 32 34 24 82 68 16 
54 85 28 12 62 86 58 a5 6a 86 
a8 6a 26 21 82 61 86 26 12 84 
68 64 16 84 18 26 12 82 68 62 
36 82 38 68 46 a4 5a 85 83 28 
53 25 85 28 21 32 81 38 28 52 
51 35 21 32 52 15 3h 38 51 35 
25 3h 52 4h 64 86 ah 25 68 46 
6a 86 7h 52 68 46 ah 64 86 1a 
25 68 16 38 13 63 86 bh 52 1b 
68 16 25 a3 52 1a 25 1h 52 1h 
25 1h 31 7h 52 4h 25 7h 52 4h 
13 81 41 48 18 14 81 14 81 41 
48 18 25 4h 52 7h 25 8h 52 7h 
73 8h 37 84 14 81 82 38 12 31 
81 48 42 82 18 13 41 83 48 18 
31 45 34 14 81 85 48 15 21 84 
28 18 41 43 84 13 21 52 81 38 
41 34 84 18 12 82 48 43 54 14 
31 81 78 8h 28 2h 7h 17 13 41 
45 34 15 21 43 24 14 31 71 73 
13 17 41 42 34 47 54 42 54 14 
71 3h 17 41 24 25 15 41 42 54 
42 54 24 25 45 14 21 4h 54 12 
51 ah 41 42 54 8a 18 24 84 78 
12 41 12 71 81 48 45 14 13 21 
43 24 82 78 14 31 38 18 41 37 
23 14 21 31 43 31 83 45 84 15 
48 14 54 87 37 43 41 54 34 13 
12 51 31 43 31 23 35 73 45 14 
45 8h 14 58 37 53 84 58 43 41 
74 31 38 73 43 84 82 38 42 74 
12 34 13 23 15 71 4h 32 35 23 
35 23 41 24 34 13 16 41 36 53 
54 34 63 52 12 41 12 41 45 36 
15 5h 24 23 61 67 17 21 52 31 
73 12 42 74 15 34 5h 21 23 13 
41 46 34 16 21 15 43 52 7h 31 
24 67 13 61 71 37 34 13 74 31 
ah 17 16 76 8a 43 41 67 68 14 
34 78 ah 81 86 16 4a 63 4h 67 
37 45 ah 78 51 76 15 8a 53 6h 
35 ah 54 42 2a 5h bh 2b ah 6a 
bh ah 
