1
1h 3a 12 1h ah 8a 54 86 58 54 
a4 2a 28 2h a8 18 5a 15 1h 1h 
a1 6a 65 6h a5 6a 6h 6h 6h 26 
72 a7 2a 42 41 21 a2 1a 21 a2 
4a 47 a4 2a 12 14 24 17 27 23 
47 a4 21 24 52 47 1a 25 71 72 
14 51 42 47 27 24 15 72 71 24 
72 41 42 12 47 17 27 21 24 14 
74 82 81 21 47 82 74 a8 47 2a 
82 74 a8 47 1a 12 74 a2 47 21 
28 18 74 51 47 7a 15 71 47 14 
a4 51 47 1a 51 74 a1 47 6a 74 
76 46 47 67 64 74 86 82 62 47 
16 74 15 65 47 81 86 16 74 21 
26 16 47 41 71 74 14 17 47 61 
62 12 74 81 8h 47 4h 6h 61 56 
58 68 76 74 64 86 85 65 86 85 
18 15 85 21 28 18 25 71 72 12 
81 85 15 78 73 83 51 58 18 21 
23 13 82 85 25 71 76 58 52 82 
48 43 83 28 25 85 72 78 71 47 
4h 8h 41 38 37 87 38 31 81 78 
71 81 a8 28 52 7a 25 17 12 72 
17 13 73 27 23 73 12 47 4h 3h 
21 42 4h 74 87 28 42 46 26 54 
5h 32 3h 31 a1 21 52 4a 25 14 
12 13 23 43 52 54 24 56 52 62 
65 25 26 56 42 46 26 34 32 31 
21 41 52 54 24 82 78 47 45 75 
64 37 3h 46 34 32 83 23 43 28 
54 52 42 34 38 48 24 25 45 12 
14 17 47 27 54 52 42 14 18 48 
24 25 45 72 74 78 48 28 54 52 
42 a4 7a 27 25 75 32 37 27 32 
3h 4h 3h 8h 6h 8h 6h 8h 6h 8h 
6h 6h 8h 8h 6h 8h 7h 13 62 87 
54 5h 52 5h 5h 5h ah 4h 3h 3h 
2h 2h 8h 7h 2h 7h 
