1
28 41 4a 4h 51 23 a6 26 2a 42 
42 45 a5 45 24 4a 24 a4 2a 28 
2h 32 37 27 a2 7a 76 a6 4a 42 
84 a2 48 64 67 47 14 1a 13 12 
a3 43 84 4a 84 82 86 76 42 74 
a2 64 67 47 46 74 46 74 64 67 
47 46 54 4a 54 52 42 74 a2 46 
74 64 67 47 46 24 6a 42 64 a4 
74 6a 68 47 a8 74 7a 78 a8 78 
8a 48 a4 7a 73 74 75 47 3h 74 
87 47 48 78 74 87 74 37 36 76 
37 34 74 67 64 63 43 73 27 25 
75 37 34 74 a7 6a 67 65 62 86 
5h 52 68 26 2h 65 46 43 63 56 
52 62 36 34 64 16 17 1h 2h 25 
ah 52 8a 5h 3h a8 6a 36 38 68 
56 31 63 46 4h 48 3h 84 3h 37 
43 4h 84 34 83 3h 83 ah 38 53 
56 8a 6h 2h a8 6a 56 54 85 4h 
58 15 16 56 85 13 81 86 51 75 
73 53 15 16 81 56 85 15 81 8h 
83 8h 48 ah 84 28 8a 48 2h 84 
28 ah 82 48 8a 48 46 86 48 8h 
48 45 24 85 28 23 83 28 43 24 
84 58 27 32 8h 48 23 52 84 58 
28 42 47 84 27 32 51 35 37 57 
15 27 32 48 34 24 82 51 35 28 
42 45 14 5h 53 85 84 38 54 35 
85 48 4h 41 54 53 65 5h 65 3h 
56 15 1h 61 ah 16 71 1a 61 7h 
72 6h 68 7h 74 6h 65 ah 56 1a 
21 24 82 14 61 15 61 51 81 48 
21 42 47 27 12 87 18 56 15 56 
28 61 4h 85 12 64 58 75 21 72 
52 85 14 84 78 16 71 81 28 21 
42 52 75 1h 46 53 25 26 12 56 
35 57 21 73 ah 35 62 57 8a 15 
68 28 62 51 85 82 78 2h 24 12 
18 41 28 62 46 16 2h 84 81 62 
41 64 24 12 18 41 28 14 7h 82 
8h 41 83 14 ah 37 5a 48 73 84 
ah 31 2a 45 13 54 ah 37 4a 73 
4h 38 3h ah 8a ah 6a ah 
