1
7a 37 a7 3a 36 a3 1a 16 14 15 
15 25 15 45 15 61 a5 16 81 7a 
18 71 a1 85 8a 81 87 21 27 24 
82 83 78 72 82 18 12 82 18 17 
41 87 28 14 21 81 78 27 82 18 
17 21 71 81 28 78 72 82 87 18 
12 17 21 81 78 27 82 18 12 31 
82 38 18 41 32 63 14 81 82 48 
12 61 62 31 32 3h 6h 12 1h 71 
84 78 73 18 71 74 7h 7h 47 a7 
57 1a 41 75 14 71 51 57 17 15 
41 75 14 71 74 57 71 87 83 48 
15 18 41 73 87 81 28 71 37 82 
38 78 17 57 51 71 75 27 15 72 
a7 51 8a 15 83 58 a3 81 58 8a 
18 15 85 18 14 21 84 28 18 41 
a1 51 8a 82 48 15 84 18 14 21 
84 28 27 87 48 17 41 81 48 51 
84 58 18 15 85 81 48 51 84 58 
54 84 18 a7 81 48 45 85 78 4a 
87 28 15 82 18 58 51 81 85 28 
a4 82 78 2a 87 28 a8 15 2a 23 
51 a3 15 8a 83 78 a3 51 4a 87 
28 15 82 18 58 51 81 85 28 a4 
15 82 78 8a 78 a8 51 7a 73 15 
a3 51 8a 83 28 a3 82 58 18 15 
85 81 28 7a 27 87 18 14 21 84 
28 2h 54 18 51 a2 41 45 15 14 
51 1a 71 78 47 54 75 27 a5 72 
47 57 18 41 75 71 27 4a 72 47 
51 a7 15 1a 17 41 a7 57 4a 47 
67 a4 6a 64 6h 7h 46 a7 64 26 
4a 62 46 a6 4a 46 4h 3h 7h 1h 
54 51 41 54 56 46 14 16 21 46 
54 12 51 41 74 76 46 14 15 21 
45 74 12 71 41 74 75 17 14 21 
74 57 12 51 71 67 64 74 17 15 
21 75 47 12 41 71 47 64 76 17 
14 51 46 76 27 15 41 72 47 45 
64 61 67 65 17 15 71 41 74 76 
17 14 21 56 46 76 57 47 54 12 
71 74 27 14 51 72 57 17 61 64 
14 71 75 27 15 41 72 47 17 41 
64 16 71 76 37 16 31 71 27 37 
32 72 73 17 12 41 72 47 17 21 
45 24 23 43 24 13 71 42 54 17 
51 41 74 71 67 64 61 41 71 27 
46 54 72 57 47 14 16 46 74 75 
27 45 14 72 17 47 14 15 71 74 
27 14 51 72 57 17 61 64 14 71 
75 27 15 41 72 67 47 17 21 46 
12 41 45 74 61 71 76 57 41 54 
74 67 64 74 17 14 74 17 16 21 
76 57 12 51 71 47 46 76 17 15 
21 75 47 12 41 71 47 45 14 17 
21 47 54 12 51 41 64 67 47 14 
15 21 45 74 12 71 41 74 67 46 
14 17 51 76 46 24 15 71 42 74 
75 67 14 61 71 47 45 14 17 61 
71 41 24 75 17 15 75 67 42 64 
74 57 51 54 14 15 41 15 81 75 
87 17 51 54 14 a1 4a 45 a5 7a 
78 27 a8 72 47 7a 47 46 24 76 
57 42 54 56 46 24 76 57 42 54 
74 27 a4 72 57 7a 57 a7 5a 51 
a1 5a 58 54 5h 5h 3h 6h 6h 3h 
4h 2h 4h 2h 3h 6h 6h 3h 4h 4h 
5h 3h 6h 6h 8h 6h 3h 7h 8h 6h 
8h 3h 7h 3h 1h 8h 1h 3h 6h 8h 
3h 1h 3h ah 
