1
7h 6h 3a 42 87 57 38 31 61 41 
65 63 68 61 a1 8a 86 a6 31 74 
5a 56 53 58 a6 5a 5h 2h a5 8a 
85 84 a5 78 4a 48 47 24 87 a7 
3a 32 3h 35 12 a1 7a 78 a8 2a 
12 a1 6a 65 a5 2a 12 a1 6a 63 
a6 63 26 6a 56 53 63 a6 12 5a 
61 86 87 67 a5 2a 26 a6 1a 12 
62 61 56 a1 3a 36 a6 35 2a 12 
a1 7a 78 a8 2a 12 a1 6a 65 63 
86 a5 1a 21 68 76 a2 6a 36 a7 
6a 36 a6 2a 12 a1 3a 53 56 36 
23 12 31 83 87 37 23 12 31 a3 
7a 78 a8 2a 12 a1 5a 53 a3 2a 
12 a1 6a 63 a3 2a 12 a1 6a 65 
76 a5 67 46 7a 64 26 12 61 46 
a7 64 26 6a 36 35 65 46 a2 64 
76 4a 67 26 12 61 76 a4 67 26 
5a 12 61 56 a6 2a 12 a1 3a 53 
a5 2a 12 a1 6a 63 46 a3 64 76 
4a 67 26 12 61 76 a4 67 26 6a 
36 35 65 46 a2 64 26 3a 62 36 
a6 3a 53 56 36 23 12 31 83 87 
37 23 12 31 a3 7a 78 a8 2a 12 
a1 5a 53 a3 2a 12 a1 6a 63 a3 
2a 12 a1 5a 58 75 a8 57 45 7a 
54 75 a5 2a 12 a1 6a 68 76 a8 
67 46 7a 64 76 71 7h 47 41 71 
47 48 43 24 3h 38 a6 83 4a 24 
38 42 34 84 83 43 48 24 38 42 
54 57 25 47 24 54 25 83 5h 25 
38 a4 83 2a 23 2h 32 38 28 32 
2h 32 8h 23 42 1h 24 12 14 24 
82 83 23 42 41 21 32 8h 23 12 
14 24 32 1h 23 12 15 25 12 16 
26 52 56 26 a2 5a 15 12 52 15 
15 12 41 a2 14 3a 41 3h 14 1h 
17 8h 85 5h 6h 62 2h 8h 58 57 
45 4h 87 6h 26 8h 62 8h 26 2h 
2h 8h 81 8h 28 ah 82 5a 45 ah 
28 5a 35 82 53 45 46 34 56 35 
45 64 37 53 57 65 37 63 45 64 
34 53 54 15 62 68 46 36 43 42 
64 63 26 43 24 64 36 51 35 65 
46 48 24 84 64 56 53 85 5h 35 
65 46 36 53 56 15 7h 36 43 42 
64 32 63 43 64 62 36 34 23 64 
26 36 43 28 7h 34 63 68 46 38 
43 63 86 46 34 36 83 46 84 34 
63 51 75 3h 63 57 15 ah 36 43 
42 64 32 63 43 74 4a 34 36 23 
46 24 34 63 51 75 5h 15 6h 51 
45 65 16 42 54 52 75 42 74 61 
76 61 76 16 46 24 56 25 28 58 
65 48 64 61 41 84 51 85 45 84 
6h 56 54 15 64 16 56 45 2h 62 
54 15 17 57 26 ah 45 42 48 74 
52 65 64 26 54 85 71 25 42 65 
46 41 26 3a 64 52 53 46 14 23 
62 64 16 58 45 67 36 47 84 57 
27 63 48 75 7h 32 86 74 23 72 
42 34 36 23 46 32 7h 24 21 41 
ah 63 67 12 14 76 36 24 5a 47 
41 71 ah 63 62 15 14 26 36 54 
6a 67 42 41 21 76 6h 13 15 68 
51 31 ah 14 12 87 42 78 2a 86 
21 68 1h 85 8h ah 5a ah 1a ah 

