2
2h 1h 42 5a 6b 56 5h 51 85 27 
24 a1 81 6a 68 a8 56 5a 57 a5 
b5 7a 74 a4 6b 6a 61 a1 51 6a 
6h a6 15 8a 51 b5 4b 47 b7 4b 
a8 6a 46 4h 7h b6 76 4b 4h 48 
4h 7h 84 42 84 24 b4 6b 67 b7 
6b 16 51 65 46 42 62 86 46 84 
86 83 8h 68 a3 28 26 86 82 68 
2a 86 28 a8 28 28 28 28 32 38 
28 32 2a 32 31 34 15 b5 7b 75 
b5 7b 37 37 31 53 b1 35 13 5b 
53 b3 51 2b 32 31 35 83 21 82 
32 13 15 35 23 28 12 38 13 23 
12 17 27 32 37 13 27 12 32 53 
57 37 23 21 52 31 53 23 52 51 
35 32 13 52 75 31 83 72 52 85 
35 83 a8 5a 58 25 27 57 85 a5 
3a 53 58 15 38 73 51 25 37 23 
53 15 25 32 35 73 72 75 25 35 
13 27 12 32 53 57 37 23 21 52 
31 53 23 52 51 35 32 13 52 15 
35 73 72 32 53 51 25 31 73 23 
53 15 27 51 25 21 32 3h 75 71 
31 53 57 15 31 83 17 51 85 35 
13 71 37 83 a8 5a 53 75 a3 57 
35 38 58 75 5a 75 a5 3a b3 2b 
52 57 15 57 15 75 71 21 52 57 
15 57 65 21 62 52 15 71 64 57 
25 24 12 54 15 25 72 57 51 45 
21 54 b2 75 5b 75 b5 1b 17 b7 
6b 56 75 71 61 56 57 15 57 15 
75 71 51 65 a6 2a 52 57 15 21 
82 57 85 25 12 71 27 52 56 85 
26 82 52 65 84 56 15 71 57 65 
48 56 45 85 84 54 58 65 62 52 
15 71 48 57 25 26 56 15 84 51 
25 24 62 54 15 26 12 72 71 51 
25 27 62 57 65 25 12 71 27 52 
54 24 b5 72 2b 72 b2 6b 16 21 
62 a6 2a 12 a1 2a 27 12 27 12 
72 71 21 27 12 27 12 72 a7 3a 
23 21 82 31 83 23 12 85 18 28 
32 35 73 87 38 13 25 82 83 18 
23 12 82 38 73 87 28 21 32 81 
38 28 12 32 83 78 72 82 38 73 
71 31 23 82 38 b3 6b 86 81 28 
81 48 43 83 18 62 16 86 18 17 
87 38 34 84 68 26 27 67 86 28 
21 72 78 68 26 12 72 71 21 27 
62 86 28 62 17 67 16 87 61 86 
81 26 a8 72 67 26 12 6a 62 76 
a2 67 16 3a 13 63 26 72 67 36 
31 23 61 26 36 13 23 62 63 16 
23 12 62 16 18 68 16 1h 1h 1h 
1h 7h bh 4h 3h 3h 1h 4h 7h 4h 
7h 7h 4h ah 3h 3h 5h 4h 2h 4h 
2h 4h 71 7h 7h 4h 4h 6h 73 7h 
1h 5h 5h 7h 4h 8h 5h 8h 3h 8h 

