2
4h 3h 31 31 38 3h 58 35 1a 3b 
13 a3 83 1a 38 14 1h 2h 45 83 
8h 4h ah 26 42 45 41 4a 43 64 
61 41 64 63 61 6h 3h b6 4b a4 
74 7h 57 3a 3h 5h 38 3h 73 75 
35 43 b4 67 3b 83 76 38 73 78 
71 87 63 78 47 b4 36 3b 83 a3 
8a 81 a1 3a 31 83 8h a1 8a 86 
8h 28 23 83 28 2h 8h 18 27 81 
38 26 12 74 21 32 82 58 47 85 
48 78 38 23 28 12 38 13 23 12 
74 37 32 13 72 17 37 13 16 1h 
36 73 76 27 36 23 73 17 26 32 
36 13 1h 26 12 73 87 82 72 87 
84 74 27 24 74 a7 1a 41 42 12 
41 48 18 21 28 18 b1 7b 37 31 
83 71 87 37 83 28 72 73 87 23 
82 72 37 32 72 47 84 28 23 83 
28 27 32 38 28 12 37 13 23 82 
87 27 b2 8b 38 31 73 81 78 38 
73 74 34 83 84 18 34 13 83 a8 
2a 32 31 43 21 42 32 43 47 37 
23 27 42 37 13 24 12 32 a3 2a 
21 72 a1 27 42 8a 58 24 52 82 
58 57 87 28 27 12 54 5h 5h 3h 
6h 8h 6h 7h 6h 7h 6h 7h 6h 7h 
6h 7h 6h 6h 4h 1h ah 7h 2h 7h 
4h 4h bh 6h 7h 1h 6h 5h 6h 
