1
3h 1h 4h 3a 37 32 36 86 18 38 
35 83 a3 8a 87 82 8h a7 3a 37 
a7 53 57 5a 5h 37 13 15 1h 7h 
14 24 14 61 36 53 13 a1 5a 5h 
54 a5 1a 31 35 a3 15 21 2a 26 
86 84 a8 18 51 3a 53 13 a1 5a 
65 63 53 a5 1a 71 a7 1a 61 65 
15 a1 3a 35 a5 1a 31 36 a3 16 
51 56 16 71 3a 73 13 a1 3a 13 
a1 7a 74 a4 1a 31 34 53 14 61 
63 65 35 36 73 15 41 a4 5a 56 
37 53 63 a3 65 4a 14 31 35 36 
43 a4 15 41 6a 34 63 a3 6a 68 
65 a6 4a 14 31 36 16 53 51 56 
16 51 36 53 13 41 a4 1a 31 35 
73 15 71 31 23 78 72 7h 7h 47 
7h 6h ah 1a 18 21 a8 12 51 2a 
15 21 25 25 2h 62 2h 62 2h 52 
56 26 52 7h 71 57 27 12 6h 21 
72 75 17 25 42 71 67 7h 57 24 
52 72 17 4h 71 27 25 42 48 28 
52 72 17 2h 25 42 71 67 7h 17 
8h 71 47 27 82 2h 62 2h 52 26 
72 74 87 74 87 27 62 5h 75 26 
12 57 45 21 42 72 74 17 48 58 
45 2h 25 42 71 57 52 15 72 47 
51 85 2h 58 25 27 12 57 45 21 
42 14 12 41 12 41 48 48 14 21 
14 21 23 42 21 42 12 14 71 8h 
43 8h 23 24 72 12 41 75 27 25 
82 75 87 27 52 85 28 32 6h 23 
82 14 71 72 87 25 15 41 27 32 
5h 14 31 21 32 42 12 14 71 78 
27 74 27 47 23 52 18 71 28 42 
73 57 13 51 71 87 71 87 24 12 
18 28 42 71 87 71 87 85 75 17 
75 37 24 52 6h 21 42 15 73 17 
24 82 12 41 72 37 52 73 57 14 
21 17 21 71 72 17 72 47 15 21 
15 21 74 27 17 41 28 72 31 78 
17 28 32 72 37 17 21 74 58 73 
67 85 12 81 24 74 67 36 26 42 
51 46 76 17 75 47 18 51 18 51 
43 54 73 57 47 34 17 81 17 81 
43 84 14 71 14 71 85 75 15 41 
15 41 47 34 17 31 41 74 54 57 
47 45 14 13 71 15 71 43 74 14 
31 54 2h 42 25 42 47 34 27 52 
27 52 72 43 54 13 51 41 74 2h 
21 72 12 17 18 31 85 4h 34 75 
25 27 52 27 52 43 54 24 72 24 
72 75 37 17 41 45 15 71 24 52 
24 52 17 41 45 15 61 48 64 47 
64 28 72 76 24 82 14 81 21 42 
46 26 12 47 54 42 54 24 21 42 
21 72 73 57 47 14 47 14 23 72 
24 72 18 31 42 47 24 47 34 14 
81 21 72 4h 43 27 6h 14 72 71 
21 32 47 14 47 14 18 61 48 74 
48 74 84 23 62 23 62 75 37 72 
37 27 23 52 73 13 41 82 12 81 
15 31 45 24 45 24 76 37 17 31 
42 74 76 57 72 57 46 24 47 24 
13 51 41 74 12 18 42 78 31 2h 
84 87 47 24 13 61 28 72 63 13 
81 41 27 3h 74 32 78 37 63 23 
82 42 14 76 27 42 34 18 46 78 
8h 21 84 37 12 61 24 63 13 41 
28 76 14 3h 42 87 61 36 78 67 
85 48 54 28 45 16 73 5h 82 84 
31 67 24 76 13 6h 42 37 76 45 
3h 51 67 21 76 5h 64 ah 13 46 
31 1a 62 18 26 8h 67 6h ah 7a 
ah 8a ah 
