1
2a 52 75 82 78 18 41 76 71 47 
48 47 4h a8 5a 54 73 a4 7a 75 
7h 8h a5 1a 17 13 a7 3a 35 a5 
7a 75 a5 2a 27 a7 2a 21 2h 31 
31 21 25 2h 8h a2 7a 72 37 a2 
7a 37 3h 31 53 51 71 37 35 63 
15 71 67 37 13 67 31 63 6h 6h 
4h 3h 13 76 31 73 63 67 16 37 
61 56 15 61 76 63 76 36 37 13 
67 31 83 8h 1h 87 a7 37 53 1a 
35 13 a3 53 6a 16 35 61 36 31 
73 61 76 36 13 53 51 31 35 63 
67 16 37 13 65 86 28 53 51 31 
35 13 35 13 53 51 82 68 56 16 
15 36 35 13 65 31 63 61 76 31 
73 63 16 56 51 61 65 36 37 13 
67 16 35 83 28 56 51 61 65 16 
32 43 46 36 13 51 35 83 84 8h 
7h 83 18 51 85 18 32 81 68 6h 
65 16 56 51 61 65 16 65 16 56 
34 13 65 63 56 24 63 56 51 61 
36 61 36 16 13 63 61 36 61 36 
16 42 35 13 63 65 16 35 36 53 
24 36 53 51 31 63 31 63 13 16 
36 31 63 31 63 65 26 46 42 35 
13 35 13 53 62 64 16 35 24 61 
76 31 73 63 16 56 51 61 65 16 
42 65 36 37 13 24 31 53 67 26 
35 23 63 16 56 51 61 65 16 43 
65 46 42 62 16 56 51 61 65 16 
32 65 36 34 13 53 51 31 35 13 
35 13 53 64 16 35 24 61 46 31 
53 64 26 35 23 63 16 56 51 61 
65 16 43 65 46 42 62 16 56 51 
61 65 16 32 65 a6 23 8a 18 58 
51 81 85 18 32 85 38 34 13 53 
51 31 35 13 35 13 53 84 18 35 
24 81 78 31 73 76 36 13 86 18 
38 63 42 36 73 72 17 32 13 73 
87 83 18 73 17 53 87 18 13 14 
a3 1a 1h 5h 71 78 67 18 61 6h 
6h 56 71 57 58 78 17 68 56 71 
57 67 56 52 5h ah 3h 1h 3h 1h 
3h 3h 3h 2h 8h 5h 8h 4h 7h 2h 
3h 3h 4h 4h 2h 8h 2h 8h 8h 8h 
2h 7h 4h 2h 6h 2h 
