2
41 32 4a 8b 42 54 86 85 75 75 
72 74 78 a8 6a 67 65 a7 6a 63 
62 6h 1h 16 17 85 8h b6 4b 41 
47 41 47 b7 8b 8h 5h 4h bh 24 
23 7b 17 b1 8b 58 43 a4 54 84 
58 8a 58 a8 5a 5h 52 51 54 17 
25 35 32 52 53 71 75 23 15 17 
57 51 71 25 35 32 52 53 17 a5 
71 8a 85 17 a5 71 48 8a 17 48 
45 4h 7h 85 23 a5 32 64 23 28 
38 6a 83 26 86 18 36 71 87 63 
68 38 36 32 62 63 23 83 82 32 
56 23 58 68 32 36 26 23 63 62 
32 16 23 71 67 32 86 85 65 23 
28 38 32 82 83 23 56 58 68 32 
a6 23 4a 32 84 85 45 23 a6 32 
68 23 24 34 8a 43 28 34 38 48 
43 83 a6 38 64 83 6a 38 36 32 
62 82 86 26 28 23 68 63 16 83 
71 67 38 36 32 62 82 86 26 28 
23 68 63 a6 46 83 24 38 2a 2h 
5h 28 42 64 6h 36 32 62 86 82 
62 86 83 63 28 23 83 26 28 68 
36 38 68 36 32 62 86 82 62 86 
83 63 28 23 83 16 18 68 76 71 
61 36 32 62 86 87 67 38 26 28 
68 36 26 23 63 62 32 86 82 83 
23 63 28 26 86 38 36 86 38 32 
82 68 62 82 68 63 83 26 23 63 
28 26 86 38 36 86 38 32 82 68 
62 82 18 71 87 28 26 86 28 23 
83 68 63 83 68 62 82 56 58 68 
36 32 62 86 85 65 38 26 28 68 
36 26 23 63 62 32 86 82 83 23 
63 28 26 86 38 36 86 38 32 82 
68 62 82 68 63 83 26 23 63 28 
26 86 38 36 86 38 32 82 68 62 
82 b8 4b 24 26 46 24 23 43 64 
63 43 64 62 42 56 54 64 36 32 
62 46 45 65 34 26 24 64 36 26 
23 63 62 32 46 42 43 23 63 24 
26 46 34 36 46 34 32 42 64 62 
42 64 63 43 26 23 63 24 26 46 
34 36 46 34 32 42 64 62 42 14 
71 47 24 26 46 24 23 43 64 63 
43 64 62 42 36 24 34 64 26 36 
32 62 63 23 46 32 42 43 23 63 
54 56 46 b4 6b 65 b5 26 6b 26 
b6 3b 36 b6 3b 32 b2 6b 62 b2 
6b 63 b3 36 2b 26 23 b6 32 8b 
23 28 38 32 82 83 23 a8 32 4a 
23 24 28 34 38 32 3h 48 42 82 
64 28 68 48 62 54 5h 36 3h b3 
63 26 4b 62 54 5h 7h 58 17 1h 
13 1h 1h ah bh 41 26 25 65 24 
26 2h 2h 1h 2h 8h 1h 7h 8h 3h 
5h 7h 8h 3h 3h 5h 31 3h 7h 8h 
7h 8h 8h 1h 8h 7h 4h 1h 7h 6h 
7h 
