2
6h 7a 78 7b 7h 71 75 b7 17 1b 
17 12 1h 54 5h a7 5a 52 35 3h 
4h 6h b2 3b 53 56 36 58 38 58 
35 3h 43 41 a1 5a b5 8b 68 b6 
3b 35 63 b5 36 13 2b 31 83 68 
36 23 21 31 63 b1 86 38 73 3b 
73 71 31 63 b1 86 38 53 3b 53 
b3 5b 45 74 87 68 76 b7 8b 68 
b6 3b 37 63 b7 86 38 13 3b 13 
14 34 63 b4 86 38 73 3b 73 b3 
7b a7 5a b5 8b 68 b6 3b 35 63 
b5 36 13 1b 12 b2 32 83 68 36 
53 3b 53 b3 5b a5 7a b7 8b 68 
b6 3b 37 63 b7 36 13 5b 85 68 
31 63 53 65 62 6h 6h 86 38 35 
83 65 86 56 58 68 65 26 35 23 
63 86 58 65 26 21 61 86 58 65 
36 31 83 61 86 36 53 65 68 76 
38 73 63 86 58 65 36 37 23 72 
62 86 58 65 46 41 61 86 58 65 
26 27 67 86 58 65 b6 3b a3 8a 
58 a5 7a 72 a2 6a b6 7b 17 14 
74 87 58 75 b7 8b 58 b5 2b 27 
b7 8b 58 b5 2b 21 21 23 26 28 
52 1h 41 25 72 a8 27 82 85 25 
72 8a 27 82 83 14 23 72 a3 41 
8a 27 82 14 a2 41 8a 85 14 8h 
83 41 8h 48 4h 18 3h 81 ah 18 
7a 81 7h 75 17 78 17 87 81 68 
7h 86 18 71 67 ah 76 17 81 68 
7a 17 14 74 17 18 16 78 17 67 
61 86 87 67 16 86 58 b5 8b 68 
61 56 81 58 68 56 53 63 86 83 
18 63 16 86 78 76 86 78 71 67 
81 68 78 17 61 76 87 86 58 76 
57 87 18 52 15 85 78 72 17 82 
18 78 67 65 75 67 68 16 78 57 
58 78 57 56 25 76 27 57 45 48 
58 75 72 67 52 65 75 47 45 75 
27 4h 72 57 4h 64 56 76 57 54 
65 67 26 57 25 65 76 3h 67 56 
52 75 31 1h 57 25 65 76 8h 67 
56 52 75 62 76 74 37 13 21 56 
25 15 61 64 56 14 21 65 26 16 
51 56 45 16 41 51 85 5h 15 14 
61 54 65 15 61 62 56 51 45 84 
58 15 65 26 16 51 56 45 16 41 
51 65 3h 73 47 8h 18 17 61 51 
75 74 17 54 65 71 37 31 56 35 
15 13 53 73 47 16 41 71 67 57 
85 7h 51 65 18 62 46 75 17 16 
51 76 27 15 81 8h 16 51 57 65 
17 61 51 65 64 76 8h 67 46 56 
15 16 71 56 75 72 47 87 52 65 
12 61 67 17 21 57 25 15 71 68 
26 bh 17 51 56 75 16 71 78 18 
61 58 65 15 71 62 86 6b 26 74 
57 14 31 75 37 62 36 76 27 6h 
63 56 57 45 67 46 56 35 3h 57 
65 64 36 32 62 76 54 75 65 76 
73 57 56 25 53 45 63 73 27 67 
46 56 75 72 37 35 32 52 72 37 
5h 65 73 27 64 36 54 25 26 56 
25 76 47 52 45 5h 25 3h 63 52 
65 62 52 85 32 83 53 25 3h 52 
85 35 83 73 27 2h 26 3h 34 53 
54 65 34 23 62 46 52 64 ah 25 
26 56 45 63 62 46 48 68 1a 36 
21 61 86 84 32 64 4h 13 26 12 
41 32 14 6h 43 38 ah 81 14 7a 
46 68 bh 83 34 5b 41 18 ah 87 
74 2a 46 2h 68 4h 83 8h bh 3b 
ah 2a bh ah 
