1
5h 62 6h 1a 81 68 a1 61 2a 27 
23 a7 2a 2h 24 2h 2h 8h 87 82 
8h ah 2a 32 52 85 38 31 a1 2a 
28 12 13 23 12 15 25 12 a8 21 
72 2a 72 78 28 12 a8 21 42 1a 
24 12 a2 5a 52 a2 3a 32 a2 3a 
36 35 a5 3a 31 63 61 31 73 72 
62 76 72 17 a2 71 4a 17 42 34 
13 73 a2 37 31 73 6a 46 31 53 
64 86 35 83 63 46 86 84 64 68 
16 48 67 36 38 13 68 46 31 73 
64 56 37 53 63 a6 71 3a 17 35 
13 73 a5 16 37 36 43 76 34 83 
3a 43 67 34 83 84 a3 48 6a 61 
a1 84 3a 34 13 73 a4 37 31 73 
6a 46 31 53 17 64 86 35 83 63 
86 87 18 67 16 86 38 37 13 87 
68 18 63 86 83 18 63 16 86 48 
1h 41 81 78 4h 47 84 18 2h 81 
78 1h 87 68 2h 86 78 1h 41 17 
41 46 47 45 78 71 81 87 48 41 
74 78 48 74 73 43 74 6h 47 14 
18 48 74 2h 47 14 13 71 43 74 
14 81 83 13 81 8h 2h 72 37 1h 
61 73 57 16 51 71 67 61 56 71 
57 67 56 5h 1h 1h 3h 3h 2h 3h 
38 3h 34 4h 2h 8h 2h 21 8h 58 
54 15 52 15 17 41 13 41 48 74 
54 75 18 41 45 84 15 81 25 18 
21 48 54 52 42 54 14 81 57 45 
47 84 57 35 34 54 75 13 41 13 
41 48 74 54 75 18 41 45 84 15 
81 76 37 41 24 4h 14 74 57 43 
41 54 74 17 18 41 78 67 38 45 
34 76 57 56 35 76 37 16 81 85 
87 57 17 61 45 74 45 74 54 83 
68 57 47 45 74 45 74 18 51 73 
53 13 21 82 18 61 45 34 4h 84 
81 58 41 34 37 53 75 45 14 83 
68 21 42 54 57 15 47 14 54 35 
86 48 41 74 81 78 48 14 53 15 
16 31 56 85 46 34 14 31 48 47 
64 71 51 65 45 84 87 58 17 85 
68 41 54 58 75 48 74 54 85 73 
17 41 74 87 57 45 43 64 13 51 
75 78 17 58 15 75 27 7h 57 51 
85 52 35 73 17 57 35 31 51 25 
5h 75 73 87 53 15 78 17 57 85 
46 58 7h 84 65 37 31 56 35 86 
78 26 87 18 42 74 75 27 51 62 
48 64 53 85 13 53 65 45 24 75 
27 47 54 52 42 74 75 37 45 34 
78 37 47 84 47 24 4h 54 81 42 
71 1h 58 14 56 75 51 25 86 28 
62 52 15 57 65 85 28 71 47 82 
5h 74 18 87 28 41 24 45 24 8h 
58 42 82 7h 14 28 26 86 73 41 
52 38 1h 27 83 72 1h 34 6h 65 
28 43 52 8h 37 21 16 7h 64 42 
6h 25 5h 3h 2h ah 
