1
6h 73 2a 21 72 7h 4h 42 75 a1 
3a 37 13 a7 47 6a 31 61 63 6h 
ah 68 26 6a 26 28 68 a6 68 36 
16 13 63 61 76 6a 76 72 62 a6 
31 62 16 3a 61 76 71 a7 73 27 
2a 26 a6 76 17 13 73 57 7a 57 
53 54 75 a7 75 37 3a 31 a1 71 
87 7a 87 8h 81 a7 8a 86 86 a8 
18 5a 56 81 a6 18 5a 58 51 35 
81 53 75 71 37 51 45 73 67 54 
65 75 67 a6 5a 57 45 a7 54 35 
4a 53 75 76 56 35 a4 53 15 5a 
15 18 58 35 a8 53 45 7a 67 54 
65 75 67 a6 5a 57 45 a7 54 15 
5a 15 a5 1a 13 a3 5a 53 45 a3 
54 35 4a 53 75 76 56 35 a4 53 
45 7a 17 54 15 75 17 16 1h 18 
1h 8h 16 a1 4a 46 a6 5a 57 35 
a7 53 45 4a 4h 24 24 27 54 35 
82 8h 53 25 28 32 58 35 37 57 
65 6h 27 62 6h a6 26 82 5a 85 
25 32 87 8h 23 52 57 35 27 32 
52 a5 2a 23 12 a3 21 72 2a 72 
a2 7a 78 a8 5a 25 28 32 58 35 
25 72 75 25 72 73 23 52 53 23 
52 57 35 32 52 a5 37 2a 27 23 
72 a2 5a 25 23 62 37 57 65 25 
72 73 23 62 61 21 32 37 27 52 
51 35 21 72 53 65 27 62 64 24 
32 54 75 23 12 57 15 25 12 14 
24 52 54 35 24 72 53 85 27 82 
52 75 73 53 85 83 53 25 23 12 
53 75 21 72 52 85 82 8h 52 75 
78 37 58 35 75 37 32 72 57 52 
35 72 37 57 35 38 58 75 78 37 
36 58 35 3h 8h 8h 35 3h ah 2h 
2h 4h 2h 4h 2h 4h 2h 1h 1h 4h 
2h 2h 4h 4h 2h 4h 7h 4h 8h 6h 
8h 6h 6h 5h 6h 8h 4h 5h 8h 4h 
8h 
