2
6h 6h 4a 4h 37 4b 4h a5 4a 45 
42 b4 2b 24 82 b4 8b 54 b6 84 
2b 24 b4 8b 83 8h b8 2b 68 26 
2h 34 32 42 bh 24 6b 86 3h 42 
3h 68 32 13 86 b8 6b 86 b8 3b 
37 b3 6b 86 b8 37 3b 63 86 38 
23 24 34 63 86 38 a3 6a 86 a8 
5a 53 a3 6a 86 a8 5a 58 5h 86 
5h 68 52 65 42 56 15 86 a6 24 
1a 2h 7h 57 65 68 58 25 21 51 
65 25 62 68 6h 6h 16 1h ah 1a 
1h 1h 4h 46 b8 64 1b 71 18 51 
52 75 12 71 72 74 74 78 73 51 
45 5h 15 12 41 52 45 15 41 64 
56 51 45 61 46 43 63 16 53 15 
65 46 7h 57 51 45 71 47 65 16 
13 63 56 57 85 67 86 56 75 1h 
61 68 76 18 31 74 37 56 35 75 
47 1h 51 53 65 13 81 56 85 15 
61 74 87 16 51 57 45 72 12 61 
54 85 75 87 64 86 76 47 2h 17 
51 56 75 16 41 57 25 2h 56 75 
71 67 51 65 75 67 26 72 57 56 
15 76 17 57 65 62 52 75 71 67 
51 65 75 17 68 16 14 81 76 57 
51 85 7h 17 15 41 bh 75 67 61 
56 71 57 67 16 58 35 5b 85 3h 
61 76 75 17 65 16 76 57 14 51 
bh 71 67 64 36 58 35 65 16 74 
37 18 51 57 45 17 41 68 76 75 
65 46 71 57 51 53 15 75 17 16 
51 57 85 73 13 61 71 87 57 15 
16 81 5b 75 71 37 2h 73 67 64 
16 56 45 75 27 7h 67 61 56 71 
37 65 26 7h 57 62 16 75 17 67 
56 54 75 18 41 78 37 58 35 61 
36 13 56 85 76 87 57 65 63 53 
75 61 86 76 27 56 25 75 37 62 
52 31 56 35 34 54 15 75 17 13 
51 73 47 34 57 65 17 61 51 75 
74 54 15 16 31 71 67 57 25 5h 
45 68 16 13 81 63 26 72 67 46 
56 75 71 67 51 45 34 65 16 75 
17 67 56 54 64 36 18 71 78 47 
18 41 46 15 41 56 51 65 75 67 
64 56 57 15 67 46 56 75 76 71 
67 57 65 64 76 75 87 14 54 28 
72 47 41 43 75 87 51 61 86 76 
17 53 85 13 73 67 65 16 75 27 
3h 72 57 61 56 76 37 7h 67 65 
16 75 37 63 26 71 57 72 57 67 
16 58 75 78 37 58 35 75 87 28 
14 21 64 56 81 78 47 75 47 67 
86 82 62 16 18 21 6h 56 54 75 
64 86 16 41 62 54 85 17 41 74 
73 47 13 41 71 37 34 14 13 41 
73 47 17 21 25 15 71 62 56 62 
56 17 31 65 36 16 71 73 57 63 
16 75 25 3h 21 57 28 58 71 37 
ah 18 67 64 86 15 81 61 76 58 
18 15 41 85 74 87 82 43 63 26 
76 57 76 57 67 65 75 76 57 14 
75 6a 51 47 37 68 36 82 52 58 
25 76 73 52 1h 67 85 31 71 27 
16 28 78 67 14 52 76 6h 41 85 
87 28 58 72 63 14 82 85 5h 47 
36 21 25 15 73 5h 31 58 13 6h 
87 35 72 53 2h 31 14 3h 46 4h 
2h bh 6b ah 8a bh ah 
