1
2h 23 75 78 3a 32 3h 1h 16 18 
17 a2 3a 36 3h a3 5a 56 a6 5a 
54 56 5h 5h 15 1h 31 3h 3h 1h 
8h 63 43 46 48 42 72 36 57 45 
48 46 42 64 63 14 27 61 72 31 
36 27 43 72 41 31 27 74 73 42 
74 34 57 24 63 65 35 42 43 23 
24 34 32 42 53 56 36 24 15 42 
13 53 24 65 15 16 42 31 56 36 
83 24 16 81 31 73 42 37 83 82 
32 13 12 71 32 63 82 8h 36 83 
81 84 18 17 61 87 68 18 a1 65 
8a 85 78 a5 87 58 3a 53 56 36 
73 86 78 38 a3 5a 85 87 68 57 
45 86 48 58 75 45 84 85 78 45 
64 87 68 48 a4 64 8a 84 78 a4 
87 48 3a 43 46 36 73 86 58 37 
53 83 58 57 65 87 68 64 58 35 
37 63 43 46 74 54 85 83 78 53 
75 85 48 45 74 85 68 47 64 84 
a8 4a 46 74 a6 47 64 1a 51 46 
54 14 51 57 65 17 61 51 45 47 
64 57 65 45 14 15 71 45 74 14 
a1 6a 61 64 84 38 a1 83 68 6h 
16 8a 78 61 87 68 6h 76 18 67 
36 3h 4h 4h 5h 5h 81 a3 18 7a 
63 76 81 67 46 4h 34 a7 18 6a 
76 43 74 64 76 81 67 56 51 75 
61 76 78 7h 2h 3h 2h 3h 2h 3h 
2h 3h 2h 2h ah 1h 87 23 2h 7h 
5h 47 25 37 23 53 75 74 37 54 
25 2h 4h 2h 4h 2h 7h 2h 1h 4h 
8h 1h 3h 1h 5h 1h 6h 
