1
48 3a 35 71 73 7h 6h 81 71 21 
23 74 24 72 37 34 74 67 61 76 
47 43 73 47 a1 74 37 34 74 67 
7a 67 a7 4a 43 a3 6a 62 82 8h 
36 34 64 56 5h a5 6a 76 75 65 
47 43 73 46 47 67 36 37 67 16 
18 68 76 73 63 76 74 27 64 16 
72 a7 8a 86 a6 7a 37 34 74 17 
12 72 47 43 73 67 68 78 47 62 
36 37 67 26 34 62 86 82 62 76 
74 64 26 28 68 16 13 1h 1h ah 
4h 47 63 76 4a 67 46 41 61 a1 
71 46 17 4a 42 43 4h 71 a3 17 
24 23 84 83 82 8h 85 8h 71 32 
42 43 23 65 17 28 71 38 32 82 
83 17 24 71 26 43 17 28 71 36 
38 68 63 17 24 83 26 71 38 46 
17 24 83 4a 24 38 a4 83 8a 86 
a6 36 28 63 8a 28 36 a8 63 2a 
2h 2h 7h 7h 3h 6h 36 62 47 48 
34 26 32 37 38 42 78 73 83 34 
62 37 26 83 78 62 37 26 48 34 
62 74 84 67 27 26 76 48 28 78 
68 32 86 37 3h 7h 1h 6h 1h 6h 
5h 1h 86 8h 8h 5h 4h 42 82 67 
28 64 74 68 27 86 87 67 82 46 
47 67 28 84 86 46 28 68 74 86 
72 42 68 74 78 48 76 24 28 48 
67 82 54 5h 28 76 a5 45 82 87 
27 64 72 3a 27 46 83 86 36 72 
76 26 84 8h 63 67 37 62 64 24 
73 74 34 62 68 28 47 43 73 86 
42 46 26 48 37 36 76 82 54 83 
17 1h ah 6h 7h 45 23 15 67 6h 
63 34 32 63 56 5h 2h 43 52 5h 
1h 54 54 5h 7h 6h 3h 2h 5h 3h 
3h 5h 4h 8h 4h 
