2
4h 6h 65 1a 16 4b 46 41 45 43 
b5 8b 48 a4 24 26 2a 2h 25 b2 
4b 45 b5 6b 64 b4 6b 61 b1 4b 
41 b1 8b 84 85 b4 64 8b 81 8h 
28 25 85 68 37 31 26 32 38 b8 
2b 62 32 3h 63 56 58 a8 6a 71 
86 17 a8 71 2a 23 17 a3 71 52 
17 6a 71 56 53 26 17 52 32 35 
25 23 71 62 53 63 23 17 56 71 
52 62 17 86 71 a8 17 6a 71 86 
17 a8 71 2a 25 17 a5 71 52 17 
8a 71 83 63 25 17 86 71 82 62 
17 56 86 71 28 26 86 17 52 71 
58 28 17 32 71 a3 17 2a 71 32 
17 a3 71 8a 85 17 a5 71 68 8a 
17 38 23 71 a6 17 12 8a 72 b8 
27 21 71 52 17 5b 58 71 b8 28 
17 52 5h ah 7h 6h 35 5b 5a 15 
1h b3 5b 51 5h ah 7h 7h b1 51 
35 5a 35 36 3h 3h 56 38 a6 83 
35 3b 58 35 32 37 52 b2 82 63 
28 65 82 3a 28 63 53 82 a3 28 
35 82 3b 28 5a 82 65 35 62 68 
28 b5 82 a5 28 53 82 56 28 3b 
82 53 63 52 b3 36 35 32 52 62 
73 75 35 75 7h 74 56 53 54 34 
64 87 85 75 83 56 53 63 87 35 
36 37 67 57 23 2h 76 75 65 76 
78 68 27 86 3a 68 23 25 35 75 
86 53 57 52 3b 72 68 53 58 38 
27 28 78 b8 86 85 65 82 83 23 
28 38 32 82 57 28 86 56 83 28 
65 82 7b 38 62 17 1h 5h 4h 8h 
83 86 36 85 63 65 35 26 25 65 
23 56 53 52 32 35 25 65 23 56 
53 63 52 56 58 68 28 35 38 32 
82 52 86 83 63 25 23 53 26 28 
68 35 38 58 36 32 62 85 82 52 
83 86 36 85 63 65 35 26 25 65 
23 56 53 52 32 35 25 65 23 26 
28 68 38 56 58 68 53 56 36 52 
83 65 85 86 56 36 82 23 53 65 
63 53 85 28 52 35 36 56 15 14 
1h 54 35 38 58 63 68 6h 62 85 
82 52 32 86 85 65 23 26 25 65 
35 26 28 68 53 56 58 68 38 16 
43 4h 61 41 4h 5h 4h 52 86 85 
65 86 82 8h 62 56 52 62 15 16 
56 14 1h 8h 65 64 54 28 2h 26 
25 65 a6 7a 57 52 72 15 17 1h 
6h 1h ah bh 3h 8h 4h 2h 4h 2h 
4h 2h 5h 1h 4h 2h 4h 7h 4h 
