1
4h 6h 2a 23 67 62 a2 5a 58 56 
57 5h 5h 25 23 13 14 15 13 14 
24 28 a1 2a 27 24 32 34 54 53 
23 75 72 52 75 76 27 25 42 34 
23 62 75 26 82 85 25 87 32 43 
24 82 58 57 87 85 8h ah 6a 68 
62 a8 75 4a 34 a3 8a 82 a2 4a 
34 a3 6a 63 57 26 28 68 34 36 
46 43 63 64 75 a6 2a 26 42 32 
34 57 a6 7a 24 23 a5 82 7a 43 
28 52 57 27 a5 8a 86 a6 75 72 
52 57 27 25 42 75 24 72 52 34 
3a 25 27 42 43 57 23 42 75 a2 
32 3a 34 a4 57 6a 68 a8 24 75 
2a 23 a2 42 43 23 24 52 7a 25 
72 a2 34 8a 86 a6 52 5a 57 a7 
27 5a 43 72 56 34 a6 27 45 72 
5a 27 45 72 34 53 27 a4 72 45 
27 4a 53 72 45 27 a5 35 2a 26 
a6 76 42 67 5a 24 76 52 54 24 
67 a4 76 45 67 42 52 76 34 24 
23 67 45 76 42 52 34 45 67 4a 
53 76 45 67 a5 23 25 35 42 76 
5a 24 67 52 76 35 23 67 a5 76 
42 67 2a 76 42 67 a2 76 4a 41 
48 67 a1 76 4a 48 4h 4h 53 5h 
67 6h 54 52 42 75 76 56 74 75 
45 17 34 71 32 42 17 64 71 65 
45 17 24 71 23 43 17 14 74 71 
41 47 17 54 56 46 71 34 32 42 
17 64 71 65 45 17 a4 71 5a 56 
17 a6 71 7a 74 a4 14 7a 78 41 
57 58 78 14 25 23 53 41 27 14 
25 75 41 27 21 71 52 51 21 37 
31 71 35 3h 32 37 27 32 3h 3h 
3h 2h 5h 1h 6h 1h 6h 6h 6h 1h 
8h 7h 1h 8h 7h 8h 8h 1h 6h 1h 
6h 4h 1h 6h 6h 1h 1h 6h 36 3h 
8h 4h 4h 8h 8h 6h 6h 1h 1h ah 

