0
48 56 82 81 52 5h 58 75 37 3h 
3h 5h 6h 67 58 52 45 41 42 51 
65 46 45 47 64 65 61 61 45 65 
74 76 46 74 71 78 41 64 61 41 
56 54 64 56 53 63 57 86 45 43 
84 53 85 83 53 43 25 63 24 26 
46 84 84 56 85 81 28 24 84 78 
75 72 85 68 78 67 64 26 74 27 
67 26 2h 3h 62 86 84 28 64 24 
26 2h 52 84 58 56 35 86 26 38 
32 37 27 32 87 38 36 86 38 57 
35 26 32 3h 13 14 1h 52 45 41 
4h 35 13 14 34 53 54 75 34 73 
7h 1h 7h 1h 6h 1h 76 7h 1h 67 
53 65 68 6h 75 87 86 76 58 56 
17 86 15 18 58 15 12 78 17 16 
76 17 1h 4h 3h 4h 3h 4h 6h 4h 
6h 4h 6h 4h 6h 6h 4h 5h 8h 4h 
6h 8h 4h 6h 8h 4h 6h 2h 4h 6h 
4h 2h 7h 2h 
