3
36 1a 71 8b 8c 81 21 42 46 4h 
48 78 43 47 24 74 72 a4 7a 74 
74 a4 b4 17 1a 7b 17 a7 b7 1a 
7b 71 b1 7b a7 b7 2a 1b 17 b7 
a2 1b 1h 1a 16 17 51 51 5h 5h 
8h 8h 87 87 53 85 35 28 25 85 
78 72 82 c8 a8 2c 27 c7 2a 28 
2h 68 2c 2h 4h 7h 86 42 41 21 
68 62 82 86 26 28 68 12 14 24 
86 b2 68 c2 86 1b 68 1c 86 81 
61 68 18 16 86 a1 71 68 7a 72 
86 a2 12 68 1a 86 81 61 68 18 
16 86 c1 68 b1 86 2c 68 2b 86 
a2 68 c2 86 1a 68 1c 86 41 4h 
bh 68 1b 86 41 4h 7h 5h 68 c4 
14 86 21 68 1c 86 21 68 c1 86 
2c 27 68 c7 86 2c 68 42 86 a4 
68 1a 17 86 a7 68 71 86 2a 17 
68 42 86 41 68 a1 86 2a 68 12 
86 a1 68 4a 45 86 a5 68 2a 86 
12 15 25 68 71 86 72 12 68 51 
86 a5 68 1a 86 51 68 a5 86 2a 
27 68 a7 86 72 68 4a 27 86 54 
52 42 84 64 68 48 46 86 24 68 
25 45 86 82 84 24 64 52 15 46 
41 61 64 14 16 46 41 48 61 68 
18 64 14 84 51 25 48 62 6h 6h 
5h 84 56 16 48 41 42 12 82 74 
28 71 7h 5h ch ah 82 7c 28 4a 
82 74 72 42 a1 c2 57 54 5h 74 
17 7a 47 1c 74 51 35 13 87 81 
71 57 35 73 b7 1b 18 b8 41 4b 
a4 1a c1 41 54 35 43 14 7c 41 
57 35 73 84 87 47 54 35 43 c4 
8c a8 4a 54 35 43 b4 84 78 4b 
87 58 35 83 b4 18 1b c1 7c 71 
c1 57 5c a5 8a 38 73 a7 8a b8 
78 47 5b 74 15 17 57 35 a3 5a 
75 71 51 67 65 75 64 63 c6 a6 
36 87 63 7c 36 57 54 74 63 c8 
36 85 63 47 36 8a 63 48 36 5c 
78 63 45 87 85 36 48 46 54 74 
58 17 15 75 47 48 78 64 63 43 
87 84 74 87 83 73 48 43 83 57 
51 71 64 18 25 27 57 46 15 85 
64 68 48 54 51 41 25 21 2h 51 
74 71 41 85 8h 17 14 74 18 47 
48 78 14 12 42 87 84 82 42 72 
18 34 37 47 81 24 28 48 b4 7b 
73 b3 17 5b 71 25 87 85 75 28 
21 81 57 58 51 81 71 25 2h 18 
17 87 12 78 72 82 17 15 75 28 
27 25 75 85 12 37 38 78 21 57 
52 72 c7 4c 84 83 43 58 24 28 
48 52 51 21 84 82 42 81 34 38 
48 24 21 41 32 34 24 82 84 24 
18 12 82 c8 7c 27 21 71 42 47 
27 42 43 23 14 c2 41 74 73 43 
17 34 4c 71 34 37 47 c7 14 4c 
a4 24 c1 42 8a 24 18 42 8c 24 
78 72 82 73 c1 28 23 83 17 12 
72 18 27 4c 28 78 12 15 25 c4 
47 12 7c 57 52 51 21 71 c4 45 
17 6c 16 54 76 15 a7 21 82 2a 
82 86 26 a6 68 62 82 48 8a 28 
26 86 12 51 a4 68 65 85 68 8a 
68 61 81 a1 56 51 61 38 35 85 
16 58 4a 53 b5 83 61 a4 18 16 
86 48 7b 84 17 48 4a 71 34 37 
47 64 61 41 36 34 64 76 74 64 
17 16 76 37 35 75 67 61 71 46 
47 67 46 45 65 14 16 46 74 75 
45 17 14 74 12 67 64 74 21 56 
12 57 67 21 b6 12 8b 21 78 75 
85 12 47 21 48 78 12 47 42 72 
84 82 42 57 58 78 54 87 84 74 
58 57 53 73 83 47 48 43 83 73 
24 28 48 27 84 87 47 28 21 81 
74 78 48 71 34 37 47 84 81 41 
38 34 84 78 74 84 17 18 78 37 
35 75 87 81 71 48 47 87 48 45 
85 34 38 3h 3h 4h 3h 6h bh 7h 
3h 5h ah 7h 1h 5h 1h 5h 1h 5h 
1h 5h 2h 1h 8h 1h 1h 3h ch 
