2
76 37 45 6a 6b 46 26 21 25 41 
4h 53 b1 35 81 8h 53 8b 35 86 
8h 53 82 18 a1 35 8a 28 53 82 
58 38 52 35 85 35 82 38 38 35 
84 34 23 74 7h 32 73 75 85 78 
7h 67 a8 73 67 37 36 73 2a 37 
63 73 76 87 18 71 37 a2 73 67 
37 36 53 6a 35 63 a3 73 6a 68 
6h 4h 4h 8h bh 4h 1h 4h 1h 64 
65 26 37 62 86 81 28 61 26 86 
28 73 82 58 54 5h 5h 84 28 37 
82 58 56 86 28 73 82 58 52 8b 
37 28 73 b8 37 5b 58 73 75 35 
87 53 67 68 78 76 35 37 57 53 
73 75 35 67 53 87 86 76 78 35 
a7 68 3a 37 a7 86 23 68 5a 32 
53 86 75 37 a5 68 23 86 3a 83 
57 63 68 38 36 75 a2 86 53 5a 
37 68 53 86 a3 53 68 25 86 8a 
52 85 82 52 a2 62 28 25 86 28 
58 68 25 86 5a 68 25 86 a5 68 
6a 65 a5 85 8a 86 a6 56 28 65 
2a 28 2h bh 56 62 5b 65 25 62 
68 28 b8 58 36 85 73 67 58 52 
82 85 25 28 58 76 72 32 63 85 
56 6b 26 32 37 67 56 85 68 b8 
26 85 72 67 58 26 85 72 73 2b 
62 37 76 b6 58 2b 62 85 b6 58 
3b 85 63 67 37 58 26 85 72 67 
58 53 26 83 85 35 62 86 36 56 
23 65 72 37 56 53 63 65 35 36 
56 23 65 72 37 56 53 58 38 68 
63 65 35 85 26 58 72 67 85 13 
58 16 36 85 23 58 72 37 85 83 
53 58 38 35 85 23 58 72 37 85 
13 1h 58 5h 2h 17 a7 37 63 67 
37 56 53 63 86 83 63 86 8h bh 
6a 16 2b 12 1h 6h 1h 1h 4h 4h 
7h 4h 7h 4h 4h 7h 3h 2h 7h 3h 
7h 3h 7h 3h 7h 8h 1h 7h 8h ah 
bh 5h 7h 
