1
14 52 5a 58 52 54 58 18 17 15 
17 57 15 a1 4a 47 a7 1a 17 31 
a7 4a 4h 4h 8h 68 16 41 43 53 
65 64 54 65 61 46 56 15 16 56 
81 85 26 86 82 56 75 16 71 51 
75 81 86 1h 18 15 81 6h 18 51 
57 25 17 21 87 12 31 52 35 15 
a1 78 5a 53 75 85 a3 58 57 35 
7a 53 75 71 51 75 a1 81 7a 73 
18 a3 53 75 74 81 7a 71 74 67 
1h 76 18 7h 87 8h 71 27 8h 72 
17 6h 71 27 1h 72 17 6h 71 67 
1h 72 67 7h 27 26 76 27 24 74 
27 7h 27 82 18 13 83 28 6h 64 
4h 82 38 31 81 28 a8 58 25 72 
17 13 73 27 2a 12 31 32 12 41 
64 16 21 23 13 a1 71 27 2a 27 
32 27 32 72 73 23 27 32 27 32 
2h 72 73 23 42 64 26 32 37 27 
a2 32 7a 72 73 27 73 27 37 32 
72 73 27 73 27 a3 72 37 32 72 
37 7a 37 38 78 27 a8 72 37 2a 
28 73 87 a7 2a 82 a8 4a 64 a6 
7a 72 87 a2 78 27 28 78 37 3a 
35 a5 75 37 3a 3h 3h 35 23 25 
42 35 43 23 42 8h 85 3h 58 24 
82 63 2h 32 26 42 32 63 3h 23 
24 82 34 83 23 42 64 26 32 38 
43 28 42 32 43 2h 23 42 41 24 
32 34 83 24 82 32 43 63 64 34 
36 23 28 42 38 43 23 42 36 41 
21 82 58 2h 82 25 62 61 2h 82 
36 83 23 52 2h 32 38 13 28 12 
14 24 82 34 83 23 42 64 26 32 
38 43 28 42 41 21 82 31 83 23 
82 3h 32 83 87 28 23 72 83 18 
27 52 61 86 38 28 32 85 82 78 
38 23 28 12 38 13 14 34 83 24 
82 32 53 3h 63 3h 23 28 42 26 
42 38 43 23 82 58 25 32 34 83 
24 82 32 43 41 31 23 28 52 35 
83 23 82 87 38 32 73 82 18 37 
13 83 28 52 85 38 34 23 84 28 
38 43 27 12 42 32 83 87 28 37 
23 83 78 41 54 85 78 48 34 32 
73 21 41 54 85 48 74 34 83 84 
18 12 82 48 38 23 63 62 32 36 
83 84 28 86 28 34 23 83 48 54 
85 38 32 43 82 48 38 23 21 31 
83 84 58 84 58 48 45 35 83 84 
18 12 82 48 38 23 63 62 32 36 
83 84 28 86 28 34 23 83 48 54 
85 38 32 43 82 48 38 23 21 31 
83 84 58 35 43 83 48 47 34 38 
73 48 14 37 13 43 84 58 45 34 
32 83 42 84 34 23 87 18 28 38 
43 47 84 37 83 43 14 84 38 34 
63 84 78 34 73 83 48 86 58 57 
87 38 35 73 85 78 58 35 63 3h 
83 87 48 37 43 83 48 24 32 34 
53 75 37 43 23 42 41 54 4h 34 
75 43 74 81 38 32 73 82 78 43 
24 21 41 34 38 13 48 14 42 14 
24 34 53 3h 43 42 41 24 34 83 
58 35 43 42 84 32 83 43 24 21 
41 54 58 48 34 35 83 35 83 43 
54 35 43 64 16 12 87 18 28 48 
34 37 13 23 72 52 45 84 83 43 
24 27 32 47 34 24 32 83 48 42 
74 23 57 83 68 45 64 84 38 32 
8h 48 82 38 48 24 48 24 84 82 
42 48 24 48 24 31 73 42 84 42 
84 81 78 41 24 41 74 84 28 18 
12 82 81 28 81 28 18 12 34 13 
82 83 28 83 28 16 26 42 86 38 
86 58 25 42 52 54 84 38 57 83 
28 27 32 87 48 23 42 45 74 75 
45 74 82 68 8h 28 24 52 24 52 
57 27 32 87 48 23 42 82 38 45 
24 72 47 54 63 86 28 24 72 24 
72 75 25 32 85 48 23 42 82 38 
47 24 52 45 24 63 27 62 47 34 
42 54 36 23 36 73 35 73 53 45 
74 62 86 38 34 23 84 58 62 3h 
23 36 43 35 43 83 58 35 83 68 
8h 38 53 47 54 47 54 8h 38 74 
83 78 3h 48 47 84 47 38 2h 84 
73 72 32 48 8h 23 64 38 63 43 
84 27 47 3h 72 74 31 45 87 27 
7h 73 14 58 46 87 35 7h 52 64 
27 46 7h 68 81 1h 7h 1h 6h ah 
5a ah 
