2
7h 1h 4a 2b 28 54 26 a8 1a b5 
7b 7h 71 27 b1 7b 71 7h b1 47 
4b 4h 41 a1 31 7a b7 6b 26 a7 
27 27 62 8a 48 47 42 64 b4 24 
6b 64 62 65 6h ah 86 87 67 86 
8h 8h 42 6a 86 24 38 35 a3 42 
6a 86 24 68 76 73 63 86 42 68 
56 58 68 76 24 67 26 46 42 62 
64 36 37 67 86 24 68 26 46 42 
62 64 86 24 68 b6 42 8b 85 24 
b5 42 8b 86 85 78 73 83 58 b6 
24 8b 78 42 87 58 56 86 58 b6 
24 7b 85 78 42 87 18 1h 24 b7 
42 8b 78 24 87 28 48 42 82 84 
78 24 87 a8 42 7a 78 24 a8 42 
3a 38 a8 24 3a 37 34 13 1h a7 
8a 87 a7 1a 16 a6 7a 78 a8 4a 
42 a2 8a 87 a7 6a 61 a1 7a 78 
a8 3a 31 a1 8a 87 a7 5a 53 52 
a3 8a 8h 82 58 56 86 78 54 75 
85 78 72 82 58 52 75 82 78 58 
15 74 87 16 56 15 78 17 57 85 
84 78 54 15 87 18 58 75 78 17 
58 15 5h 85 8h 1h 13 81 83 28 
13 21 81 28 24 84 18 14 21 84 
28 18 21 bh 12 81 82 68 12 61 
81 28 1b 15 21 56 81 68 4h 85 
28 4h 56 82 68 8h 18 12 61 56 
25 85 28 4h 82 58 52 65 16 21 
81 48 8h 18 12 61 56 25 85 28 
1h 51 58 25 18 21 51 85 27 82 
52 15 85 28 25 62 85 68 28 52 
17 51 41 24 82 86 18 26 52 57 
45 27 42 81 48 12 18 41 87 57 
25 14 31 52 35 2h 28 42 53 85 
13 41 58 45 15 81 82 68 63 83 
28 18 51 21 82 81 68 21 62 54 
65 82 78 2h 81 68 17 58 15 28 
12 52 75 7h 71 21 51 85 27 82 
52 15 86 48 17 57 25 26 12 56 
15 25 62 84 68 28 52 51 65 bh 
21 82 85 18 25 12 82 58 14 61 
8b 28 24 32 16 31 1h 61 ah 84 
58 51 45 81 48 58 15 2a 12 16 
41 26 42 12 61 ah 51 85 82 68 
5a 15 18 21 58 25 15 81 24 82 
86 78 26 42 8h 68 3h 24 62 82 
48 12 51 58 25 35 32 52 53 85 
84 38 54 35 14 21 18 21 81 85 
18 85 28 36 23 62 18 51 18 51 
53 45 13 81 13 81 82 48 58 25 
15 31 1h 51 52 45 32 13 81 85 
28 15 21 81 58 26 52 54 65 24 
12 84 38 56 35 25 62 12 31 21 
7h 81 58 52 15 82 18 28 21 74 
26 12 47 63 23 42 53 45 16 41 
51 85 21 62 58 75 5h 85 82 18 
52 15 85 38 8h 58 51 25 81 28 
53 75 82 18 87 18 58 25 14 81 
35 84 58 14 31 85 38 18 51 52 
12 4h 85 41 86 28 85 28 58 52 
85 52 45 15 21 75 12 61 81 58 
21 5h 87 18 82 18 16 71 63 83 
28 83 78 18 21 54 85 31 84 38 
36 86 48 58 15 56 75 23 82 13 
61 28 62 12 81 85 28 47 57 17 
61 31 81 38 28 12 28 12 16 81 
12 81 21 63 54 35 25 72 86 18 
74 24 62 52 56 25 56 12 82 75 
bh 21 28 62 12 61 81 28 81 28 
57 15 58 45 26 82 47 57 15 28 
62 85 13 71 82 58 23 74 14 31 
53 12 83 2b 45 31 38 54 35 26 
18 63 4h 42 41 21 82 85 38 58 
74 8h 53 45 15 14 51 14 31 86 
13 6h 48 41 81 7h 18 37 54 84 
73 1h 35 56 3h 48 ah 47 2a 61 
87 16 ah 65 7a 56 bh 63 74 36 
6b 42 2h 6h ah 4a bh ah 
