2
3a 34 3b 32 62 63 b6 1b 16 b6 
5b a1 3a b1 3b 32 3h 83 b2 8b 
81 b8 2b 23 b3 2b 27 b7 3b 37 
b7 3b a7 6a 63 a3 6a 67 a7 3a 
37 23 a7 2a b2 5b 54 35 23 25 
26 35 63 62 32 63 18 64 a4 1a 
16 14 64 26 a4 76 72 3a 73 23 
63 62 76 71 61 26 21 61 36 61 
36 32 73 62 76 36 23 13 12 32 
31 23 31 73 57 35 23 84 32 63 
67 26 37 23 63 76 75 65 36 48 
63 76 13 67 16 12 62 36 62 36 
26 23 63 62 36 62 36 26 84 31 
23 63 61 26 31 48 62 46 32 43 
63 26 16 12 62 61 26 61 56 57 
67 26 16 12 62 61 26 83 61 86 
36 38 68 63 26 16 12 62 61 26 
61 76 75 65 26 16 12 62 61 26 
83 61 a6 12 5a 57 a7 38 3a 21 
34 13 a4 31 23 13 12 32 31 23 
31 23 84 32 73 75 35 73 2a 37 
23 48 32 13 12 32 13 a3 84 1a 
23 15 48 a5 84 2a 25 48 a5 84 
6a 36 65 36 48 63 16 16 26 21 
28 32 36 73 26 72 32 53 8h 35 
63 53 56 36 84 35 13 5h 31 63 
65 35 63 48 36 13 4h 31 23 27 
62 37 63 23 52 53 23 52 56 26 
32 36 26 32 35 63 25 62 32 63 
56 35 23 26 72 36 73 23 62 65 
25 32 37 63 27 62 32 53 52 32 
53 56 36 23 26 36 23 25 62 35 
63 23 62 56 25 32 36 73 26 72 
32 83 84 34 63 65 35 23 27 62 
37 63 23 52 53 23 52 56 26 32 
36 26 32 35 63 25 62 32 63 56 
35 23 26 72 36 73 23 62 65 25 
32 37 63 27 62 32 53 52 32 53 
56 36 23 26 36 23 25 62 35 63 
23 62 56 25 32 36 13 65 25 12 
32 43 48 38 53 56 36 83 84 34 
a3 6a 65 a5 1a 41 48 18 51 56 
16 21 23 62 65 25 62 13 61 21 
52 51 21 52 56 26 12 16 26 12 
15 61 25 62 12 61 56 15 21 26 
72 16 71 21 62 65 25 72 7h 73 
73 7h 5h 56 a3 65 73 57 7a 67 
56 75 67 6h a5 7a 17 12 61 72 
47 16 31 41 43 13 14 51 73 57 
17 61 51 56 16 15 71 76 27 16 
21 71 37 34 74 17 12 61 72 67 
65 75 67 15 21 76 27 17 41 43 
13 71 72 67 12 41 76 37 31 34 
14 74 67 13 21 76 27 17 41 43 
13 71 72 67 12 41 76 47 17 31 
37 17 31 34 14 71 74 14 71 73 
67 13 21 76 27 17 41 43 13 71 
72 67 12 41 76 47 17 31 37 17 
31 34 14 71 74 14 81 84 14 71 
73 67 13 21 76 27 17 81 8h ah 
1a 61 ah 16 71 72 67 12 41 76 
47 7a 47 43 73 67 a3 13 21 76 
27 17 61 6a b6 1b 71 72 47 12 
41 71 b7 1b 14 21 b4 12 51 1b 
51 57 17 21 5h 12 71 4h 17 21 
b7 12 71 8b 78 18 71 75 87 81 
28 71 27 87 a8 58 7a 85 72 57 
a2 78 27 1a 85 72 17 15 21 75 
27 17 41 a5 14 71 72 47 12 41 
71 27 1a 72 47 17 21 a7 12 71 
8a 78 18 41 71 87 81 28 71 27 
87 48 4h 47 45 43 46 74 5h 47 
14 a7 41 74 2a 72 42 a4 7a 74 
27 a4 72 47 3a 3h 74 27 24 12 
74 17 27 12 16 71 72 47 12 41 
71 a7 1a 14 21 a4 12 41 2a 14 
21 26 42 16 41 21 42 a6 24 12 
14 51 24 52 12 41 7a 27 25 42 
75 47 12 41 71 27 21 52 71 57 
27 52 51 21 72 71 57 21 52 72 
17 2h 71 57 54 74 17 24 12 72 
17 4h 71 27 21 42 71 47 27 52 
45 74 72 17 42 14 74 27 25 75 
47 41 34 1h 43 54 52 42 54 58 
48 14 5h 41 24 28 48 14 25 12 
42 14 18 48 24 28 52 ah 48 14 
12 81 42 84 14 21 7a 47 48 24 
78 37 25 32 14 31 21 42 71 57 
36 47 14 27 12 42 74 16 21 26 
72 16 31 75 37 42 34 74 57 1h 
41 75 37 47 54 ah 17 21 24 72 
14 71 21 42 73 87 7a 87 6h 78 
17 13 41 21 82 73 17 45 84 87 
81 71 41 54 21 82 45 84 58 24 
12 74 17 14 74 17 24 82 25 82 
52 12 41 72 47 42 72 47 12 41 
71 27 58 25 75 17 14 51 27 57 
45 25 48 74 75 45 24 74 57 54 
74 57 14 21 82 51 45 71 47 41 
71 47 51 35 42 14 72 17 12 72 
17 42 14 74 87 4h 17 31 51 75 
78 37 58 35 6h 48 14 53 85 73 
87 41 84 74 17 13 41 73 27 51 
25 75 17 14 31 5h 52 45 13 21 
48 24 27 47 24 17 21 45 84 14 
71 54 52 75 15 21 41 71 74 57 
51 45 71 47 57 15 48 34 3h 51 
75 72 17 52 15 12 52 85 ah 72 
17 15 21 75 27 17 51 21 25 15 
12 71 75 27 15 21 71 57 28 32 
7a 17 18 51 78 57 17 51 23 72 
71 57 21 82 75 87 27 12 17 27 
52 12 71 72 12 71 75 27 15 21 
71 27 28 12 17 51 27 32 5h 18 
31 6h 21 72 78 28 12 13 81 23 
82 12 81 78 27 21 82 71 87 27 
12 17 27 82 58 75 71 51 75 72 
17 52 15 75 27 12 61 1h 21 28 
78 57 51 35 18 78 37 57 85 81 
51 65 1h 18 56 75 73 87 71 87 
17 18 71 18 31 51 85 64 6h 57 
45 46 74 56 15 47 84 51 85 74 
75 87 5h 57 45 47 14 57 65 41 
64 61 41 74 51 75 72 52 15 42 
14 16 46 14 78 67 64 74 27 54 
25 28 61 58 45 78 47 41 71 87 
51 85 46 84 42 84 24 54 15 74 
17 16 76 47 56 45 75 17 7h 57 
42 48 75 13 84 4h 37 3h 51 24 
63 15 61 31 53 54 65 28 62 52 
85 6h 58 45 ah 35 13 12 81 41 
54 76 27 37 23 45 74 73 67 27 
12 4a 54 52 35 42 74 18 53 47 
21 3h 25 74 15 81 34 53 76 47 
21 62 51 31 74 26 15 1h 43 17 
62 42 32 71 8h 24 23 17 43 26 
ah 38 64 34 84 71 5a 42 43 18 
23 46 ah 37 65 35 75 81 5a 12 
5h 56 1h 64 6h ah 2a ah 4a ah 
bh 
