0
4h 2h 32 43 81 47 16 17 16 26 
16 56 81 48 24 2h 2h 23 28 28 
42 47 27 42 46 54 5h 46 54 51 
5h 65 64 21 54 62 65 67 57 27 
65 62 52 45 47 57 65 6h 3h 4h 
8h 34 36 46 24 81 25 45 82 84 
8h 12 14 24 21 62 64 61 68 64 
62 46 26 36 41 21 62 61 21 72 
7h 6h 76 7h 7h 4h 4h 5h 4h 5h 
74 75 7h 45 74 73 76 43 54 26 
52 53 23 15 43 12 52 14 15 45 
24 25 12 45 14 24 72 17 1h 18 
12 13 13 71 78 18 71 7h 5h 67 
6h 63 46 48 54 68 56 58 68 35 
36 48 34 64 54 36 35 65 36 32 
62 56 52 35 62 36 3h 7h 8h 4h 
8h 4h 8h 4h 8h 8h 2h 8h 2h 8h 
2h 8h 2h 3h 3h 5h 1h 6h 2h 87 
8h 8h 7h 2h 
