1
5a 74 68 62 a2 5a 51 75 72 a1 
6a 67 6h 75 a5 6a 76 76 7h 87 
85 8h 8h 2h 75 87 8h 4h 4h 2h 
2h 21 2h 8h ah 21 58 5a 56 a6 
86 58 7a 57 87 a8 34 5a 58 5h 
a5 43 7a 34 75 a7 75 37 3a 47 
38 32 74 a8 47 3a 37 a3 37 83 
3a 83 a3 1a 12 1h a2 3a 38 a3 
38 23 3a 23 21 2h 6h 31 a3 31 
43 6a 65 a5 25 2a 27 42 72 4h 
42 4h 45 84 4h 84 4h 84 85 28 
45 24 84 18 8h 48 42 14 82 18 
48 24 27 47 84 81 58 8h 18 17 
87 18 47 14 46 14 81 68 7h 86 
18 12 82 18 58 8h 8h 28 8h 28 
21 62 81 68 28 12 64 56 7h 65 
46 5h 21 82 86 18 26 12 82 18 
13 21 28 62 18 61 21 82 64 36 
7h 28 12 63 46 21 72 2h 12 16 
81 26 82 12 61 83 68 5h 18 21 
23 82 73 17 31 28 32 12 81 86 
28 16 31 82 58 8h 28 21 62 81 
68 28 12 64 36 71 27 82 84 18 
24 12 82 58 63 26 21 42 61 46 
26 12 85 18 13 41 83 68 23 52 
51 81 58 68 16 68 16 26 82 15 
61 85 25 72 16 31 17 31 21 62 
68 16 58 61 36 25 12 16 81 26 
82 12 71 84 38 1h 61 17 61 68 
26 18 41 62 76 6h 26 21 82 61 
86 26 52 2h 12 2h 62 68 16 51 
65 16 78 27 52 54 15 41 61 86 
25 82 83 58 15 23 52 63 56 26 
72 14 71 84 68 31 23 42 26 42 
82 38 37 87 18 13 71 8h 68 64 
26 84 38 18 41 87 64 36 12 41 
24 25 42 15 41 21 52 54 14 15 
41 25 42 12 71 76 16 21 87 68 
87 68 12 51 86 58 18 21 25 62 
85 18 26 76 5h 71 62 73 63 21 
52 3h 82 84 28 67 46 65 36 82 
78 6h 16 18 21 68 56 64 25 15 
4h 86 82 51 62 56 16 21 28 62 
18 26 4h 61 65 15 3h 82 84 56 
51 48 28 61 ah 13 15 35 8a 54 
8h 52 87 25 45 76 ah 51 53 67 
35 15 5a 78 5h 87 ah 72 2a 7h 
ah 5a ah 
