2
4h 3a 1b 47 4h 15 12 12 31 36 
b4 3b 36 3h b6 4b 31 43 48 42 
4h b3 7b 74 b4 3b 37 b7 13 1b 
17 16 53 51 5h b7 17 6b 37 65 
b5 31 6b 63 b3 5b 53 b3 83 6b 
71 67 63 65 67 85 6h 76 61 76 
16 17 67 61 76 61 46 43 74 63 
76 46 74 16 47 14 64 61 67 26 
41 47 24 64 26 21 61 46 41 74 
61 76 46 b4 6b 67 56 b7 65 76 
5b 67 56 b6 4b 64 65 26 45 24 
28 b2 42 74 5b 47 54 52 42 74 
b2 47 54 57 15 7b 51 5h 75 b5 
65 76 7b 78 b8 68 26 5b 62 56 
58 75 68 76 56 75 73 72 3h b8 
7b 7h 27 1h 72 17 18 78 27 3h 
72 17 3h 71 37 8h 73 27 37 32 
72 73 27 81 1h 72 37 2h 23 72 
17 81 78 37 1h 81 73 87 7h 37 
7h 37 7h 27 23 73 17 18 78 27 
1h 72 17 7h 37 32 72 37 7h 27 
1h 21 23 71 37 3h 23 73 27 7h 
27 24 21 28 12 74 17 27 32 12 
71 72 67 65 26 16 21 23 62 61 
36 21 32 62 16 34 13 63 26 16 
31 36 83 16 81 24 82 75 87 31 
83 73 17 12 61 7h 37 38 43 78 
47 37 83 1h 21 23 62 13 61 21 
32 67 86 3h 36 13 17 61 37 83 
85 63 76 13 51 7h 18 71 8h 17 
31 3h 8h 58 bh 85 2b 52 8h 25 
72 7h 74 87 38 43 7h 87 34 83 
73 87 bh 6b 36 35 43 65 46 36 
43 84 68 63 46 83 58 64 56 6h 
56 bh 57 1b 71 bh 61 36 34 64 
16 17 41 67 46 16 71 75 15 61 
64 2b 46 42 16 51 34 63 62 46 
32 53 64 13 4h 26 21 61 36 37 
13 24 72 14 34 62 7h 21 43 46 
47 67 37 12 bh 76 8b 23 71 61 
74 32 bh 18 26 47 17 87 62 2b 
73 71 25 17 37 7h 58 7h 74 8h 
46 4h bh 6b bh 5b bh ah 
