2
1a 2b 14 b4 7b a7 2a 23 23 2h 
ah 1a 14 b4 38 3b 32 b3 1b 83 
82 b8 7b 71 b1 7b 74 7h 76 87 
81 83 86 71 87 a7 8a b8 a8 5b 
5a 5h 4h ah 5a 5h bh 54 3b 32 
a5 b2 8a 8b a8 5a b5 1b 85 18 
b8 65 1b 56 16 15 65 b5 8b 85 
48 4h b5 1b a1 8a 48 b1 84 38 
4b 83 48 42 82 38 b2 83 58 8b 
58 b8 5b 56 b6 8b 86 38 b6 83 
58 3b 85 38 36 43 6h b8 3b 38 
36 36 34 53 b8 35 83 5b 38 53 
51 45 31 43 53 45 24 2h 28 b1 
82 4b 42 41 4h 42 34 31 83 41 
84 34 83 2h 38 23 ah 24 3a 23 
28 38 43 38 43 42 84 82 42 84 
34 23 6h 34 23 28 38 43 38 43 
42 84 82 42 84 34 23 6h 61 6h 
34 23 28 38 43 38 43 42 84 82 
42 84 34 23 4h 32 83 43 24 23 
43 24 28 48 34 38 48 34 32 83 
42 84 34 83 28 32 43 48 24 38 
23 43 84 83 43 84 82 42 34 32 
42 34 38 23 48 24 34 83 28 32 
43 48 24 38 23 43 84 83 43 84 
82 42 34 32 42 34 38 63 6h 48 
24 28 48 24 bh 42 84 82 42 84 
3b 83 43 24 23 43 24 28 48 34 
38 48 34 32 83 42 84 34 83 28 
32 43 48 24 38 23 43 84 83 43 
84 82 42 34 32 42 34 38 23 48 
24 34 83 28 32 43 48 24 38 23 
43 84 83 43 84 82 42 34 32 42 
34 38 63 1h 48 24 36 23 38 23 
48 24 34 83 84 34 83 82 32 43 
42 32 43 48 64 8h 46 24 23 43 
24 28 48 34 38 48 24 27 47 84 
83 43 84 87 47 34 37 47 64 ah 
46 14 4a 64 ah 46 14 16 46 14 
3a 63 41 74 b6 47 64 36 13 3b 
63 46 14 4h 64 36 13 15 35 63 
46 a4 3a 63 a6 8a 78 74 84 68 
36 53 51 31 63 86 b8 3b 43 47 
37 63 68 38 63 61 31 83 81 31 
63 62 a2 4a 64 6h 6h 36 23 7h 
32 63 65 26 35 23 63 56 24 52 
1h 62 36 34 23 64 16 32 13 63 
46 81 38 81 28 25 42 62 56 86 
18 7h 81 68 65 16 6h 46 7h 85 
28 26 52 86 58 28 72 2h 72 1h 
31 63 37 63 23 12 3h 18 28 12 
36 83 82 15 85 25 35 63 81 78 
21 72 82 18 36 23 74 24 62 34 
13 67 56 27 52 53 51 81 38 47 
28 42 68 46 26 82 81 21 62 83 
78 64 76 82 78 bh 87 48 68 26 
68 36 27 82 27 12 35 13 23 82 
65 36 35 13 65 16 84 58 24 52 
56 23 62 83 58 65 46 25 42 62 
36 35 38 53 63 76 6b 36 38 53 
83 63 26 24 82 81 38 32 82 58 
31 43 63 26 21 28 12 28 72 37 
34 13 83 24 12 38 32 83 63 86 
85 38 36 43 25 21 42 65 72 61 
76 26 32 13 53 83 28 24 32 35 
64 31 53 23 52 86 38 32 53 21 
81 68 46 84 68 35 43 25 42 82 
58 36 53 6h 26 24 62 35 43 85 
18 15 85 18 23 12 64 36 64 56 
82 58 68 26 37 83 86 58 36 53 
83 68 63 47 62 36 86 38 35 63 
68 26 38 53 63 86 83 63 46 82 
38 32 82 38 35 73 74 34 23 85 
28 38 23 67 86 83 58 63 56 86 
38 36 32 63 83 68 65 36 47 38 
43 51 21 73 81 61 36 82 78 68 
16 37 2h 83 61 76 36 13 87 18 
67 64 16 38 13 63 86 83 48 78 
25 72 82 87 38 68 36 27 51 2h 
12 63 86 83 78 63 76 86 38 21 
32 82 68 64 26 31 21 42 61 35 
82 ah 26 53 18 62 16 86 28 24 
62 13 63 46 67 16 87 38 36 86 
78 26 72 82 68 35 63 8a 28 36 
53 31 82 15 6h 63 58 61 85 31 
2h 56 18 13 24 35 61 81 5h 42 
13 16 36 27 1h 68 73 65 37 5h 
72 24 7h 41 4h ah 8a bh 1b ah 
5a bh ah 
