2
7h 7h 36 31 2a 2b 23 53 23 b3 
2b 23 27 a3 8a 82 62 a6 8a 85 
8h 4h b8 18 2b 81 25 72 65 27 
82 12 18 28 61 36 b1 63 2b 12 
51 25 72 36 27 32 62 63 23 26 
12 51 25 72 36 27 a2 63 1a 51 
a5 72 36 7a 71 73 7h 87 15 78 
17 57 51 71 75 67 36 73 87 15 
78 17 57 51 71 75 87 15 78 b7 
51 6b 36 b3 87 15 8b 85 78 75 
17 85 18 78 67 36 73 87 81 68 
71 67 87 48 64 61 65 86 78 74 
17 84 18 78 47 34 73 87 81 48 
71 47 87 68 62 46 82 48 68 76 
78 47 68 36 83 68 b6 4b 46 4h 
5h 5h 3h 64 6h 16 45 14 83 8h 
8h 6h 16 87 18 1h bh 13 46 14 
12 1h 71 72 67 12 51 76 57 17 
61 68 56 51 61 76 71 87 57 58 
78 75 17 67 16 18 68 76 78 57 
17 81 61 36 6b 16 18 51 54 5h 
3h 8h 14 71 74 87 14 81 14 51 
74 37 32 3h 3h 72 47 48 4h 4h 
3h 4h 3h 5h 3h 5h 45 78 37 3h 
bh 6h 2h 8h 2h 8h 2h 8h 2h 8h 
2h 8h 2h 5h 1h 2h 4h 2h 3h 2h 
7h ah 
