1
16 4a 34 58 5h a5 6a 67 6h 6h 
4h 16 13 a7 8a 83 a3 23 7a 72 
a2 8a 18 78 76 17 1h 4h 1h 51 
53 13 76 53 a1 5h 75 7a 73 13 
41 74 65 27 28 78 56 a7 1a 48 
51 61 58 65 58 65 64 54 65 62 
46 18 16 41 42 45 12 41 48 64 
62 86 84 82 42 48 24 64 56 a4 
65 46 4a 42 84 a2 48 24 28 48 
54 68 26 45 24 64 56 6a 46 42 
84 62 86 46 24 84 82 42 48 64 
62 86 42 84 64 26 a5 62 56 5a 
45 48 24 58 25 28 58 25 48 24 
54 a5 65 46 42 84 6a 56 48 24 
65 26 46 54 a6 45 24 8a 42 84 
86 46 54 a6 45 24 8a 42 84 82 
42 54 a2 45 64 4a 64 62 42 54 
a2 45 64 4a 64 68 56 48 24 65 
26 46 54 a8 45 64 62 86 4a 54 
68 26 45 24 64 56 a4 65 46 8a 
64 86 26 28 68 62 56 a2 65 46 
6a 46 42 84 24 28 48 42 84 64 
56 a4 65 46 4a 42 84 a2 62 86 
7a 87 46 84 74 67 64 56 74 27 
65 26 24 64 56 74 27 65 26 76 
27 28 78 67 68 56 78 27 65 46 
72 47 48 78 57 68 26 75 47 62 
46 76 47 42 64 67 56 47 24 65 
26 46 a4 6a 62 56 a2 65 76 6a 
76 72 87 a6 78 57 7a 67 62 86 
72 87 67 26 86 82 62 68 76 72 
87 62 86 76 27 a5 72 67 68 26 
7a 57 62 86 75 87 67 56 a7 65 
26 6a 26 27 67 56 a7 65 26 6a 
26 28 68 56 a8 65 76 6a 76 78 
68 56 a8 65 76 6a 76 72 87 a6 
78 67 62 86 6a 86 87 82 72 78 
27 67 56 a7 65 76 7a 72 87 a2 
78 27 28 78 57 68 26 75 27 67 
56 6a 76 72 87 62 86 82 62 86 
72 87 67 26 a5 62 56 5a 75 78 
27 58 25 28 58 25 78 37 52 35 
75 37 36 76 57 56 25 76 27 57 
a5 35 7a 72 87 a2 78 57 7a 37 
53 65 a3 7a 67 57 65 63 53 75 
73 27 53 25 75 a7 67 56 52 85 
6a 76 58 25 67 26 56 75 a6 57 
85 8a 86 a6 4a 84 56 a5 1a 81 
82 12 42 61 64 14 21 61 62 12 
16 41 42 84 12 81 41 a4 1a 18 
31 a8 4a 34 14 31 37 17 a1 5a 
45 47 84 57 a5 2a 48 a4 5a 25 
45 26 a4 1a 51 56 85 16 81 51 
a5 4a 14 18 21 48 a4 1a 21 28 
18 61 a8 6a 68 a8 18 61 6a 62 
a6 4a 62 12 74 a6 81 5a 85 15 
82 81 21 28 47 54 51 41 75 74 
54 82 75 73 53 45 43 74 53 85 
47 a4 2a 28 a8 52 1a 15 a5 18 
1a 81 82 a8 2a 18 31 a2 1a 51 
a3 58 6a 35 36 56 85 15 82 61 
63 56 13 21 51 61 85 26 52 35 
68 16 53 15 18 58 a1 68 25 7a 
26 56 35 a7 1a 31 51 a5 6a 62 
a2 86 8a 82 a2 62 4a 36 37 34 
67 a6 1a 17 21 43 a4 6a 86 12 
81 47 34 18 a1 5a 35 45 a4 3a 
68 36 a6 4a 54 56 25 46 a4 52 
35 1a 31 51 35 3h 3h 5h 7h 2h 
7h 2h 7h 2h 6h 7h 8h 8h 6h 75 
76 87 56 15 78 27 28 2h 78 51 
27 25 75 a7 4a 14 31 23 2h 2h 
6h 8h 6h 8h 6h 6h 8h 8h 4h 3h 
2h 56 5h 68 32 14 85 a6 5a 23 
85 83 82 8h 8h 86 8h 5h 1h 2h 
67 6h 78 35 3h 7h 21 2h ah 4h 
5h 8h 1h 
