1
43 2a 2h 76 7h 23 25 a5 75 6a 
76 a7 4a 43 47 a3 4a 4h 76 46 
a4 26 82 84 81 8h 87 85 78 8a 
78 a8 7a 7h a7 4a 34 a3 8a 87 
58 a7 2a 28 a8 5a 52 a2 5a 51 
5h a1 4a 34 a3 15 2a 51 21 25 
a2 15 25 42 34 23 52 51 21 82 
8a 81 58 a1 21 32 8a 38 28 42 
43 84 43 14 28 12 42 34 a5 43 
54 8a 45 24 21 52 38 a3 25 12 
42 54 8a 45 24 21 52 38 a3 41 
74 4a 74 a4 25 82 38 23 82 8a 
48 47 54 87 18 45 14 84 38 23 
42 41 54 21 72 45 74 24 62 64 
24 32 83 68 67 87 48 47 87 48 
46 54 86 18 45 14 84 78 76 86 
48 41 54 81 78 45 74 84 38 23 
42 47 54 27 12 45 64 21 32 46 
34 36 84 18 a6 46 2a 12 82 68 
a4 86 58 2a 85 18 28 52 a8 25 
42 64 26 42 4a 14 15 45 34 37 
47 54 51 41 64 26 12 15 25 a2 
42 54 51 41 24 8a 42 84 81 58 
41 64 a1 46 14 2a 85 18 48 64 
a6 5a 42 84 81 78 a5 87 38 8a 
18 38 31 41 24 62 46 a4 2a 62 
a6 8a 18 a1 2a 62 a6 3a 37 34 
23 27 52 37 53 23 52 5h 58 75 
67 56 15 a2 85 5a 51 85 18 51 
75 67 56 15 a5 81 8a 78 67 86 
38 32 73 82 78 68 36 83 87 58 
37 13 85 18 53 58 15 a5 85 3a 
38 53 85 38 13 12 32 53 a3 85 
8a 78 67 86 28 21 81 58 38 35 
13 12 32 a3 85 83 18 3a 81 58 
53 83 58 52 35 82 38 58 15 a2 
8a 83 18 58 25 a5 32 3a 53 32 
83 81 78 25 67 86 58 82 18 38 
13 25 31 23 53 52 35 52 85 81 
78 51 25 67 52 65 75 76 86 58 
57 15 23 67 86 38 82 18 58 15 
23 51 25 35 32 53 32 83 81 78 
25 67 86 58 82 18 38 13 25 31 
a3 52 53 25 5a 25 a5 32 1a 52 
53 15 23 a5 32 3a 31 83 85 18 
35 13 1h 1h 6h 83 18 12 76 85 
38 31 73 81 78 38 63 a1 36 83 
87 18 37 13 83 18 15 31 38 73 
18 71 31 63 3a 13 17 81 37 83 
13 71 85 68 16 71 81 38 35 13 
85 78 31 73 83 18 13 71 83 78 
18 31 74 37 17 31 38 73 71 87 
31 83 73 17 84 18 78 67 a8 76 
87 76 87 81 38 71 67 71 67 34 
63 84 68 38 63 78 17 78 17 87 
81 71 78 17 78 17 46 34 13 73 
87 73 87 37 38 78 73 87 73 87 
16 81 71 37 71 37 64 34 63 74 
17 74 67 83 18 13 61 83 68 6h 
6h 2h 4h 4h 5h 34 3h 71 37 31 
63 6h 2h 2h 2h 4h 4h 2h 1h 4h 
5h 7h 2h 1h 2h 5h 4h 5h 4h 2h 
8h 4h 5h 1h 2h 6h 5h 4h 2h 5h 
4h 2h 4h 5h 3h 5h 
