1
13 4a 12 1h ah 15 14 17 2a 21 
26 a1 2a 24 2h ah 8a 27 53 23 
42 48 28 42 4h 48 4h ah 67 4a 
41 54 76 75 65 67 62 a1 57 4a 
54 74 75 45 47 24 26 46 52 54 
27 52 74 72 35 3h 42 47 27 54 
53 5h 5h 5h 1h 43 72 75 25 27 
57 52 72 24 85 86 56 42 35 34 
54 27 35 72 36 56 27 45 46 56 
72 74 24 27 47 42 72 15 27 14 
54 72 75 25 27 57 52 72 a5 27 
4a 41 a1 72 74 24 27 47 42 72 
84 7a 48 74 a4 24 7a 74 78 74 
7h 6h 1h 1h 6h 6h 1h 56 35 34 
13 43 41 31 34 14 13 43 a1 34 
7a 43 27 34 21 71 43 82 34 87 
27 43 82 83 a3 8a 81 8h 4h 7h 
1h 72 38 3h 37 34 74 37 3h 35 
3h 7h 2h 25 43 47 37 42 41 4h 
21 53 52 32 a3 8a 78 71 81 27 
25 75 18 52 17 87 25 18 12 82 
14 78 72 82 41 17 18 74 27 48 
41 81 24 74 18 27 28 78 52 57 
27 42 48 28 14 62 6h 41 74 75 
45 87 8h 64 6h 65 6h 6h 6h 3h 
ah 2h 7h 4h 8h 8h 5h 8h 8h 5h 
5h 5h 1h 1h 6h 6h 
