2
1h 3h 3a 74 36 3b 36 73 76 b7 
27 3b 36 b6 3b a3 b3 7a 7b 72 
b2 4b 74 71 47 a2 b4 1a 7b 17 
12 a7 4a 47 4h bh 6h 2b a7 65 
2a 56 b8 65 7b 24 56 a4 84 2a 
48 b7 84 6b 48 a2 84 6a 48 b5 
84 1b 61 a1 48 6a 68 51 a8 15 
1a 18 a8 58 4a 42 85 a2 58 1a 
13 12 31 85 13 a1 36 4a 63 58 
48 45 41 43 24 b3 42 74 85 47 
64 4b 74 58 47 54 51 41 24 a5 
81 4a 24 25 18 45 24 a5 81 4a 
24 26 25 18 a4 24 81 7a 18 2h 
81 ah 18 7a 81 1h 63 a7 36 2a 
72 63 27 62 32 6h 23 7h 32 7h 
23 8h 32 ah 23 7a 67 32 a6 23 
5a 18 32 1h 23 1h 32 a5 23 6a 
15 31 12 31 21 23 12 a6 21 52 
2a 52 a2 13 5a 54 31 a4 13 2a 
24 52 a4 31 2a 52 a2 13 5a 31 
5h 57 56 37 17 57 65 13 61 51 
75 65 16 15 71 65 76 13 71 61 
36 5h 63 16 17 51 67 56 16 71 
53 75 4h 57 35 31 37 17 57 65 
67 26 57 35 62 36 15 31 61 56 
51 75 61 76 56 75 71 51 65 61 
76 51 75 65 26 b3 73 57 53 15 
73 17 57 15 13 53 75 73 17 53 
15 75 17 62 56 57 35 5b 75 65 
26 71 87 8h 62 56 51 35 5h 25 
61 36 52 35 51 35 15 13 53 63 
26 51 85 84 54 15 62 16 56 35 
36 56 35 31 51 65 61 51 65 63 
26 53 15 62 16 63 86 53 85 65 
26 86 8h 38 31 81 83 13 1h 8h 
7h 57 56 15 76 17 57 65 6h 8h 
5h 65 bh 62 16 52 75 76 27 56 
25 75 67 18 61 71 57 68 16 18 
31 68 36 16 31 75 67 61 36 18 
78 37 67 36 1b 71 76 87 1h 51 
78 47 52 65 12 41 71 27 56 85 
1h 14 61 72 87 57 25 16 81 86 
16 21 7h 76 87 12 81 71 27 57 
65 4h 56 75 72 67 52 65 61 51 
25 71 27 57 65 63 76 53 15 72 
37 62 16 17 13 73 63 26 53 25 
65 46 18 51 78 47 15 41 71 37 
15 65 36 76 57 14 31 18 31 54 
74 67 68 36 16 41 1h 41 7h 57 
17 61 74 75 87 63 86 76 57 13 
61 63 86 13 81 61 46 45 65 16 
74 57 74 37 18 51 41 68 16 15 
31 71 57 64 36 75 17 16 31 68 
61 86 76 57 52 65 72 17 13 81 
73 87 37 38 61 26 51 25 65 16 
17 67 56 83 52 35 15 21 61 46 
6h 76 6h 16 12 51 62 76 53 75 
65 26 17 41 64 26 73 53 57 35 
57 35 75 62 56 38 42 78 68 26 
12 41 61 26 24 64 16 12 81 62 
86 15 81 13 41 67 56 24 12 71 
61 26 57 25 73 13 17 31 45 42 
1h 51 24 14 71 65 36 13 41 54 
37 52 75 12 31 51 25 78 27 18 
61 57 7h 16 85 51 85 72 47 65 
26 76 47 7h 67 62 56 24 74 17 
61 75 5h 16 47 42 72 47 61 26 
27 15 24 72 62 56 53 18 3h 85 
41 74 65 1h 27 56 41 21 71 65 
3h 12 1h 57 14 75 bh 46 2b 53 
64 35 bh 41 5b 14 5h 47 4h bh 
7b bh 8b ah bh 
