1
42 6a 62 a2 8a 84 a8 74 6a 7h 
ah 7a 78 a7 17 1a 14 51 54 52 
58 5h 53 65 65 37 6h 76 63 76 
36 ah 63 67 46 6a 46 45 65 76 
36 a5 63 67 86 7a 68 76 a6 36 
7a 63 7h 37 76 a7 63 6a 67 36 
a7 63 46 6a 46 a6 37 4a 42 47 
4h 43 64 67 36 47 54 63 56 57 
67 36 47 54 63 16 45 14 64 a6 
4a 41 34 a1 43 74 4a 74 75 45 
34 a5 43 84 7a 48 74 73 43 54 
a3 45 14 5a 41 54 53 43 54 a3 
45 34 6a 36 35 46 34 54 53 43 
45 34 45 64 65 36 45 34 64 a6 
37 4a 47 34 a7 43 74 7a 73 a3 
43 54 4a 54 53 43 54 a3 45 84 
7a 48 74 a4 7a 76 37 a6 73 57 
3a 75 37 35 75 37 a5 73 57 3a 
75 37 34 74 37 36 76 37 37 3h 
31 23 3h 5h 2h 32 3h 53 3h 53 
54 34 73 4h 17 45 31 83 2h 38 
53 34 13 71 37 43 2h 34 83 23 
28 38 32 13 82 45 71 37 23 8h 
32 53 34 13 71 37 43 5h 15 34 
13 73 57 35 31 83 51 85 35 13 
83 86 37 31 53 57 15 37 13 53 
15 8h 83 18 14 13 41 58 45 46 
56 45 16 41 73 14 71 54 75 15 
31 3h 37 57 17 41 53 45 15 71 
73 13 51 54 75 14 71 51 45 78 
47 7h 17 18 31 78 37 17 31 83 
18 71 73 27 13 21 71 37 38 78 
17 12 31 72 37 17 21 28 18 71 
73 27 13 21 6h ah 7a 27 12 61 
65 15 61 64 14 51 54 14 61 62 
12 41 45 15 41 42 12 51 52 12 
81 8h 8h 83 5h 85 5h 35 38 58 
35 4h 24 53 25 45 34 4h 54 52 
85 3h 23 43 24 58 35 34 23 54 
25 26 56 45 36 43 53 25 46 34 
36 23 46 24 45 24 27 52 53 75 
23 62 57 65 25 72 4h 54 56 85 
46 84 54 85 82 87 27 28 72 52 
45 42 64 1h 71 52 65 45 24 17 
61 5h 51 25 45 14 16 51 46 24 
15 71 87 21 52 54 75 15 17 41 
21 32 78 58 48 14 18 61 48 64 
14 61 23 42 41 64 21 62 43 64 
24 12 57 15 25 42 13 51 53 75 
13 81 24 82 12 41 57 85 14 21 
25 82 4h 15 71 21 52 46 54 24 
12 52 45 42 64 17 21 51 25 27 
82 57 15 17 31 57 35 15 71 28 
72 5h 53 75 12 71 51 25 21 72 
87 46 14 54 15 78 18 61 58 35 
4h 53 85 82 87 27 57 35 47 34 
54 75 16 41 28 72 14 71 52 45 
43 24 53 75 42 64 15 21 25 82 
15 31 27 32 12 51 78 4h 24 15 
31 21 52 41 54 58 48 14 28 12 
42 84 13 21 57 85 23 13 45 72 
ah 81 84 47 34 17 31 41 54 57 
15 47 34 28 32 42 84 36 12 71 
52 75 48 74 48 74 63 58 25 18 
21 51 25 23 82 2a 12 15 81 25 
82 12 51 87 1h 21 27 32 48 54 
52 75 42 74 58 35 18 21 56 25 
15 61 21 52 47 25 5h 14 72 54 
85 27 82 52 45 41 24 51 75 87 
25 12 45 14 13 24 36 5h 41 72 
46 54 16 45 28 8h 51 64 62 42 
64 15 21 24 52 14 25 8h 51 57 
17 3h 42 48 75 71 84 24 51 ah 
13 17 37 4a 78 4h 72 46 27 87 
65 ah 71 73 56 37 17 7a 64 7h 
46 ah 62 2a 6h ah 7a ah 
