1
78 57 1a 14 14 2h 2h 23 24 7h 
7h 27 25 a2 58 7a 74 75 17 13 
12 41 a1 8a 83 53 58 38 a3 1a 
14 a4 54 15 31 83 18 21 1a 21 
a1 2a 62 a6 3a 83 a8 1a 16 81 
a6 18 71 7a 72 37 83 78 a7 17 
31 83 18 61 1a 61 a1 3a 83 a8 
6a 62 68 a2 83 1a 38 12 81 a2 
18 51 52 12 81 3a 18 31 36 16 
31 a6 86 3a 68 3h 32 38 34 13 
81 86 16 31 6h 68 4h 86 6h 13 
81 68 16 31 4h 42 8h 24 2h 13 
51 57 85 65 68 58 56 35 86 71 
53 75 15 17 61 57 16 81 61 68 
18 16 31 86 13 41 42 12 61 75 
16 81 61 68 18 16 31 86 57 13 
a1 75 8a 31 81 57 a1 75 3a 36 
83 6h 57 2h 24 a8 42 3a 13 63 
61 31 36 13 36 13 63 24 1h 36 
42 3h 13 75 24 31 83 13 18 61 
57 42 4h 16 31 75 13 81 31 38 
13 38 63 57 4h 36 83 31 83 13 
18 71 8h 15 31 38 63 18 61 31 
83 63 68 57 8h 75 4h 86 57 8h 
75 8h 57 ah 75 1a 13 81 85 38 
a8 3a 36 83 a6 38 63 8a 83 68 
a3 86 38 3a 36 53 57 37 63 a3 
83 68 3a 86 38 36 73 86 78 38 
63 a3 8a 85 38 36 53 86 28 3h 
73 57 25 85 78 37 23 24 34 53 
54 65 34 73 56 25 87 48 52 45 
85 a8 1a 41 42 12 51 52 75 37 
23 13 a1 3a 32 63 a2 36 23 4a 
32 73 57 45 42 42 41 84 68 2h 
86 18 6h 81 68 2h 86 18 6h 81 
68 2h 86 18 6h 81 68 2h 86 18 
6h 81 68 65 85 18 68 56 54 64 
76 2h 37 83 81 28 8h 28 23 83 
18 28 21 81 82 38 31 32 13 83 
18 21 82 38 31 23 13 12 32 82 
18 38 43 3h 83 81 28 23 83 18 
28 21 81 82 38 31 32 13 83 18 
21 82 38 31 23 13 12 32 82 18 
38 43 3h 83 81 48 46 86 18 74 
2h 38 63 47 67 57 85 64 26 28 
65 26 5h 86 81 68 81 48 62 16 
62 16 56 75 37 63 84 78 26 32 
73 53 75 47 54 35 83 68 61 36 
53 25 3h 63 16 86 38 52 75 35 
23 54 84 68 36 23 57 83 6h 75 
48 45 47 57 54 75 85 38 32 73 
86 48 8h 58 21 85 68 62 16 21 
81 34 6h 58 13 16 85 48 36 53 
58 65 38 56 7h 63 61 31 2h 85 
87 16 13 78 58 63 ah 32 31 21 
8a 17 8h 15 84 51 71 46 ah 13 
12 64 21 31 1a 48 1h 84 ah 45 
5a 4h ah 1a ah 
