0
53 73 7h 54 76 87 87 8h 84 83 
62 64 56 24 14 17 14 1h 14 15 
18 61 64 6h 68 14 21 27 67 37 
67 82 86 87 26 28 68 67 26 42 
4h 87 8h 58 56 86 58 57 25 24 
28 2h 32 54 35 25 82 32 83 28 
23 42 83 58 53 45 83 48 58 28 
45 42 41 21 42 51 45 46 56 26 
45 42 43 24 54 12 15 16 56 26 
45 42 52 45 14 21 25 42 15 41 
4h 7h 7h 21 41 82 84 86 46 38 
34 84 26 38 32 82 48 42 34 82 
38 48 34 3h 32 37 32 31 73 72 
7h 1h 32 83 84 28 34 23 27 2h 
83 78 72 7h 82 38 32 73 82 78 
74 84 34 78 73 83 78 7h 6h 2h 
6h 2h 6h 2h 6h 2h 1h 1h 6h 2h 
2h 6h 4h 1h 4h 7h 4h 4h 6h 2h 
6h 2h 5h 4h 6h 3h 5h 8h 6h 3h 
5h 6h 4h 6h 
