0
87 52 52 54 5h 5h 57 35 3h 2h 
5h 65 64 86 38 53 25 26 56 85 
87 12 57 25 21 51 85 68 56 35 
31 51 45 43 47 37 57 47 85 8h 
81 41 48 41 38 47 43 12 64 56 
85 83 28 53 81 65 46 28 24 23 
43 74 73 43 18 64 56 35 37 57 
15 85 81 78 73 83 68 62 51 42 
34 37 47 15 14 54 64 51 75 73 
61 41 37 57 65 6h 7h 2h 82 73 
7h 48 7h 18 14 84 81 41 4h 28 
21 81 2h 7h 4h 7h 18 7h 5h 34 
81 75 38 48 57 34 35 45 84 85 
45 78 34 38 37 87 3h 73 43 74 
87 38 37 13 87 58 31 53 83 58 
57 87 15 38 37 87 13 53 18 15 
85 18 1h 4h 54 58 15 48 74 51 
75 45 34 38 53 57 15 48 1h 14 
37 13 43 14 16 12 12 18 13 81 
26 53 85 15 62 5h 61 21 7h 58 
26 16 75 12 81 57 35 18 62 31 
51 35 26 34 23 63 62 32 36 73 
26 54 65 37 23 53 15 14 31 62 
12 36 54 71 73 75 35 43 15 26 
21 61 34 53 62 12 16 51 31 73 
53 65 25 26 56 52 62 15 13 61 
21 26 16 53 12 75 71 76 51 65 
7h 62 7h 8h 3h 74 26 7h 8h 7h 
3h 2h 56 35 8h 8h 5h 8h 45 1h 
4h 6h 3h 5h 48 4h 43 4h 65 37 
1h 8h 64 73 4h 6h 7h 5h 3h 2h 

