1
2h 36 3a 51 87 52 81 85 43 45 
4h 47 42 43 a2 4a 84 a4 8a 81 
38 35 85 38 3h a3 4a 41 a1 6a 
64 65 45 64 62 a5 6a 61 a6 86 
2a 28 a8 24 2a 21 a1 7a 73 a3 
41 8a 81 a8 81 58 52 82 58 2a 
28 a8 4a 54 56 46 a4 8a 82 86 
a8 26 86 58 4a 54 84 a8 5a 56 
85 a8 76 27 25 4a 48 a4 48 54 
4a 54 a4 5a 52 a5 4a 45 24 a5 
42 74 4a 74 75 15 a4 51 74 74 
15 2a 27 51 a7 15 2a 2h 3h 1h 
52 51 21 52 36 3h 5h 57 65 63 
53 75 64 6h 57 45 46 56 35 36 
56 15 12 1h 3h 3h 52 75 15 17 
57 51 25 71 7h 7h 4h 4h 52 a5 
7a 75 27 a5 72 57 2a 75 27 21 
52 71 57 27 62 a1 26 72 75 67 
25 62 72 57 2a 75 67 27 52 a7 
25 62 2a 62 64 24 72 a4 27 42 
7a 24 72 74 57 24 52 72 47 a7 
2a 25 72 74 67 68 78 47 27 42 
a5 24 72 74 57 24 52 72 67 8a 
87 86 76 78 47 a6 74 27 25 42 
75 47 27 42 7a 72 47 a2 74 27 
2a 24 62 68 28 42 a2 72 47 2a 
74 27 24 52 74 57 27 42 a2 7a 
75 27 24 62 a5 26 42 72 47 7a 
47 a7 2a 27 42 48 28 72 a2 7a 
78 27 a8 72 57 2a 28 52 72 67 
a8 76 27 25 12 4a 64 75 17 46 
14 27 12 42 74 72 57 42 54 74 
17 14 74 17 15 75 47 45 75 47 
41 24 71 27 47 24 25 72 74 57 
24 52 72 47 51 5h 74 27 21 42 
71 47 27 52 41 74 71 67 41 84 
25 12 76 87 47 14 24 a2 4a 41 
74 78 57 48 14 a4 75 47 41 54 
71 87 3a 83 45 84 34 53 74 67 
35 13 76 17 37 a3 7a 71 47 a1 
74 57 2a 62 75 17 26 82 71 87 
27 82 8h 86 a6 26 42 2a 42 47 
54 5h 75 25 72 76 57 52 65 72 
67 57 25 a5 2a 27 52 a7 25 72 
5a 52 75 a2 57 25 2a 27 62 68 
6h 28 72 a2 52 75 2a 57 25 27 
12 57 15 25 72 a2 5a 51 25 27 
12 57 15 25 72 a5 27 52 5a 51 
75 a1 21 72 52 75 5a 75 a5 2a 
25 72 78 57 28 52 72 17 58 25 
28 12 72 17 58 25 27 12 57 15 
25 72 a8 27 52 51 75 21 72 52 
15 75 27 25 12 75 17 27 52 14 
1h 25 72 74 57 24 52 72 57 54 
25 27 42 57 45 25 42 5a 52 75 
a2 57 25 7a 52 75 72 17 13 1h 
52 45 47 24 57 25 45 24 a5 42 
54 5a 52 75 a2 42 14 6a 76 73 
17 56 15 1h 2h 1h 2h 8h 2h 8h 
2h 8h 2h 8h 2h 8h 6h 8h 6h 7h 
8h 3h 3h 8h 1h 1h 8h 3h 8h 4h 
8h ah 5h 
