1
31 25 3a 36 73 a7 3a 38 a8 4a 
38 3h 3h ah 73 7a 75 71 7h 7h 
a7 1a 16 a6 37 5a 53 56 36 a6 
8a 83 a3 8a 87 a7 4a 47 4h 42 
4h 48 14 14 51 57 5h 5h 5h 15 
12 13 52 37 35 75 73 53 57 65 
a6 37 5a 25 73 52 45 15 37 41 
64 a6 73 4a 64 a6 37 5a 51 65 
a1 56 15 4a 24 51 25 45 24 27 
47 54 57 25 47 24 21 52 65 61 
51 25 21 52 85 81 51 35 38 23 
58 65 32 63 53 25 15 12 52 51 
35 36 13 56 15 35 23 35 23 53 
21 32 31 73 21 72 32 53 13 15 
35 31 a3 51 2a 27 52 53 65 23 
62 13 52 15 a7 51 65 1a 56 15 
a5 35 3a 31 a1 51 5a 53 65 a3 
56 35 15 13 53 51 35 51 65 2a 
13 25 12 a5 21 32 21 62 3a 26 
12 13 23 12 a2 32 1a 15 a5 23 
2a 25 32 35 25 32 a2 52 3a 23 
35 23 53 52 32 35 23 35 a3 52 
5a 53 a3 23 2a 25 32 35 25 32 
a2 52 3a 23 35 23 53 52 32 35 
23 35 a3 52 4a 24 45 24 23 62 
43 64 6h 6h 6h 7h 5h 5h 6h 35 
3h 3h 13 68 16 12 14 36 13 24 
23 62 12 51 64 26 24 52 56 26 
52 16 51 24 52 12 61 53 65 64 
54 25 14 31 65 36 16 51 52 85 
12 61 58 45 16 41 51 25 45 42 
52 54 15 12 81 52 85 15 61 63 
56 58 25 68 26 24 64 26 54 25 
65 36 16 51 52 85 12 81 51 65 
63 16 53 85 61 86 8h 7h 4h 7h 
4h 1h 7h 4h 1h 4h 5h 7h 2h 2h 
2h 7h 4h 6h 3h 7h 4h 8h 8h 7h 
4h 4h 4h 7h 3h 7h 3h 7h ah 
