1
8h 15 68 14 12 34 75 8a 84 68 
a4 64 67 64 6h 16 5a 58 42 61 
46 26 24 64 62 a6 68 36 3a 42 
36 3h 24 35 85 36 13 58 16 42 
36 53 18 13 51 57 5h 2h 57 83 
a7 38 5a 5h 85 53 85 81 51 85 
87 31 57 35 37 83 57 85 57 45 
48 58 15 71 57 85 84 54 25 42 
54 15 71 57 45 48 58 15 71 57 
65 63 53 85 84 54 15 71 57 45 
48 58 25 82 58 15 71 57 85 84 
54 15 71 57 a5 85 48 45 85 28 
52 85 48 5a 84 58 84 58 48 45 
85 84 58 84 58 48 28 a2 45 8a 
28 a2 54 5a 85 84 54 15 71 57 
45 48 58 25 82 58 15 71 57 85 
84 54 15 71 57 35 36 56 45 48 
58 15 71 57 85 84 54 25 42 54 
15 71 57 45 48 58 15 71 57 a5 
45 8a 28 a2 54 8a 84 85 48 85 
48 58 54 84 24 a2 85 48 45 85 
48 3a 13 71 37 53 84 58 38 53 
45 34 83 85 48 35 43 83 58 53 
83 58 54 35 84 38 58 35 43 54 
85 83 48 53 45 85 38 35 85 48 
46 86 38 36 53 5h 86 28 25 35 
a3 43 8a 58 56 86 48 4h 4h 43 
48 54 58 15 48 14 54 25 2h 6h 
4h 6h 4h 6h 1h 84 8h 1h 81 46 
24 18 21 2h ah 7h 7h 6h 7h 8h 
6h 7h 8h 2h 7h 6h 1h 3h 3h 6h 
7h 7h 7h 6h 6h 4h 6h 7h 6h 7h 
6h 78 7h 3h 7h 7h 5h 8h 
