1
36 25 1a 71 a7 5a 52 a2 6a 64 
63 6h 65 65 62 16 12 62 16 a4 
1a 14 13 a4 5a 63 56 a6 5a 53 
5h 53 57 87 a5 6a 65 86 a5 85 
82 8h 45 2a 26 84 28 21 81 61 
a1 48 6a 46 56 54 64 65 76 85 
78 68 46 54 65 a6 4a 54 a5 8a 
87 38 a7 83 48 54 85 48 1a 16 
84 68 a8 4a 54 a5 1a 61 46 54 
65 86 81 38 61 36 86 48 54 85 
68 63 46 83 48 58 54 84 85 38 
45 83 48 58 54 84 85 65 28 26 
86 24 26 a6 45 38 54 4a 83 48 
54 85 a5 38 54 1a 45 16 83 54 
a6 45 38 54 4a 83 48 54 85 a5 
58 3a 85 38 54 a8 45 7a 72 54 
a2 45 6a 61 54 a1 45 8a 83 54 
a3 45 38 54 4a 83 48 54 85 a5 
38 54 1a 45 16 83 54 a6 45 48 
7a 84 54 78 45 73 71 7h 2h 75 
61 6h ah 37 4a 73 47 a7 8a 18 
16 86 18 1h 15 61 68 18 61 65 
15 81 85 15 71 74 14 37 31 71 
57 58 78 17 13 73 81 87 17 51 
85 78 71 81 37 38 78 17 15 75 
87 83 73 28 27 87 23 a3 38 4a 
83 48 a8 7a 73 a3 37 4a 73 47 
a7 1a 81 87 17 38 31 81 a8 1a 
13 a3 31 4a 47 13 61 67 17 36 
31 61 36 34 64 16 14 64 31 36 
16 31 32 12 61 62 12 36 31 61 
56 58 68 16 13 63 41 46 16 41 
42 12 61 62 12 36 31 61 36 31 
3h 5h 43 41 4h 4h 4h 57 5h 3h 
31 34 3h 8h 8h 2h 8h 2h 7h 2h 
7h 7h 1h 7h 1h 7h 7h 2h 2h 5h 
2h 5h 2h 2h 7h 5h 1h 1h 5h 2h 
7h 2h 5h 1h 5h 5h 6h 4h ah 
