1
2a 54 24 74 76 78 7h 83 13 71 
72 37 38 78 17 12 72 87 83 13 
18 78 47 16 1h 74 37 a6 83 78 
47 8a 74 67 16 81 31 38 18 13 
41 83 14 61 76 a8 47 6a 74 16 
37 31 71 57 56 75 47 36 74 87 
18 16 41 76 47 17 41 43 13 61 
86 18 71 73 47 13 61 86 18 51 
53 5h 13 61 86 18 61 54 65 15 
a1 6a 61 a1 7a 87 81 71 67 64 
74 57 58 45 46 78 47 67 64 57 
85 18 51 65 45 a6 54 8a 18 a1 
45 7a 75 74 67 6h 62 68 54 a4 
81 6a 6h 7h 3h 3h 1h 46 47 67 
46 54 65 86 18 61 46 54 65 76 
75 47 65 46 76 17 a4 81 78 47 
8a 18 74 17 a7 8a 81 71 78 47 
18 74 17 a7 1a 15 a5 8a 85 75 
78 57 a5 78 37 7a 37 a7 8a 58 
a5 3a 32 a2 8a 58 a5 7a 72 47 
a2 74 87 58 75 87 1a 41 58 75 
87 14 81 71 87 8h 78 17 18 41 
78 47 4h 5h 48 4h 84 85 45 84 
17 81 41 84 82 85 8h 18 14 31 
3h 8h 38 3h 13 a1 8a 48 41 34 
81 38 34 13 a4 31 43 4a 48 14 
a8 38 13 43 84 3a 48 24 31 23 
43 14 28 2h 2h 4h ah 34 38 23 
2h 48 64 3a 83 27 38 23 46 74 
43 74 34 37 23 2h 8h 2h 2h 5h 
8h 5h 8h 5h 8h 5h 8h 8h 1h 4h 
4h 5h 5h 8h ah 5h 2h 6h 3h 6h 
5h 7h 5h 7h 5h 
