1
7h 5h 58 1a 74 57 61 a5 8a 82 
a2 7a 47 a4 5a 51 54 54 75 a1 
4a 45 47 57 54 a7 25 2a 27 82 
a7 4a 57 85 8h a4 84 2a 25 2h 
35 82 a8 6a 62 63 65 a6 8a 68 
65 a6 5a 56 a6 86 7a 78 a8 7a 
74 a4 8a 84 18 a4 8a 18 13 83 
a3 5a 58 a8 5a 15 17 1h 15 4h 
13 a3 4a 47 a7 8a 83 28 a3 82 
48 2a 84 28 a8 2a 25 15 21 24 
62 74 26 72 42 47 27 24 82 81 
48 78 21 42 87 82 68 6h 72 6h 
27 2h 24 72 74 24 72 6h 46 42 
62 76 6h 46 47 67 26 27 67 46 
2h 72 64 76 26 72 74 24 62 64 
76 24 72 62 76 71 37 3h 2h 21 
72 73 47 23 42 72 a7 8a 28 24 
12 84 18 28 12 17 27 82 87 48 
27 42 82 a8 2a 24 72 a4 27 52 
8a 58 28 52 56 45 26 42 52 85 
86 28 24 72 56 35 27 42 82 48 
53 25 28 42 58 45 25 a2 5a 57 
45 75 a5 2a 42 a4 2a 52 57 27 
a2 5a 35 32 52 45 3h 36 6h 54 
85 ah 58 45 5a 45 48 41 8h 3h 
63 a5 36 4a 42 54 52 85 42 84 
87 18 63 47 24 57 25 45 24 81 
58 36 85 28 48 54 63 45 64 34 
36 46 43 54 63 45 84 82 58 36 
85 18 42 54 52 75 42 74 81 78 
48 74 58 75 45 74 7h 63 a7 47 
24 4a 24 4h 84 36 48 24 3h 42 
54 57 85 47 84 54 25 87 48 47 
24 87 28 48 14 58 65 41 34 64 
63 43 53 85 46 84 54 75 7h 82 
48 42 14 82 78 41 74 84 38 36 
86 48 47 24 87 28 48 a4 5a 85 
82 18 52 75 81 78 58 65 63 53 
85 87 28 57 25 85 a8 5a 52 15 
a2 51 75 5a 75 a5 3a 36 a6 5a 
57 25 a7 52 15 4a 64 51 35 65 
63 53 56 35 45 64 36 43 a4 8a 
58 56 35 65 63 53 56 35 85 a8 
5a 56 15 a6 51 75 3a 57 35 a5 
8a 38 31 1h 5h 58 15 13 21 53 
25 15 a1 4a 54 52 75 42 74 54 
a5 1a 41 47 64 17 61 68 18 21 
48 24 14 a1 5a 45 42 74 52 75 
45 a4 1a 51 57 65 17 31 56 35 
15 31 3h 38 4h 24 2h ah 4a 24 
28 52 48 74 25 62 7h 26 52 51 
75 21 72 52 75 71 51 25 21 62 
7h 73 17 57 15 26 72 75 17 13 
73 57 27 62 53 15 2h 72 73 87 
23 82 72 87 51 25 27 82 7h 72 
17 ah 71 27 28 32 4a 14 23 82 
72 87 41 24 27 12 47 84 21 82 
42 74 ah 47 24 26 72 68 5a 75 
25 82 42 54 57 15 ah 51 75 45 
24 74 57 54 15 74 37 26 32 72 
47 68 2a 23 82 74 37 26 32 72 
47 68 2h 74 87 23 42 51 45 25 
42 47 54 52 15 2h 51 75 25 12 
76 37 3h 68 32 31 1h 86 8h 58 
56 25 86 52 3h 28 65 63 53 65 
82 38 35 23 85 32 ah 58 53 83 
28 21 32 56 15 36 26 85 4a 53 
62 68 64 84 24 35 ah 48 7a 52 
43 83 46 25 ah 37 58 64 34 74 
85 5a 42 43 51 34 24 4h 17 4h 
46 7h 68 6h ah 8a ah 1a ah 
