1
46 31 84 3a 3h 8h 68 6h ah 31 
3a 3h 8h a8 32 5a 53 52 65 67 
68 63 67 26 8h 62 76 6h 26 7h 
62 36 32 53 a2 35 23 62 16 6a 
16 a6 2a 32 13 14 21 a2 6a 63 
16 a3 21 73 62 76 73 2a 12 7h 
75 5h 21 75 27 17 12 72 1h 27 
61 26 76 72 67 a6 72 47 2a 74 
27 67 62 76 a2 67 46 4a 41 a1 
61 56 8a 86 a6 2a 72 a7 5a 58 
a8 2a 25 75 72 57 a5 72 67 7a 
67 68 26 78 27 57 52 62 46 a8 
2a 25 75 72 57 a5 72 37 6a 26 
73 27 57 52 62 46 47 54 5h 25 
24 54 25 74 52 75 45 47 42 57 
52 15 61 26 76 72 62 67 16 51 
75 74 37 54 35 24 75 17 61 56 
53 25 63 26 56 a5 46 4a 42 a2 
62 7a 27 76 17 a1 62 7a 27 76 
27 24 74 27 64 72 67 47 46 42 
76 72 17 15 75 27 24 74 27 64 
72 67 47 46 76 74 27 64 72 67 
62 56 72 47 72 37 a5 24 73 27 
47 42 72 74 27 74 37 1a 73 57 
65 16 a6 42 7a 27 74 27 47 42 
72 74 27 74 17 16 17 61 51 56 
42 a6 1a 15 41 21 24 14 a5 1a 
21 a1 41 4a 42 a2 12 1a 14 21 
24 14 31 a2 13 21 41 42 12 14 
21 14 51 5a 42 57 45 a7 25 24 
17 21 41 51 54 25 14 52 15 45 
41 51 54 35 5a 35 a5 14 1a 12 
51 53 25 13 21 51 25 a1 41 52 
45 15 14 54 51 45 4a 51 45 42 
52 45 4h 24 25 45 24 a5 15 42 
54 3a 41 34 a4 15 6a 76 a7 51 
4a 43 84 a3 48 34 2a 43 84 15 
48 14 54 51 41 45 84 a2 15 1a 
48 14 12 31 42 34 14 21 a1 51 
4a 43 24 15 42 14 12 31 42 34 
14 51 a4 15 21 51 52 12 15 21 
15 41 2a 14 21 a1 51 3a 31 23 
a1 32 43 2a 34 23 a3 5a 53 a3 
5a 52 45 a2 54 25 4a 52 45 41 
24 51 25 45 24 a1 3a 35 a5 3a 
34 83 a4 38 13 3a 13 a3 1a 12 
a2 3a 32 83 8h a2 3a 13 15 35 
13 14 21 34 23 13 21 25 15 31 
35 23 26 15 81 82 8h 12 81 16 
81 38 63 67 37 83 84 28 34 23 
27 83 28 26 2h ah 5h 3h 5h 3h 
5h 5h 5h 6h 7h 7h 5h 5h 6h 5h 
6h 5h 4h 7h 4h 7h 4h 7h 7h 7h 
8h 4h 6h 5h 1h 4h 6h 4h 7h 4h 

