1
1h 1h 4a 4h 76 82 17 1h a4 5a 
51 a5 8a 87 81 a8 5a 51 a1 5a 
51 53 85 81 51 86 75 78 74 58 
75 a7 47 5a 45 75 74 54 57 a5 
47 8a 87 a7 78 5a 87 35 38 37 
34 58 75 65 67 57 56 76 35 35 
34 32 73 63 67 64 6h 6h ah 2h 
37 34 13 7a 31 73 47 34 23 a4 
36 13 7a 31 73 62 37 43 47 26 
37 43 a3 73 62 7a 74 26 a4 34 
3a 62 37 43 a7 26 34 63 1a 32 
13 15 35 13 a5 26 31 63 7a 32 
43 47 26 37 43 a3 73 62 7a 74 
26 a4 34 3a 62 37 43 a7 26 34 
53 1a 35 13 a3 62 1a 18 26 a8 
62 1a 1h 15 71 41 47 26 2h 74 
14 17 41 17 41 71 74 14 17 31 
38 73 43 18 71 41 47 31 37 a3 
52 7a 74 25 a4 14 52 1a 25 17 
61 a7 16 71 41 47 17 14 51 6a 
74 12 61 62 6h 4h 8h 46 a1 64 
86 5a 68 76 47 64 56 a6 7a 47 
a4 2a 26 a6 7a 47 a4 5a 58 a8 
7a 47 a4 6a 62 a2 7a 47 a4 6a 
68 46 a8 64 16 7a 61 26 28 68 
46 a4 67 26 5a 25 a5 6a 16 21 
2h 1h ah 61 23 76 47 64 16 7a 
61 56 53 75 45 63 76 46 56 54 
15 a4 51 75 1a 57 45 64 56 75 
a1 57 15 7a 51 75 a5 7a 76 7h 
67 8h 74 67 1h 76 a7 46 1a 51 
57 45 65 64 17 61 41 46 47 51 
56 45 16 54 15 17 41 57 45 67 
15 41 47 a7 4a 4h 74 8h 47 4h 
64 2h 62 42 34 65 36 8h 46 24 
25 32 7h 45 64 62 56 42 54 64 
26 8h 62 86 7h 68 46 45 84 82 
42 54 64 76 6h 46 45 24 65 26 
46 24 82 48 64 62 56 42 54 64 
26 28 68 46 45 74 4h 24 67 56 
42 54 64 76 2h 67 46 45 24 65 
86 42 74 6h 26 47 54 62 56 46 
24 23 52 51 35 45 64 62 56 42 
14 65 76 6h 26 41 84 85 45 24 
64 56 21 82 52 62 46 41 24 61 
26 46 54 25 62 64 16 45 25 12 
62 56 48 14 58 68 26 24 12 74 
67 46 21 82 85 25 42 62 56 41 
84 54 58 48 68 16 53 15 65 86 
84 64 26 25 42 65 46 26 32 42 
64 62 56 42 54 64 26 28 68 46 
45 24 75 67 56 42 54 64 86 6h 
46 45 24 65 86 82 48 74 4h 24 
57 68 56 42 54 64 26 23 42 63 
86 63 86 45 84 25 82 42 54 62 
36 62 36 45 34 64 26 64 26 38 
23 38 53 68 46 68 46 35 83 75 
38 73 64 56 57 67 46 42 54 62 
86 62 86 45 84 35 23 36 23 34 
23 6h 63 46 42 84 75 48 74 28 
38 54 32 83 68 76 56 46 45 64 
45 64 67 26 47 54 47 84 46 84 
64 75 68 56 38 67 5h 53 86 82 
51 25 31 83 45 28 64 4h 52 16 
24 12 45 43 54 43 74 58 35 58 
75 45 34 62 76 27 62 56 52 85 
62 86 56 85 43 74 58 65 71 38 
58 25 41 24 54 25 63 46 45 34 
12 52 62 86 51 25 64 26 61 5h 
26 15 48 12 52 15 65 26 65 26 
43 54 52 83 42 84 34 51 25 61 
86 5h 45 53 25 46 34 46 34 52 
65 63 53 25 68 16 51 85 62 36 
45 63 5h 34 36 58 15 21 63 16 
43 14 64 36 52 85 35 65 46 41 
54 61 56 38 46 6h 23 14 42 14 
34 83 63 26 58 45 38 54 62 4h 
25 86 41 84 17 21 72 51 48 63 
27 85 3h 14 16 72 58 21 67 47 
3h 15 82 76 74 57 67 28 41 73 
3h 15 76 57 61 1h 82 74 41 2h 
13 37 1h 75 5h 8h 7h ah 
