1
78 76 4a 46 a6 8a 84 83 86 a4 
3a 82 54 86 82 a3 1a 51 a8 1a 
12 51 31 a2 5a 51 85 28 27 87 
58 56 15 13 86 48 53 15 84 a8 
5a 25 a1 4a 52 45 84 a5 4a 48 
a8 1a 46 58 a1 5a 75 72 52 35 
31 51 35 73 78 74 8h 7h a7 5a 
25 23 53 a5 87 8a 86 a8 78 76 
2a 37 86 a2 7a 27 37 a7 68 32 
7a 72 73 86 23 67 a3 8a 18 15 
85 76 a8 37 32 8a 28 78 27 32 
73 a7 67 8a 82 78 a2 8a 68 a8 
76 17 1a 86 1h 8h a8 5a 78 58 
47 a8 2a 23 74 a3 27 5a 85 72 
87 57 85 a8 5a 85 a8 3a 32 a2 
5a 85 a8 5a 75 78 27 58 25 75 
27 32 73 57 53 25 35 75 a7 32 
8a 87 23 a7 32 5a 23 53 52 85 
a3 58 25 8a 52 35 32 52 75 a8 
57 85 7a 75 a5 78 27 6a 72 57 
58 78 67 a7 61 5a 65 15 16 56 
a1 65 7a 75 87 81 71 57 56 76 
87 a6 78 27 23 73 87 5a 25 78 
27 57 15 18 58 35 37 57 85 81 
51 35 32 3h 3h ah 52 85 8h 28 
5a 25 85 28 25 2h 1h 21 2h ah 
35 37 35 23 25 42 43 23 12 57 
21 42 4h 6h 1h 75 1a 43 14 15 
1h 31 45 34 14 31 a5 13 41 43 
74 13 71 41 74 1a 14 31 a4 13 
41 4a 47 64 6h a7 17 61 4a 64 
14 31 61 63 13 16 41 43 74 13 
71 41 a4 1a 17 31 a7 13 71 3a 
17 31 36 16 31 a6 13 51 4a 54 
14 51 57 5h 17 41 47 34 17 31 
41 a4 1a 13 71 a3 17 31 8a 58 
13 51 81 a8 4a 14 15 61 45 64 
14 31 61 63 13 16 41 43 74 13 
71 41 a4 1a 17 31 a7 13 71 3a 
17 31 36 16 31 a6 13 51 4a 54 
14 51 58 45 41 34 51 35 45 a4 
5a 53 15 a3 51 35 1a 53 15 18 
31 58 35 15 31 a8 13 51 53 75 
13 71 51 35 1a 53 75 15 31 a5 
13 51 4a 54 14 71 78 18 41 45 
84 15 71 48 74 14 81 84 14 81 
87 17 41 47 17 41 48 54 18 51 
41 34 57 15 17 31 41 74 54 a5 
4a 47 14 13 71 43 74 14 31 a4 
13 41 4a 47 34 a7 17 31 41 34 
1a 14 71 a4 17 61 5a 65 15 41 
61 64 14 16 51 54 75 14 71 51 
a5 1a 17 41 a7 14 71 4a 17 41 
46 16 41 a6 14 71 5a 45 17 41 
43 84 13 61 48 64 65 45 34 15 
31 41 54 61 6h 45 14 16 46 54 
13 51 56 16 31 46 74 13 71 41 
a4 1a 17 31 a7 13 61 1a 61 65 
15 31 a5 13 51 2a 52 12 61 51 
56 25 21 32 51 75 23 72 52 65 
63 53 25 27 12 57 15 13 53 75 
23 72 52 a5 4a 24 27 32 47 34 
31 41 34 21 72 36 46 34 27 82 
43 84 24 62 63 23 42 48 28 a4 
12 2a 12 13 23 72 a3 27 32 1a 
71 23 82 17 81 21 a2 4a 14 18 
61 48 64 65 45 34 3h 15 31 12 
61 62 42 34 35 45 24 61 6h 6h 
ah 7h 4h 7h 2h 7h 2h 2h 7h 7h 
8h 3h 5h 7h 7h 5h 8h 3h 8h 8h 
5h 7h 5h 7h 5h 5h 6h 1h 8h 1h 

