2
6h 6a 6b 68 67 68 76 b6 7b 74 
72 78 a7 4a 42 a2 3a 74 73 7h 
27 43 72 b7 34 6b 67 56 54 52 
b7 6b 16 17 12 b2 37 4b 73 43 
47 37 b7 6b 76 73 63 76 74 64 
26 71 62 36 34 64 26 17 62 16 
76 71 61 67 46 43 63 46 41 61 
36 31 61 76 46 74 67 64 56 74 
57 5h 35 34 54 25 23 53 15 14 
54 35 32 52 85 68 26 23 63 46 
41 61 36 32 62 a6 76 27 23 73 
27 6a 72 37 32 72 17 14 74 27 
23 73 27 a6 72 67 2a 76 27 a7 
5a 75 72 37 35 75 87 a8 5a 53 
52 35 a5 7a 57 52 65 72 87 56 
85 a5 2a 23 a3 4a 41 a1 5a 75 
37 32 72 b7 2b 23 b3 1b 14 b4 
3b 32 b2 5b 58 25 23 53 25 b8 
52 65 2b 56 25 b5 2b 27 b7 2b 
23 21 41 4h 6h 63 16 14 64 56 
57 35 67 36 56 35 37 57 65 67 
16 57 15 65 86 82 62 56 51 25 
61 86 52 85 65 26 25 65 46 41 
61 56 52 62 a6 2a 62 b6 2b 25 
a5 3a 3h 83 8h 1h 14 86 85 82 
38 3h 36 41 4h 7h 73 b2 52 8b 
28 37 85 28 58 52 82 85 28 85 
18 14 1h 1h 7h 1h 7h 7h 84 28 
15 31 23 83 18 17 87 28 16 21 
27 2h 52 a6 53 1a 31 21 32 38 
13 12 81 51 21 25 42 4h 31 53 
58 38 13 18 38 13 15 81 35 83 
35 43 15 41 31 83 45 4h 6h 4h 
6h 8h 4h 4h bh 2h ah 1h 1h 7h 
5h 7h 5h 7h 5h 5h 7h 3h 6h 6h 
7h 5h 5h 5h 6h 7h 8h 7h 4h 7h 

