1
4h 2h 75 4a 41 42 64 68 a1 4a 
43 45 a3 1a 42 14 a4 1a 12 18 
61 a6 4a 27 81 46 a6 7a 24 18 
72 57 a2 81 4a 75 84 14 18 57 
48 41 54 52 42 72 a5 81 24 2a 
47 24 25 45 a5 75 64 57 2a 46 
24 21 23 2h 41 a1 75 64 57 2a 
2h 46 a4 24 75 12 57 2a 12 75 
a2 57 1a 18 75 a8 57 2a 28 a8 
75 52 5a 27 52 58 28 a8 78 42 
3a 24 87 32 78 a2 87 3a 36 83 
73 78 7h 38 a6 83 2a 26 38 a6 
83 62 38 8a 26 82 38 23 a3 82 
8a 85 32 a5 23 25 35 82 1a 28 
12 53 a2 35 1a 17 1h 53 a7 35 
61 53 6a 67 35 a7 17 53 61 35 
8a 16 81 53 a1 35 8a 82 53 a2 
35 1a 12 a2 53 81 7a 18 71 76 
16 35 a6 53 41 35 4a 53 54 34 
35 45 43 53 a4 14 35 51 1a 31 
a1 53 5a 52 a2 13 12 32 51 23 
1a 32 51 23 a1 51 5h 5h 57 32 
65 67 57 23 65 32 8a 56 23 85 
32 a5 23 8a 86 87 83 8h a3 68 
7a 86 78 a8 6a 76 a7 4a 4h 64 
76 47 84 87 47 18 14 84 78 76 
86 28 24 84 68 67 87 28 21 81 
78 76 86 48 41 81 68 67 87 48 
42 82 64 78 74 84 68 78 76 86 
87 67 48 47 46 76 86 74 68 64 
84 78 68 67 87 86 76 48 67 47 
46 76 86 74 78 48 64 68 48 64 
67 47 84 87 47 14 12 42 74 78 
48 74 76 46 84 86 46 84 87 47 
68 67 87 64 68 48 74 78 48 74 
76 46 84 86 46 84 87 47 68 67 
87 64 78 74 84 68 78 76 86 87 
67 48 47 46 76 86 14 18 48 64 
67 47 24 28 48 74 76 46 24 21 
41 64 67 47 84 81 41 74 76 46 
84 82 42 78 64 68 48 74 64 67 
47 46 76 84 86 87 67 47 68 64 
84 78 74 84 78 76 86 48 46 86 
48 47 87 64 67 47 68 64 84 78 
74 84 78 76 86 48 46 86 18 12 
82 68 64 84 68 67 87 48 47 87 
48 46 86 74 76 46 38 34 84 32 
3h 31 68 67 87 48 42 82 64 78 
74 84 68 78 76 86 87 67 48 47 
87 46 28 24 84 78 76 86 28 21 
2h 81 68 67 6h 87 48 41 81 64 
68 48 64 63 43 84 83 43 68 64 
6h 6h 1h 1h ah 1h 7h 7h 84 76 
78 63 76 86 36 78 74 7h 1h 1h 
6h 1h 6h 1h 6h 1h 8h 37 36 34 
64 74 31 38 3h 3h 1h 2h 4h 2h 
4h 2h 4h 2h 4h 5h 2h 8h 2h 3h 
3h 4h 5h 4h 2h 
