1
1h 3a 41 4h 4h 5h 74 52 a1 7a 
76 56 76 56 5h 5h 85 8h 8h 5h 
83 85 8h 78 7h 21 27 27 42 54 
a5 3a 36 a6 3a 35 32 38 3h 13 
71 37 24 a3 8a 85 a5 42 68 63 
83 68 65 85 38 35 85 24 3a 18 
71 87 23 43 42 32 34 24 28 23 
83 28 25 26 25 a6 8a 32 68 42 
43 23 24 86 72 34 17 21 43 68 
34 62 82 43 78 34 17 81 43 a8 
34 3a 38 a8 48 63 84 2a 23 48 
a3 84 82 2a 82 a2 42 8a 24 28 
48 42 82 84 24 78 17 81 42 48 
28 24 84 82 42 a8 24 2a 28 a8 
48 62 84 2a 82 42 48 28 24 84 
a6 48 32 84 3a 36 48 a6 26 83 
62 3a 26 83 48 34 a4 1a 12 13 
23 62 73 26 82 42 48 28 24 82 
a7 28 72 7a 67 84 76 87 47 48 
78 74 67 84 76 37 23 12 13 18 
16 17 12 61 a2 16 81 48 14 61 
1a 61 a1 8a 48 a4 1a 16 71 72 
67 12 61 71 67 a1 76 87 48 74 
17 7a 17 16 81 76 87 17 61 a1 
7a 78 47 a8 74 67 7a 67 a7 8a 
48 a4 1a 17 61 a7 16 81 48 14 
61 1a 61 56 a1 65 6a 6h 5h 4h 
84 ah 48 6a 63 65 86 64 86 83 
63 76 82 78 68 76 71 87 86 38 
76 37 87 48 7h 84 68 72 37 86 
38 78 27 6h 78 67 61 86 62 86 
71 37 68 36 76 87 86 18 76 17 
87 68 28 26 86 82 78 71 67 72 
67 81 68 78 67 63 86 87 38 67 
16 83 28 7h 82 38 1h 83 78 73 
17 83 18 78 37 5h 73 87 81 38 
71 37 87 38 4h 83 78 42 87 48 
28 4h 82 8h 78 73 17 83 18 78 
37 3h 4h 14 81 84 58 8h 38 14 
51 83 58 18 31 8h 86 48 65 13 
41 81 58 5h 86 18 14 61 65 36 
15 41 81 48 63 16 18 51 8h 84 
58 56 86 48 2h 84 68 65 85 48 
1h 31 84 58 13 51 81 38 3h 13 
16 51 61 31 43 65 16 15 34 53 
63 46 4h 34 31 53 41 54 34 13 
14 34 53 65 46 41 61 46 43 14 
63 16 46 34 13 61 63 13 2h 36 
31 61 36 43 14 16 31 46 34 14 
61 64 14 51 35 43 46 36 43 41 
64 31 63 43 14 61 36 34 53 41 
61 26 35 23 63 56 72 37 72 17 
65 16 76 17 41 64 67 16 47 14 
64 76 74 64 56 15 41 47 17 41 
46 74 16 71 41 64 76 27 7h 17 
14 61 74 67 17 41 47 17 51 65 
76 74 64 76 71 47 46 76 57 41 
64 61 41 24 75 27 47 54 3h 73 
78 17 38 13 73 87 82 72 37 36 
13 76 17 37 63 67 45 74 34 73 
67 46 47 67 3h 74 56 23 47 24 
15 34 8h 41 73 78 38 73 14 81 
83 48 13 51 76 27 61 47 34 87 
38 48 74 31 23 8h 81 78 48 14 
65 16 46 84 87 68 15 32 73 86 
58 43 64 68 56 72 87 86 28 15 
21 65 75 37 45 73 81 54 4h 37 
18 54 73 57 47 34 38 73 48 54 
65 37 12 56 45 83 3h 71 54 23 
17 81 83 78 13 87 65 31 1h 78 
36 51 87 45 63 7h 58 15 78 3h 
84 56 85 45 32 6h 51 57 28 17 
82 7h 24 75 42 5h 23 3h 5h 2h 
ah 
