2
2h 46 5a 82 8b 8h b8 6b 65 82 
86 b5 7b a5 85 26 87 2a 28 a8 
2a 25 a8 2a 24 28 72 78 28 b2 
72 72 7b 74 a7 5a 57 a7 27 2a 
25 a5 75 6a 62 a2 6a 6h bh 3b 
57 5h bh 3b 38 b3 7b 75 b5 7b 
7h a7 2a 27 82 a7 2a 82 a2 8a 
87 a7 2a 27 a7 5a 52 a2 5a b5 
2b 25 62 b5 6b 6h ah 2a 16 12 
62 16 12 14 a6 3a 36 a6 1a 13 
73 a1 4a 41 a1 4a 42 a2 4a 43 
4h 6h a4 24 1a 14 12 42 a2 3a 
37 a7 31 3a 32 3h a3 13 21 2h 
3h 4h 1a b1 4b 41 48 38 b1 64 
63 43 54 67 16 4b 34 37 53 47 
54 34 53 61 46 43 54 63 56 46 
54 b3 6b 64 56 42 b2 5b 5h 5h 
35 5h 35 5h 35 32 13 52 15 35 
83 16 21 7h 12 51 56 85 35 83 
16 51 53 25 5h 35 15 81 31 53 
51 25 31 23 24 34 13 54 15 35 
43 4h 42 7h 24 3h 53 7h 42 35 
13 18 51 53 85 13 21 58 25 15 
81 42 54 42 34 18 31 41 84 34 
23 7h 32 43 48 14 13 81 25 18 
21 51 52 15 52 35 45 84 34 23 
3h 43 7h 34 73 3h 43 2h 12 51 
75 17 51 53 25 13 21 51 35 48 
24 73 57 15 14 31 54 35 15 41 
46 16 21 38 53 58 25 78 15 71 
81 87 37 83 1h 13 51 41 34 52 
85 43 74 3h 47 14 35 63 12 51 
42 64 34 23 62 36 43 42 74 32 
73 15 71 57 31 23 41 24 34 13 
17 37 43 42 64 24 26 46 36 23 
43 24 15 61 6h 42 74 7h 6h 36 
32 63 2h 36 53 58 75 37 83 53 
25 3h 38 73 52 37 ah 25 73 38 
73 52 65 62 52 85 53 85 35 1a 
51 58 65 87 17 21 56 25 15 21 
73 62 16 51 52 35 78 26 16 81 
51 25 37 63 52 65 5h 75 5h 65 
2h 56 8h 15 68 17 86 7h 61 12 
6h 28 2h bh 4b ah 3a bh 5b ah 
8a bh 7b ah bh 
