1
43 5a 71 51 35 75 76 7h 71 75 
87 84 86 74 27 28 78 28 37 32 
72 a3 67 65 75 47 4a 45 a5 75 
2a 27 a7 2a 24 21 2h 32 34 24 
62 67 34 23 63 72 76 26 a2 72 
37 3a 36 a6 8a 76 87 a7 8a 84 
13 a4 1a 17 a7 37 1a 14 13 3h 
73 5h 37 a4 73 1a 81 37 8h 18 
73 81 48 7h 84 38 37 87 18 35 
13 14 83 18 1h 41 7h 71 7h 8h 
78 5h 47 84 18 14 71 41 47 81 
48 78 74 17 18 78 47 17 81 87 
17 81 84 68 4h 86 48 6h 84 78 
71 81 48 4h a4 84 18 17 87 48 
1a 41 81 a8 7a 78 a8 7a 71 47 
a1 74 87 81 71 47 4a 43 a3 73 
47 4a 4h 34 8h 48 83 a8 78 17 
7a 17 a7 34 3a 38 a8 48 7a 71 
87 a1 78 57 7a 57 a7 84 5a 56 
a6 48 7a 76 47 87 a6 78 4a 87 
4h 54 5h 78 7h 57 52 72 67 53 
76 17 1h 5h 7h 67 7h 67 7h 67 
64 74 67 62 72 67 1h 76 17 7h 
67 4h 42 76 17 18 61 78 67 65 
17 61 62 76 75 87 65 86 76 57 
6h 61 56 18 76 87 2h 24 4h 71 
57 1h 75 67 65 86 18 51 71 57 
2h 42 14 17 81 68 76 46 34 1h 
61 67 86 17 81 61 76 43 74 75 
87 45 14 17 51 47 54 61 76 73 
63 86 45 14 15 21 45 24 14 51 
76 57 27 12 41 47 54 72 12 31 
ah 13 71 74 67 68 46 16 31 37 
17 61 64 76 14 71 61 46 78 47 
45 84 75 87 47 54 1a 17 51 73 
41 74 78 17 15 31 75 37 17 81 
41 54 13 73 45 24 65 36 25 45 
34 71 27 13 41 24 74 17 63 26 
18 41 46 54 16 51 41 64 78 17 
14 61 74 57 16 51 71 47 41 71 
67 75 87 45 14 15 45 84 62 16 
12 51 62 56 16 51 74 67 61 56 
12 72 57 67 46 36 34 64 63 46 
63 46 48 74 14 81 61 36 4h 47 
14 64 36 38 7h 46 41 64 41 84 
64 16 64 16 18 41 16 41 61 64 
16 64 86 63 26 13 41 13 21 61 
46 75 27 64 26 65 36 75 27 1h 
63 56 34 72 57 43 67 46 17 51 
25 48 74 68 76 46 54 74 67 64 
86 74 87 67 46 37 6h 46 41 61 
76 63 76 45 14 67 16 46 34 52 
4h 64 61 26 65 36 73 67 16 46 
74 52 15 61 65 26 37 43 74 62 
56 16 21 52 15 61 65 36 38 68 
56 16 51 47 64 61 86 12 42 74 
67 86 15 46 6h 71 54 68 26 24 
64 86 17 21 68 46 41 78 45 84 
73 57 43 14 72 64 38 25 5h 87 
86 15 31 76 47 52 42 64 72 63 
18 43 8h 27 26 21 34 76 37 47 
64 61 76 41 67 8h 14 1h 76 73 
63 12 ah 28 37 36 85 63 73 4a 
51 38 36 86 12 ah 67 24 63 42 
7a 28 31 85 13 2h 36 6h 54 5h 
ah 4a ah 3a ah 
