1
1h 5h 82 75 37 36 8a 78 74 84 
72 76 48 18 a7 8a 84 a4 5a 53 
56 a3 7a 75 a5 8a 78 a7 4a 47 
a7 8a 86 83 82 58 a6 8a 58 a8 
4a 43 a3 6a 54 65 a5 7a 73 a3 
8a 84 38 a4 37 87 5a 56 a6 7a 
38 78 a8 6a 65 a5 73 8a 27 83 
a3 8a 28 78 a7 2a 23 2h a3 7a 
37 31 71 a7 3a 37 a7 5a 56 a6 
1a 17 a7 6a 65 a5 8a 87 48 a7 
8a 28 62 a4 5a 52 56 a2 58 7a 
75 a5 7a 71 a1 7a 73 a3 7a 57 
51 71 a5 2a 37 35 26 75 27 67 
a7 62 5a 53 a3 5a 75 72 52 85 
76 37 58 35 75 27 26 76 57 53 
73 25 27 57 65 67 57 a5 7a 27 
2h 1h 1h 25 35 12 15 25 62 13 
1h 26 52 53 23 12 82 41 4h 4h 
3h 4h 3h 5h 28 2h 48 72 a7 35 
3h 7h 76 26 5a 53 12 18 a3 28 
72 6a 62 a2 67 1a 61 71 76 16 
37 35 61 75 27 16 26 21 32 61 
71 57 52 72 a7 6a 53 a5 6a 67 
a7 3a 57 25 a3 4a 23 53 43 15 
17 57 a5 2a 42 74 71 41 47 64 
65 63 23 72 12 17 27 21 71 62 
62 65 86 17 68 26 25 82 65 36 
a5 63 16 76 71 61 67 86 26 12 
8a 21 82 a2 17 6a 62 76 a2 61 
36 6a 36 a6 17 8a 68 71 86 78 
18 17 87 81 68 63 26 83 18 78 
62 36 71 63 86 87 18 68 16 76 
86 71 81 28 61 82 78 74 84 68 
64 26 84 28 14 82 38 62 46 83 
18 68 36 41 81 84 28 14 82 38 
68 26 41 62 a6 14 8a 83 48 a3 
81 38 2a 83 28 14 82 18 48 41 
81 84 38 a2 83 18 1a 84 18 a8 
48 6a 46 41 61 26 81 62 86 84 
28 64 26 14 62 36 82 48 63 16 
86 38 41 61 64 26 14 62 36 86 
28 41 82 a8 14 6a 63 46 a3 61 
36 7a 27 63 26 76 27 14 72 a7 
41 2a 28 32 a8 23 62 68 16 8a 
64 16 46 41 61 64 36 a8 28 32 
62 16 8a 61 86 a6 14 7a 67 68 
26 78 37 27 32 35 25 72 75 37 
41 25 82 65 86 26 82 73 67 14 
76 87 27 62 41 26 42 12 14 24 
21 62 41 26 72 78 67 14 76 37 
28 62 68 36 28 32 76 87 41 78 
37 27 82 14 28 62 67 86 27 82 
41 28 32 68 36 31 26 32 3h 8h 
8h 3h 83 7h 38 73 3h 83 5h 38 
73 76 87 36 83 73 17 87 38 37 
13 87 18 34 13 83 78 12 71 81 
78 74 17 18 21 7h 87 84 38 74 
67 83 68 78 37 31 63 7h 87 83 
58 8h 58 8h 58 4h 85 18 12 31 
71 47 7h 47 5h 74 17 36 23 83 
68 18 41 1h 51 1h 51 57 17 31 
32 73 12 71 31 23 78 27 1h 18 
51 81 72 57 87 17 18 71 18 71 
81 75 27 85 37 83 5h 38 13 18 
51 81 85 15 35 73 18 41 72 87 
32 43 13 21 78 27 47 14 31 37 
53 74 14 71 35 83 72 57 12 51 
71 27 38 23 7h 17 18 51 78 57 
17 41 1h 71 32 83 17 81 31 23 
1h 17 81 71 78 18 17 81 32 18 
2h 83 37 8h 71 73 13 41 85 48 
76 47 87 38 17 61 56 31 73 81 
78 38 13 72 87 82 18 72 67 87 
48 37 23 16 21 31 23 24 72 38 
63 1h 18 71 21 82 36 43 83 23 
12 17 31 27 32 84 12 65 2h 78 
71 81 58 23 12 18 41 31 34 83 
23 42 75 86 3h 17 68 35 86 24 
74 1h 63 58 52 47 41 71 36 25 
85 1h 67 53 52 75 35 26 6h 58 
57 76 86 14 6h 63 42 35 24 5h 
47 7h 6h 5h 4h ah 
