1
7h 32 58 54 6a 68 a8 2a 27 a7 
2a 2h 52 5h 1h ah 3a 36 3h 3h 
38 3h 13 12 52 52 a1 8a 85 a5 
3a 83 81 31 a3 6a 26 a2 3a 53 
51 a5 31 23 7a 32 73 a3 6a 26 
a2 7a 7h 3h 5h ah 45 87 54 65 
26 52 45 3a 63 26 54 75 74 32 
43 53 65 26 52 75 78 67 26 72 
37 34 63 26 74 17 32 71 a3 47 
6a 26 74 27 25 75 a7 65 76 47 
3a 63 56 74 57 37 23 53 52 a5 
7a 73 67 a6 8a 73 17 a8 7a 17 
a7 3a 63 a6 1a 14 a4 5a 75 74 
67 36 73 a7 8a 54 35 63 56 a8 
15 7a 17 57 15 12 13 81 83 13 
41 84 87 a8 4a 14 61 62 12 41 
6h 46 47 67 64 61 76 a6 16 4a 
74 a7 61 8a 81 a1 8a 68 67 46 
87 48 68 46 45 65 86 85 48 65 
46 43 86 18 a3 81 28 1a 82 18 
17 87 28 a7 82 38 8a 38 34 84 
28 a4 82 38 32 82 48 1a 21 84 
28 18 21 32 13 81 82 48 12 41 
81 28 23 83 48 83 18 13 21 83 
28 18 a1 8a 82 78 a2 87 28 7a 
82 78 71 81 28 a1 82 18 2a 81 
28 a8 7a 75 a5 8a 82 18 a2 81 
28 1a 82 18 15 85 28 a5 82 38 
8a 38 34 84 28 a4 82 48 1a 41 
81 38 32 82 48 82 18 12 71 82 
78 18 71 76 47 16 41 4h ah 4a 
4h 24 5h 42 84 86 28 46 24 27 
47 24 87 28 48 74 4h 74 78 48 
24 32 43 84 87 47 84 82 78 74 
84 28 78 47 48 78 27 32 73 87 
84 74 87 83 28 73 47 43 73 27 
87 28 4h 24 84 78 74 27 84 28 
2h 24 32 8h 38 34 84 38 24 32 
82 38 2h 28 32 37 83 82 48 32 
43 83 28 5h 82 38 34 23 84 28 
38 43 27 52 3h 83 25 42 38 43 
23 82 87 38 27 42 83 48 28 32 
38 43 28 42 32 73 5h 37 23 24 
82 34 83 87 37 43 27 52 56 26 
42 83 58 24 52 8h 48 3h 38 53 
23 82 84 58 51 65 81 48 28 32 
31 83 21 62 61 21 62 51 65 25 
62 38 53 52 65 3h 23 25 72 2h 
72 8h 35 73 23 52 84 78 74 84 
38 34 53 84 78 23 72 1h 82 38 
35 43 3h 43 1h 34 23 27 52 82 
48 37 23 56 45 85 48 32 53 58 
45 74 57 85 35 23 84 58 54 75 
26 72 36 43 45 42 52 32 63 82 
68 38 23 54 65 3h 83 85 28 35 
23 83 28 27 32 38 53 28 52 32 
83 84 34 73 56 25 26 42 56 45 
43 58 65 83 23 62 52 35 84 68 
34 54 25 28 32 58 45 23 42 52 
35 37 83 1h 38 23 57 45 74 25 
82 35 83 23 52 54 24 72 86 38 
36 43 86 48 42 85 68 52 32 63 
83 28 54 65 24 84 38 35 23 18 
15 85 81 58 81 58 32 53 83 28 
27 32 56 15 13 16 36 56 45 87 
18 38 73 43 47 62 37 57 25 56 
85 25 62 25 62 34 53 32 53 23 
25 32 25 42 36 53 36 53 63 58 
35 68 58 65 61 51 85 53 85 51 
85 31 35 73 86 78 38 53 24 62 
52 85 32 73 47 87 18 57 15 82 
18 58 25 58 25 85 82 52 58 25 
58 25 34 23 53 85 53 85 82 38 
85 38 58 53 85 53 45 82 38 82 
38 31 23 38 23 31 23 81 83 78 
26 72 82 38 36 23 86 78 84 78 
48 25 62 58 38 63 23 82 54 65 
84 24 32 35 83 25 42 38 43 23 
82 87 38 15 83 48 24 52 2h 32 
38 53 84 24 52 87 18 31 73 25 
72 85 48 32 43 83 28 27 32 47 
23 52 84 38 34 53 84 78 23 72 
3h 35 43 82 48 38 43 47 24 8h 
83 78 42 34 42 54 38 23 38 23 
45 84 82 42 54 38 23 38 23 83 
27 12 45 84 2h 52 48 34 48 74 
34 13 35 13 23 42 47 34 27 52 
36 73 26 72 45 84 32 48 2h 83 
84 27 62 56 48 64 38 63 43 84 
25 72 82 42 34 36 23 46 24 87 
34 4h 58 63 35 63 83 78 48 54 
27 32 87 23 45 3h 52 74 36 73 
61 56 15 26 37 48 51 72 8h 63 
64 15 27 56 41 31 8h 62 75 14 
13 21 41 57 36 18 8h 62 14 21 
46 6h 75 13 36 5h 68 81 6h 12 
2h 7h 1h ah 
