1
3h 4h 73 4a 25 a8 24 2a 2h 7h 
26 23 2h 82 83 87 8h 23 42 48 
47 38 64 23 42 45 25 12 48 28 
56 72 84 76 26 48 43 83 52 38 
54 83 24 74 72 71 51 5h 57 52 
53 5h 85 12 58 35 38 58 35 21 
53 75 78 47 58 45 75 87 12 42 
84 74 87 83 73 47 43 84 73 87 
47 54 52 85 42 84 8h 8h 38 54 
35 85 38 37 87 38 34 84 58 57 
35 87 38 58 65 62 52 45 48 58 
45 43 14 53 15 45 74 71 41 74 
78 48 14 18 48 74 73 17 1h 43 
14 1h 2h 13 61 73 67 17 31 27 
13 61 6h 6h 8h 7h 8h 2h 8h 2h 
38 3h 2h 42 34 3h 16 71 72 37 
12 31 71 57 56 35 76 37 37 53 
15 13 61 37 57 35 16 31 51 35 
3h 3h 2h 8h 2h 4h 8h 2h 2h 2h 
8h 8h 6h 7h 6h 7h 6h 7h 7h ah 
63 6h 8h 2h 8h 5h 1h 3h 1h 
