1
3h 8h 23 4a 51 42 81 47 41 43 
4h 45 14 a4 7a 75 a5 75 7a 78 
78 73 47 41 54 71 57 47 a4 7a 
75 17 a5 71 37 4a 34 74 37 35 
3h 3h 75 67 36 31 53 56 36 35 
65 a1 56 53 63 65 35 36 56 13 
5a 31 53 a3 63 7a 36 37 67 63 
73 76 47 43 54 73 57 47 64 67 
47 24 a2 4a 74 76 46 74 75 17 
45 64 71 37 46 34 36 46 54 76 
57 47 34 37 53 47 54 34 53 5h 
2h 2h 52 5h ah 1h 1h 6h 15 1h 
1a 13 a3 5a 15 1h 15 13 18 1h 
82 a3 28 1a 61 67 82 17 51 52 
65 12 61 51 75 71 51 75 76 56 
15 16 56 15 17 61 57 85 67 17 
61 58 65 15 71 75 15 71 76 16 
51 56 16 71 74 14 67 6h 2h 61 
64 14 51 56 16 85 61 46 14 58 
21 28 18 65 46 54 81 85 15 61 
46 14 81 28 12 61 46 14 51 52 
12 65 46 54 81 85 15 61 46 14 
81 84 74 37 38 78 37 32 72 87 
82 72 57 51 71 45 46 56 47 65 
67 57 25 64 28 58 46 75 64 74 
54 76 25 87 85 75 23 27 37 32 
72 53 58 38 27 73 53 25 21 71 
37 35 75 83 87 37 53 51 31 73 
78 38 67 63 73 87 81 71 37 36 
76 23 27 2h 4h 8h 6h 6h 84 37 
68 26 2h ah 1h 4h 63 6a 63 6h 
6h 3h 1h 1h 4h 1h 1h 8h 7h 7h 
3h 2h 4h 5h 4h 1h 4h 1h 4h 1h 
4h 1h 4h ah 
