0
73 86 71 21 86 8h 8h 8h 81 71 
78 74 7h 2h 28 27 2h 2h 7h 57 
56 5h 24 52 53 5h 47 45 48 46 
24 75 78 42 45 48 43 47 4h 58 
28 14 12 42 54 57 65 15 47 64 
14 54 51 25 24 62 54 65 25 82 
87 27 52 56 15 26 42 51 45 41 
51 65 21 62 52 45 42 14 52 15 
45 14 42 14 24 21 41 42 14 42 
54 52 15 42 34 51 35 45 34 37 
47 54 57 15 47 24 51 25 45 14 
24 21 41 42 14 42 54 52 15 42 
74 51 75 45 74 73 43 54 53 15 
43 74 78 48 24 51 25 21 51 35 
41 34 54 35 38 58 45 48 14 58 
15 45 14 42 14 24 21 41 42 14 
42 54 52 15 42 74 51 75 45 64 
76 37 43 54 56 15 46 14 54 15 
16 76 17 76 37 35 75 37 3h 3h 
8h 2h 31 43 41 24 23 21 31 41 
64 32 63 43 14 12 42 34 36 13 
46 14 34 23 24 34 23 21 31 43 
41 31 43 42 64 32 63 43 14 12 
42 34 36 13 46 14 34 23 24 34 
23 21 31 43 41 31 23 25 62 35 
63 23 12 14 24 12 15 25 32 36 
13 26 42 45 25 62 31 63 23 42 
41 64 21 62 42 34 32 63 42 64 
67 61 34 13 53 51 31 35 13 1h 
35 43 47 64 37 63 6h 8h 8h 5h 
8h 1h 8h 1h 5h 16 14 13 1h 2h 
2h 2h 5h 8h 6h 8h 5h 2h 4h 5h 
8h 8h 5h 5h 5h 7h 4h 8h 8h 7h 
3h 3h 7h 5h 7h 
