1
2h 2h 3h 7a 38 38 53 58 51 a6 
76 74 3a 37 36 54 53 43 a7 51 
45 35 34 54 82 53 8a 85 84 54 
15 a4 24 51 75 5a 15 42 51 75 
76 17 56 15 75 71 75 27 a6 72 
47 27 24 74 7a 37 35 75 17 32 
13 73 17 1h ah 5a 51 a1 3a 37 
13 15 35 43 a7 34 83 3a 83 8h 
4h ah 78 3a 43 87 34 83 87 18 
15 87 18 1h 8h 5h 41 48 18 41 
45 15 81 85 48 15 41 4h 81 58 
54 5h 84 18 17 41 87 48 45 85 
48 15 41 4h 1h 4h 5h 7h 51 54 
14 51 57 17 41 47 54 17 51 41 
54 53 15 14 31 54 75 13 71 51 
75 74 54 15 14 31 54 75 13 71 
73 13 41 53 45 15 41 43 13 51 
53 45 13 41 47 64 51 65 6h 1h 
6h 45 34 17 61 21 2h 2h 43 14 
16 51 46 34 3h 5h 25 82 a8 4a 
34 3h 6h 37 3h 3h 68 6h 3h 5h 
85 86 78 56 75 85 78 73 83 58 
53 75 7h 37 87 38 35 85 78 75 
67 85 68 62 82 58 5h 72 57 53 
73 a7 1a 31 35 15 61 6h 3h 63 
6h 7h ah 4h 3h 8h 2h 5h 2h 5h 
2h 5h 1h 2h 6h 2h 
