0
4h 6h 3h 3h 71 85 82 31 85 72 
63 41 72 82 84 64 87 6h 18 16 
86 48 18 14 1h 13 12 41 43 13 
83 14 1h 84 68 63 64 61 46 12 
83 48 68 36 38 68 21 36 34 64 
26 16 12 62 41 43 26 13 81 83 
13 81 84 38 31 81 48 38 34 84 
83 43 28 68 62 82 34 36 46 43 
63 28 64 34 16 14 64 36 16 21 
81 82 68 63 83 26 16 58 12 71 
85 48 43 17 62 51 83 58 18 31 
34 26 14 21 61 62 12 46 43 21 
63 86 85 65 48 36 38 68 34 26 
16 12 62 31 41 43 13 14 34 81 
84 83 58 14 26 21 61 85 78 62 
12 87 46 43 63 28 26 12 71 82 
78 7h 72 47 18 31 37 34 74 14 
31 71 47 41 71 47 43 73 17 13 
73 17 14 81 74 57 18 51 71 27 
26 76 37 34 74 57 5h 4h 43 58 
5h 6h 4h 62 6h 16 17 31 67 34 
14 26 21 61 46 43 63 16 12 41 
62 46 16 31 36 16 31 34 14 61 
64 14 61 63 46 41 61 36 46 43 
63 64 34 16 14 64 36 16 41 46 
16 41 43 13 41 47 4h 48 48 34 
31 41 34 37 47 14 17 47 64 67 
47 64 61 76 74 64 71 76 16 17 
67 61 46 47 67 16 46 34 13 61 
63 76 71 73 13 17 81 37 67 36 
18 31 61 36 34 64 36 36 13 14 
34 21 23 13 28 21 81 82 12 18 
31 32 73 12 71 31 43 74 37 13 
17 41 71 31 43 73 74 34 37 13 
14 17 47 41 71 31 74 73 43 47 
37 34 74 13 14 34 17 83 81 31 
43 47 37 83 86 36 73 74 34 13 
16 41 47 17 36 21 23 13 71 74 
14 26 31 36 73 16 71 31 43 41 
31 43 47 37 13 17 37 13 14 34 
21 23 13 71 74 14 21 28 18 31 
38 53 18 21 58 25 2h 4h 6h 4h 
2h 6h 4h 8h 3h 4h 7h 7h 4h 8h 
6h 6h 6h 7h 7h 8h 7h 6h 6h 4h 
4h 2h 2h 8h 6h 7h 5h 8h 7h 8h 
1h 7h 6h 
