0
2h 2h 31 51 5h 28 21 24 84 81 
84 54 5h 6h 25 2h 52 74 74 25 
72 75 47 4h 5h 32 3h 38 3h 32 
3h 73 74 71 34 27 23 73 28 17 
12 72 37 38 13 78 17 37 13 16 
18 1h 36 13 83 81 31 38 63 18 
36 53 58 38 23 27 62 37 63 23 
62 68 58 35 32 63 52 65 6h 4h 
8h 3h 4h 8h 86 83 63 16 86 81 
61 68 16 68 36 38 68 73 76 36 
73 72 32 87 83 73 81 87 17 18 
78 71 67 62 16 86 81 72 17 67 
61 86 16 76 71 37 36 13 76 87 
31 83 73 17 13 73 87 85 85 8h 
2h 68 61 6h 81 68 36 83 48 4h 
42 4h 3h 4h 63 6h 36 34 64 36 
37 13 67 16 36 43 47 37 63 61 
26 31 23 63 26 25 2h 65 36 35 
13 65 16 36 73 74 34 63 61 46 
31 43 63 46 4h 7h 2h 67 36 37 
13 1h 67 16 67 46 4h 4h 6h 1h 
8h 3h 4h 5h 7h 5h 7h 5h 7h 5h 
7h 5h 7h 2h 5h 7h 5h 
