2
7a 73 7b 67 6h a6 8a 84 81 8h 
87 8h 4h b8 28 78 1b 18 36 b8 
28 63 7b 36 72 7h 1h 18 71 b2 
63 27 36 1b 72 17 63 b7 36 1b 
15 18 63 71 36 75 15 27 63 21 
71 67 65 37 35 75 35 76 57 56 
76 37 37 37 23 2h 26 37 46 4h 
42 41 46 34 31 74 53 52 32 47 
43 73 74 34 37 47 23 25 35 74 
a3 47 5a 52 74 a2 47 4a 43 a3 
43 24 25 45 24 2a 2h 52 54 24 
72 37 23 42 45 25 a2 42 64 4a 
64 a4 5a 52 a2 4a 46 a6 64 5a 
46 54 a4 2a 24 a4 2a 25 a5 62 
2a 62 a2 4a 45 a5 2a 26 a6 62 
5a 26 54 52 42 45 25 24 54 a4 
52 2a 52 a2 4a 42 a2 4a 45 a5 
14 7a 41 37 a3 54 1a 45 14 a4 
1a 13 a3 61 1a 61 a1 4a 43 a3 
64 6a 62 a2 42 64 65 45 26 64 
6a 6h 4h 3h 26 a2 14 6a 86 8h 
1h 81 8h ah 3h 6a 86 83 63 86 
87 67 58 56 86 28 26 86 28 25 
85 68 65 85 68 62 82 56 52 5h 
62 58 56 86 38 37 87 68 65 85 
26 28 25 85 65 28 26 86 78 73 
83 68 62 82 56 58 68 26 56 52 
62 65 25 86 52 82 62 58 56 86 
38 37 87 68 65 85 26 28 25 85 
65 28 26 86 78 73 83 68 62 82 
76 78 68 36 38 68 36 37 67 86 
87 67 86 83 63 58 56 86 28 58 
52 82 85 25 68 52 62 82 56 58 
68 76 73 63 86 85 65 28 26 25 
65 85 26 28 68 36 37 67 86 82 
62 38 76 78 73 83 63 87 56 58 
68 26 56 52 62 65 25 86 52 82 
62 58 56 86 38 37 87 68 65 85 
26 28 25 85 65 28 26 86 78 73 
83 68 62 82 76 78 68 36 38 68 
36 37 67 86 87 67 86 83 63 58 
56 52 62 b6 82 58 4b 85 24 28 
25 85 45 28 24 84 78 73 83 48 
42 82 54 58 48 24 54 52 42 45 
25 84 52 82 42 58 54 84 58 56 
86 58 58 5h 5h 5h 2h ah bh 1h 
5h 3h 2h 7h 7h 3h 2h 2h 2h 7h 
2h 7h 3h 4h 3h 4h 3h 3h 8h 3h 
3h 6h 7h 8h 6h 7h 6h 
