0
24 27 27 25 47 37 17 13 15 12 
16 18 15 31 35 15 81 85 15 21 
41 43 43 24 28 43 28 12 13 41 
48 23 42 4h 2h 74 72 73 23 43 
72 74 71 78 41 74 21 72 54 5h 
3h 73 76 47 45 64 75 67 47 64 
68 6h 5h 28 62 6h 2h 6h 5h 3h 
52 56 26 58 72 74 24 57 52 54 
24 62 68 28 36 31 61 74 32 36 
37 67 36 27 32 35 23 52 63 56 
5h 5h 1h 51 26 32 36 35 35 26 
32 3h 13 17 1h 37 13 16 36 73 
15 71 76 16 41 4h 36 73 75 87 
35 83 81 73 87 84 74 67 6h 14 
1h 61 6h 8h 6h 8h 15 31 34 53 
14 51 56 5h 8h 31 63 65 6h 6h 
35 13 15 81 35 83 8h 2h 82 8h 
8h 4h 7h 4h 2h 4h 4h 5h 4h 5h 
4h 5h 4h 5h 4h 4h 5h 1h 6h 5h 
3h 5h 
