1
8h 72 1a 14 a6 4a 71 48 43 41 
53 56 a8 4a 47 a4 1a 17 a7 57 
5a 5h 52 35 34 54 a5 15 14 4a 
1h 21 a4 12 1a 1h 41 ah 14 61 
4a 16 41 43 13 41 a3 14 61 4a 
16 41 4h 64 2h 46 34 a1 43 64 
3a 46 34 31 41 64 a1 46 84 6a 
48 64 a4 6a 68 61 a1 4a 41 64 
63 26 a1 62 61 36 21 63 26 16 
3a 61 32 43 14 a2 46 34 61 32 
42 34 38 37 16 6a 84 4h 4h 34 
83 1h 61 26 8h 62 36 38 23 68 
26 36 23 a1 32 63 62 86 32 83 
63 26 3a 38 23 63 86 a6 4a 64 
68 26 48 24 64 36 34 23 64 26 
24 a4 2a 27 24 82 67 86 26 82 
78 27 62 68 76 28 72 62 86 82 
62 86 87 67 26 27 67 26 4h 62 
86 81 8h 68 26 1h 62 86 a6 8a 
78 72 82 68 7h 86 78 8h 28 4h 
82 68 76 87 28 7h 82 68 87 a8 
68 26 78 62 76 86 87 67 68 26 
78 62 76 4a 67 46 a6 87 3a 23 
78 32 63 64 26 34 23 63 26 28 
32 36 83 26 82 32 83 78 37 23 
28 72 82 87 27 37 63 28 62 32 
83 67 26 27 42 67 46 38 43 26 
42 32 63 62 86 32 73 68 76 36 
a3 43 64 67 26 7a 2h a7 47 84 
6a 76 48 74 64 86 8h 48 47 24 
87 38 28 72 48 74 24 a2 4a 47 
84 a7 48 74 6a 86 47 84 83 64 
a8 46 43 74 63 76 46 74 6a 64 
76 78 68 46 48 74 68 76 75 65 
86 45 84 64 86 85 65 46 45 74 
65 76 46 74 74 76 47 7h 57 4h 
54 74 57 58 78 47 48 54 78 57 
47 84 1h 48 74 75 87 45 84 74 
87 85 75 47 45 34 75 37 47 54 
1h 45 74 73 57 43 54 74 57 58 
78 47 48 54 78 57 47 84 4h 84 
ah 48 74 75 87 45 84 85 45 34 
75 37 47 54 4a 74 73 57 43 54 
74 57 85 48 47 54 87 58 48 74 
78 48 54 65 46 84 87 47 84 85 
78 74 84 58 78 47 48 78 57 65 
76 87 84 74 87 85 38 56 76 47 
46 76 57 83 58 78 37 1h 73 87 
85 38 75 37 87 58 1h 85 78 73 
57 83 58 78 17 6h 64 2h 42 71 
87 24 32 46 78 37 27 82 85 68 
25 32 4h 74 86 58 47 54 84 78 
72 67 8h 48 45 24 85 68 65 85 
68 23 52 58 28 52 78 57 43 84 
27 82 87 27 32 47 34 86 78 24 
12 6h 65 1h 56 7h 65 ah 56 2a 
42 43 74 23 72 42 34 65 3h 76 
27 25 12 56 76 17 27 52 5h 75 
71 1h 67 62 72 67 1h 41 24 76 
27 47 64 26 12 6h 21 72 74 17 
24 12 72 47 4h 46 24 23 62 43 
26 1h 34 32 61 42 16 ah 64 8a 
21 46 12 ah 68 5a 24 86 42 ah 
61 7a 25 16 52 ah 68 8a 24 23 
43 3h 37 7h 6h ah 3a ah 
