2
6h 42 1a 1b 65 a6 16 16 2a 24 
a4 2a 24 21 28 26 36 3h 3h 26 
72 67 27 a2 8a 48 43 83 84 34 
a3 2a 72 76 26 b2 8b 86 28 b2 
8b 83 a3 1a 16 a6 5a 51 a1 5a 
52 54 34 b3 25 4b 34 b3 52 5b 
5h 6h 45 34 53 b5 25 2b a2 4a 
34 a3 8a 82 a2 38 4a 83 48 38 
34 84 83 43 a4 38 1a 43 84 18 
15 85 a5 38 4a 83 48 38 34 84 
83 43 a4 38 1a 43 84 71 78 68 
a7 86 1a 68 61 81 86 16 48 34 
83 61 58 5h 16 1h 41 34 13 51 
75 17 41 34 13 b1 8b 78 71 81 
a7 38 4a 83 48 38 34 84 83 43 
a4 38 5a 43 84 58 18 15 85 81 
51 a5 38 4a 83 48 38 34 84 83 
43 a4 38 5a 43 84 58 18 15 85 
81 51 48 15 34 83 a1 38 4a 83 
48 38 34 84 83 43 a4 38 5a 43 
84 58 18 15 85 81 51 a5 48 34 
83 78 7a 72 37 a2 43 82 48 78 
47 5a 15 74 17 a7 5a 51 a1 8a 
84 78 75 47 85 48 78 47 38 74 
57 15 71 57 a3 75 87 8a 84 18 
a4 81 48 78 47 7a 47 a7 5a 15 
a1 8a 87 48 37 84 58 15 81 58 
a3 85 48 4a 43 84 58 37 5h 57 
15 81 78 73 83 18 51 b5 1b 81 
38 37 87 18 17 87 b8 7b 71 81 
a8 48 5a 45 85 4h 43 58 ah 85 
4a 14 17 47 24 13 71 58 17 21 
41 74 73 43 74 6h 85 3h 58 34 
37 47 43 14 73 a6 41 74 34 37 
47 43 14 73 4a 24 37 42 34 12 
31 41 74 41 74 85 73 43 14 58 
b4 85 1b 17 41 43 74 13 21 b4 
12 71 1b 71 a2 58 4a 85 b1 41 
74 75 17 45 14 74 27 15 31 1b 
51 a4 72 47 15 41 71 27 45 14 
15 21 45 24 35 14 51 1a 41 71 
27 47 14 17 51 35 13 71 41 74 
72 17 14 21 74 27 17 41 a3 1a 
41 47 54 17 51 41 34 b4 1b 15 
41 43 74 13 51 47 54 14 71 b4 
17 41 4b 45 74 a4 2a 72 b5 15 
71 4b 42 34 35 45 24 21 52 41 
54 24 12 b2 7b 57 35 73 47 45 
14 53 73 27 24 52 74 57 27 32 
37 27 32 35 25 72 75 25 72 73 
47 23 42 72 57 41 34 54 74 27 
21 42 53 43 23 52 71 57 27 52 
47 54 24 52 58 28 42 48 74 28 
72 42 14 78 27 28 12 78 37 38 
78 37 21 32 41 34 24 32 74 37 
27 32 35 25 42 3h 24 72 75 47 
25 42 72 17 45 24 25 12 45 14 
72 57 38 8h 75 27 24 52 74 57 
27 42 6h 24 72 75 47 25 42 72 
87 85 75 27 24 52 74 57 27 42 
7h 78 57 24 52 72 87 6h 78 27 
25 42 75 47 27 52 41 84 42 54 
84 24 28 42 28 42 45 74 25 12 
47 84 4h 74 72 57 42 54 74 27 
6h 72 47 45 24 75 27 47 84 58 
45 74 72 57 42 54 74 67 7h 67 
4h 45 24 46 24 74 57 21 82 27 
52 82 72 78 47 41 24 48 24 25 
12 72 17 45 24 27 52 47 54 24 
82 7h 67 8h 76 48 28 72 45 84 
85 45 84 62 67 27 26 72 26 72 
71 87 47 14 24 62 7h 78 47 26 
82 41 84 24 12 72 67 6h 72 47 
48 24 78 27 61 72 57 21 26 12 
26 12 46 54 58 48 54 78 57 47 
54 21 72 74 57 a3 75 47 27 12 
45 34 8a b4 21 82 2b 72 75 47 
43 54 73 57 47 14 27 52 41 84 
8h 47 14 13 71 43 74 14 71 72 
47 41 34 18 78 27 17 31 41 74 
72 37 b8 42 14 17 21 47 24 14 
71 25 32 1b 41 45 74 23 52 12 
51 47 24 21 32 a8 41 74 72 17 
42 14 74 27 15 81 1a 51 b7 15 
71 72 57 4b 47 24 14 71 75 27 
23 42 47 54 14 71 21 82 a2 73 
27 28 12 78 37 17 31 4a 27 82 
13 81 21 72 45 34 a5 27 12 18 
71 28 72 12 51 74 67 7a 27 24 
52 12 41 71 67 6h 71 27 25 12 
16 26 42 12 51 71 27 24 82 bh 
28 62 67 64 74 24 12 76 47 46 
76 47 21 42 72 67 7b 27 24 12 
74 87 21 62 4h 78 17 26 42 15 
61 75 67 17 51 24 52 1h 71 25 
42 17 61 14 61 13 61 1h 31 41 
24 72 71 57 14 24 12 13 41 23 
42 12 41 75 67 46 24 21 52 36 
16 46 34 25 62 61 64 14 24 52 
16 41 46 16 81 7h 47 18 61 43 
64 73 67 14 61 25 42 47 54 31 
71 21 32 72 17 12 1h 45 24 21 
41 54 23 12 72 17 16 31 71 27 
16 26 82 76 87 27 82 13 81 21 
72 71 37 21 82 73 87 27 12 45 
34 2h 12 43 14 24 72 12 41 42 
54 74 87 47 45 24 14 21 58 78 
28 32 18 41 48 64 18 61 41 64 
63 26 32 42 14 26 16 81 46 84 
14 81 23 42 41 34 21 82 43 84 
24 12 75 37 2h 12 14 51 85 73 
47 27 42 41 74 72 37 15 18 21 
41 54 48 54 28 12 18 61 28 62 
45 64 47 64 74 24 52 14 81 73 
87 17 41 36 2h 72 78 47 28 42 
63 46 34 63 72 46 3h 27 64 24 
17 5h 72 41 85 27 82 52 75 71 
87 43 24 27 12 47 34 52 75 14 
81 3h 73 71 47 31 23 51 85 74 
32 58 17 ah 23 15 75 17 32 53 
57 85 15 41 46 24 16 71 75 67 
42 64 74 31 1a 47 53 13 21 27 
52 46 74 14 31 32 43 12 61 71 
34 58 17 16 83 bh 25 21 51 45 
47 64 23 72 74 37 38 43 78 52 
34 87 2b 45 83 25 12 46 54 73 
67 13 23 45 76 31 1h 52 34 37 
61 51 21 47 38 15 5h 72 14 83 
73 23 41 ah 35 5a 17 32 38 28 
71 8h 84 bh 15 48 51 1b 83 16 
38 6h 82 8h ah 2a bh 6b ah bh 

