2
32 6a 6b a8 2a 27 28 b8 28 6b 
6h a7 1a 18 a8 1a 1h 14 24 16 
1h 5h 41 47 17 31 57 15 b1 3b 
3h 2h 6h 43 21 24 52 54 24 72 
b7 2b 72 b7 8b 86 b6 7b 27 a2 
7a b7 6b 68 b8 7b a7 6a 61 36 
51 45 63 46 6h 36 8h 63 46 42 
62 46 45 24 63 76 73 63 26 46 
42 62 6h 36 37 67 36 5h 63 76 
73 63 56 52 62 36 37 67 86 8h 
85 a5 65 36 4a 45 34 64 36 38 
35 73 74 34 73 76 36 43 46 36 
43 47 24 37 23 43 64 67 47 34 
32 73 42 74 34 73 67 36 43 46 
54 36 53 43 54 58 48 34 38 23 
48 24 34 63 67 37 43 42 74 32 
73 43 74 67 46 34 36 53 46 84 
35 83 43 84 85 45 34 35 83 45 
84 81 41 24 31 23 43 84 8h 1h 
6h 67 b7 3b 32 73 76 36 23 b3 
4b 34 32 73 42 74 78 34 63 64 
34 63 68 38 23 67 26 36 83 87 
37 63 62 76 32 73 63 76 87 68 
36 38 53 68 56 36 83 87 37 43 
47 37 63 65 26 35 23 63 46 48 
34 32 73 42 74 78 34 23 67 26 
36 73 87 38 63 62 76 32 73 63 
46 43 24 63 26 46 34 38 48 64 
62 76 42 74 64 76 17 1h 3h 34 
73 71 78 31 23 7h 32 53 2h 35 
23 7h 27 37 23 28 72 73 57 23 
52 72 37 2h 73 57 27 32 3h 38 
73 75 87 35 83 73 57 1h 75 37 
38 53 78 57 37 b3 13 2b 72 75 
37 25 82 71 87 27 52 13 25 12 
32 31 73 78 57 38 23 5h 31 b3 
12 7b 57 21 75 a7 67 16 3a 53 
62 56 36 23 53 65 63 86 53 85 
65 16 21 52 58 35 28 32 52 35 
31 83 51 75 8h 57 25 21 82 51 
85 25 82 84 24 52 54 85 24 82 
52 85 8h ah 3a 83 68 26 25 72 
bh 65 86 82 58 62 56 86 28 3b 
23 83 68 27 12 65 76 1h 85 38 
36 53 86 58 38 63 ah 36 83 85 
68 35 63 83 58 67 56 2a 32 86 
18 37 13 83 68 27 12 65 36 32 
53 71 21 61 76 26 72 83 68 62 
46 4h 82 38 35 23 85 28 38 53 
27 52 4h 32 83 87 28 37 43 42 
32 73 84 28 84 78 38 23 25 82 
35 73 28 42 8h 25 42 37 43 87 
58 53 83 58 28 32 28 32 34 73 
24 82 24 82 85 78 38 53 23 42 
4h 23 82 87 38 27 32 82 78 35 
73 3h 23 25 12 54 34 13 18 38 
53 28 42 35 43 23 82 8h 81 3h 
35 13 8h 18 54 38 53 43 45 35 
17 ah 34 83 54 71 81 58 31 43 
85 34 6a 58 43 46 85 18 35 64 
1h 53 56 36 43 63 65 16 5h 61 
5h 36 15 34 51 7h 43 15 63 51 
ah 17 2a 36 71 63 ah 15 8a 32 
51 23 bh 17 7b 36 34 64 ah 48 
45 85 5a 54 4h 1h ah 4a bh ah 

