1
7h 48 5a 5h a5 8a 81 48 42 a1 
7a 71 76 73 a1 2a 26 21 a6 3a 
31 76 a1 8a 87 a7 8a 18 1h ah 
8a 81 a1 8a 83 68 a3 6a 62 a2 
6a 82 78 57 85 68 a8 6a 65 68 
63 65 a6 5a 57 a7 67 8a 86 87 
58 67 a6 67 26 27 67 1a 85 16 
18 a6 8a 18 a8 6a 68 a6 68 36 
6a 36 a6 7a 72 a2 6a 63 a6 63 
16 6a 16 a6 1a 13 a3 6a 63 46 
4h 46 a3 4a 84 a8 4a 14 1h 8h 
17 1h 15 16 51 a8 15 31 36 16 
31 1a 31 a1 27 6a 61 72 a1 27 
6a 63 72 a3 27 1a 13 72 a3 27 
1a 16 51 a6 15 81 72 18 31 4a 
84 13 81 41 84 83 18 14 51 84 
58 18 71 21 27 17 12 81 85 48 
15 41 81 58 43 14 13 51 43 54 
72 14 51 51 84 78 28 27 2h 87 
25 2h 27 2h 24 72 78 28 72 75 
25 82 85 25 a2 8a 18 12 51 82 
58 18 51 57 17 81 87 58 17 31 
85 38 18 a1 8a 83 58 a3 85 68 
1a 61 81 58 62 36 85 38 68 16 
12 81 83 58 13 41 62 46 85 48 
68 56 18 31 65 36 16 a1 6a 63 
56 a3 65 86 6a 86 84 58 64 36 
85 38 68 56 a4 65 86 83 48 6a 
56 84 38 65 36 86 58 a6 85 68 
1a 51 86 38 15 31 32 12 61 82 
68 18 51 62 86 82 38 62 46 83 
48 15 41 81 58 61 36 85 38 68 
a6 8a 83 58 a3 85 18 8a 18 14 
51 84 38 15 31 81 58 a4 85 38 
5a 83 18 13 41 83 48 18 31 a5 
13 51 5a 85 84 38 54 75 83 78 
58 75 71 61 86 81 78 61 76 74 
64 16 15 65 16 18 68 56 58 68 
36 14 81 85 15 81 84 14 51 54 
14 31 61 46 45 65 46 48 68 56 
58 68 a6 46 5a 85 64 58 15 13 
81 53 85 15 81 84 14 51 54 35 
86 48 18 31 51 45 46 56 85 86 
38 56 35 85 18 15 61 85 68 18 
61 64 14 81 84 68 14 31 86 38 
35 35 3h 3h 2h 4h 2h 4h 2h 4h 
5h 6h 2h 4h 5h 6h 5h ah 2h 4h 
2h 4h 5h 4h 7h 2h 3h 5h 7h 1h 
2h 4h 5h 2h 4h 4h 4h 8h 2h 7h 
2h 7h 2h 
