1
7a 45 85 75 74 7h a8 2a 27 2h 
1h 17 a1 2a 25 25 24 82 81 21 
72 78 75 75 17 28 12 72 a7 1a 
17 1h 1h 3h 36 3h a7 1a 13 21 
27 17 42 41 21 42 4h ah 41 4h 
47 4h 74 7a 73 a3 43 14 4a 64 
85 46 84 54 58 48 45 64 85 46 
14 12 61 42 64 14 61 58 a2 62 
67 85 6a 6h 3h 8h 46 63 76 46 
74 71 41 64 61 86 41 84 8h 62 
16 78 17 67 16 18 68 76 78 57 
68 56 76 87 37 38 78 73 67 65 
86 63 86 75 87 67 86 81 61 76 
71 57 52 72 87 84 18 68 16 74 
87 14 78 57 64 86 84 58 64 56 
78 57 67 86 87 58 67 56 86 78 
34 87 28 27 87 28 43 82 48 38 
34 84 83 78 72 82 78 43 87 58 
5h 5h 5h 2h 27 34 3h 2h 3h 3h 
31 53 53 75 72 7h 7h 52 15 1h 
6h 21 68 26 16 21 27 17 61 67 
26 17 21 61 86 28 12 16 71 26 
72 12 71 76 16 21 26 42 4h 16 
41 45 4h 15 41 13 41 31 34 14 
13 51 43 15 a1 34 2a 52 43 25 
42 41 54 21 52 42 64 6h 53 25 
2h 62 6h 6h 1h 76 a7 4a 64 68 
6h 16 48 34 3h 61 86 8h 31 3h 
3h 3h 7h 3h ah 5h 2h 4h 6h 1h 
1h 8h 1h 8h 
