0
42 57 67 62 53 56 46 4h 4h 4h 
7h 1h 81 54 51 5h 7h 1h 35 36 
37 56 35 34 31 53 75 74 76 72 
78 54 75 71 37 32 53 15 72 17 
12 72 17 41 4h 52 15 14 54 25 
21 27 51 25 75 72 17 15 12 13 
52 5h 72 87 83 8h 73 87 13 83 
53 45 48 4h 3h 6h 58 45 46 56 
14 85 81 86 16 28 21 56 35 81 
28 25 85 18 15 21 85 28 18 21 
31 32 12 13 21 13 21 83 81 28 
31 82 38 18 13 83 81 28 31 82 
38 32 82 58 12 85 18 28 13 51 
23 83 82 58 18 51 53 13 81 83 
28 13 21 58 25 15 81 85 28 15 
21 23 27 24 21 2h 5h 52 81 58 
28 72 51 45 75 87 25 42 78 37 
3h 24 82 81 58 21 52 82 48 58 
25 28 32 58 35 25 32 31 3h 21 
52 51 85 21 82 52 85 84 28 54 
35 82 38 58 25 24 82 54 35 28 
62 6h 53 85 83 48 53 65 84 68 
58 65 64 6h 54 85 84 38 54 65 
83 68 58 65 6h 6h 7h 2h 1h 4h 
1h 4h 1h 4h 1h 4h 3h 8h 1h 4h 
3h 3h 1h 4h 4h 4h 3h 4h 3h 1h 
8h 1h 5h 1h 6h 1h 
