1
37 2a 23 a3 8a 23 2h 2h 2h ah 
76 8a 21 72 78 76 7h 28 a2 6a 
68 a8 2a 62 63 26 12 18 28 a2 
3a 31 a1 2a 32 37 27 12 17 27 
42 32 38 43 46 24 23 43 a2 7a 
71 a1 2a 72 73 74 23 a2 1a 13 
a3 1a 16 1h 15 1h 3h 7h 37 3h 
34 a4 2a 74 32 37 27 a2 1a 71 
73 13 87 81 71 a7 2a 62 82 86 
26 28 68 a2 1a 18 a8 41 2a 42 
43 23 13 a2 4a 41 4h a1 46 3a 
34 31 a4 2a 42 41 43 13 14 34 
31 24 32 12 13 23 21 a2 4a 43 
41 a3 7a 84 86 46 87 34 31 78 
17 47 14 31 43 74 73 43 67 a4 
5a 76 17 a5 2a 82 71 87 27 a2 
4a 64 67 47 34 31 41 64 68 48 
74 78 48 14 13 43 74 76 37 46 
14 73 a7 3a 34 31 41 a1 7a 43 
87 86 84 64 74 68 a7 4a 48 46 
14 13 43 a4 7a 86 57 46 14 75 
17 47 34 37 47 34 31 41 64 68 
48 34 35 45 84 86 46 74 71 41 
74 75 45 87 34 36 3h 37 a3 4a 
14 15 45 74 78 57 51 48 71 54 
57 47 64 68 48 74 75 67 45 84 
87 47 86 14 15 45 74 76 78 46 
a7 3a 64 83 63 43 68 64 84 86 
46 48 68 a4 2a 52 51 21 32 86 
36 26 38 a2 4a 13 14 34 53 15 
31 63 68 38 13 51 35 a3 4a 45 
a4 7a 67 45 14 76 87 86 76 87 
41 84 74 57 51 71 47 48 14 78 
17 47 14 51 45 74 75 45 a7 54 
51 41 54 4a 54 a4 1a 14 a4 1a 
15 a5 4a 45 a5 4a 41 84 a1 48 
54 51 41 54 4a 54 a4 2a 52 57 
27 42 47 84 27 82 42 14 17 47 
24 28 62 64 24 82 62 68 28 26 
42 48 28 12 46 84 86 46 84 21 
82 42 74 71 41 24 28 12 48 74 
21 72 42 14 12 42 14 17 47 24 
27 47 24 21 82 41 84 24 72 71 
21 42 48 14 28 52 17 47 54 24 
82 5h 28 72 71 21 52 5h 1h 17 
6h 71 68 58 45 7h 54 7h 45 6h 
54 7h 74 75 17 6h 45 5h 71 87 
6h 78 17 5h 45 6h 54 5h 85 71 
87 57 65 62 52 85 64 58 75 78 
17 58 15 75 87 65 63 86 76 87 
5h 78 67 68 16 14 81 71 87 64 
86 76 87 82 72 87 8h 1h 16 81 
8h 7h 87 8h 58 54 65 84 68 58 
45 62 36 73 27 5h 85 87 48 57 
45 85 78 8h 58 54 25 8h 78 75 
47 85 48 78 57 7h 87 84 28 7h 
57 58 45 78 47 57 85 5h 75 74 
87 54 25 21 85 48 75 47 87 48 
46 74 78 57 48 54 63 12 45 84 
75 87 47 54 83 78 73 57 83 28 
58 47 6h 75 84 36 57 35 65 76 
74 37 82 58 57 45 87 28 65 76 
48 34 6h 56 58 75 68 36 46 57 
7h 84 85 45 84 76 57 54 65 74 
67 82 57 21 4h 48 15 45 8h 74 
58 76 85 4h 57 68 63 83 75 5h 
34 36 46 51 6h 18 63 81 2h 17 
7h 34 4h 3h 1h ah 
