0
17 17 27 2h 82 83 15 16 1h 1h 
13 81 85 87 8h 1h 2h 26 25 78 
72 82 71 78 75 18 61 67 17 81 
85 48 15 71 76 16 71 47 14 61 
64 14 21 25 15 41 46 16 71 75 
15 61 64 14 51 87 15 38 31 81 
48 46 86 48 41 81 68 61 81 38 
48 37 43 4h 42 84 83 18 43 74 
81 58 47 54 84 18 16 86 48 45 
85 14 18 48 64 68 48 64 62 36 
16 13 63 61 31 36 16 13 81 63 
84 14 36 31 61 63 13 16 81 83 
68 13 21 86 58 12 41 52 43 82 
38 18 31 43 84 83 28 25 31 85 
78 13 43 87 64 68 48 64 67 6h 
5h 5h 26 14 52 65 21 26 16 27 
31 34 14 51 57 67 65 26 15 71 
57 15 41 43 13 51 75 17 81 82 
38 12 71 57 15 71 34 57 84 58 
18 71 75 15 41 43 13 51 85 87 
48 17 21 84 38 34 12 41 81 48 
34 83 18 13 71 57 34 15 84 31 
38 32 82 48 41 81 58 75 87 28 
48 42 82 14 12 42 54 75 47 34 
18 31 41 54 75 47 24 28 48 14 
13 21 43 84 81 82 12 42 74 57 
45 18 34 21 28 18 51 43 75 17 
34 31 41 54 75 47 84 82 42 74 
57 45 34 36 46 14 34 16 21 28 
18 41 46 24 21 26 16 46 84 12 
81 41 84 82 62 46 28 14 18 62 
82 42 51 54 74 86 75 15 28 21 
81 58 45 84 68 26 82 48 54 85 
18 16 51 62 82 78 15 71 81 48 
41 51 24 26 85 28 46 24 84 18 
51 85 68 64 84 18 51 85 68 62 
82 18 51 85 48 42 82 18 51 85 
48 46 24 28 26 86 82 62 78 42 
64 87 18 46 51 85 74 78 48 24 
26 46 74 7h 1h 73 87 84 38 51 
74 67 6h 5h 6h 5h 54 83 58 26 
2h 2h 8h 48 45 85 48 43 54 83 
68 45 64 62 42 64 82 68 48 54 
53 43 84 86 46 18 14 13 1h 6h 
5h 6h 51 43 24 83 58 18 42 31 
54 65 13 81 84 14 28 56 21 81 
58 75 68 67 87 86 76 58 51 5h 
5h 5h 8h 3h 35 38 58 67 15 1h 
12 76 81 83 67 48 13 61 71 76 
27 84 28 78 67 17 16 76 21 26 
2h 62 67 27 62 17 41 26 82 87 
27 38 3h 62 14 71 26 32 17 31 
21 42 32 34 24 23 43 4h 32 34 
24 12 14 31 24 32 12 31 3h 5h 
8h 7h 7h 4h 7h 4h 7h 4h 7h 7h 
4h 4h 4h 6h 6h 2h 1h 2h 
