2
8h 7a 86 7b 72 b2 42 41 7b 75 
74 b4 2b 27 b7 2b 21 b1 2b 2h 
bh 7b 71 b1 4b 47 b7 4b 4h 1h 
81 82 8h 4h 84 b8 54 7b 78 57 
47 b8 4b 48 b8 1b 14 15 45 b5 
41 64 6b 6h 46 84 74 78 b7 6b 
6h 1h 6h b7 1b 1h 48 4h a4 24 
2a 21 27 16 b6 2b a2 5a b2 5b 
56 b6 1b a6 5a 54 5h 1h b4 1b 
18 18 1h 3h 1h 7h 7h 31 78 37 
87 6h 78 6h 87 7h 6h 8h 78 37 
6h 64 a4 3a 3h 3h 63 7h 57 57 
45 43 53 45 42 52 35 32 52 45 
6h 26 54 25 65 46 3h 23 26 24 
64 62 46 62 46 32 73 8h 37 23 
64 56 53 45 25 24 54 52 35 65 
46 62 46 32 53 52 85 32 83 81 
31 23 51 25 64 26 56 45 25 24 
54 52 65 35 13 64 26 3h 53 54 
15 34 13 53 45 62 86 18 21 5h 
35 36 43 56 45 35 63 68 38 53 
54 75 12 41 42 12 41 32 83 57 
85 35 83 68 56 53 25 63 26 56 
35 38 58 65 21 24 14 64 86 54 
85 65 46 12 81 38 23 6h 56 51 
45 61 46 56 15 18 58 75 1h 61 
42 34 83 64 26 14 81 31 43 62 
86 57 15 16 41 31 23 87 5h 15 
13 41 31 51 65 67 16 57 15 65 
86 34 53 51 75 14 34 73 53 45 
76 41 51 35 36 13 56 15 35 73 
5h 12 41 51 65 12 14 61 51 65 
1h 15 21 68 12 37 46 6h 51 23 
26 36 83 15 61 64 56 78 37 43 
65 13 5h 36 71 58 17 34 6h 85 
5h 41 83 76 12 68 37 4h 25 81 
76 52 17 68 2h 83 74 48 3h 85 
57 2h 71 18 8h 8h 7h ah bh 
