1
6h 1h 42 3a 53 68 a6 7a 74 7h 
78 75 28 a2 73 47 4a 45 a4 74 
17 15 18 3a 31 a1 5a 51 a1 5a 
53 a3 82 1a 13 a3 6a 65 28 68 
a5 7a 87 82 72 67 63 46 73 27 
28 64 86 76 a7 2a 82 a8 6a 62 
a2 3a 36 a6 3a 31 a1 6a 61 a1 
16 3a 61 36 a6 3a 31 37 37 34 
3h 83 81 31 23 21 31 a3 1a 12 
a2 1a 18 a8 2a 28 a8 6a 63 a3 
16 8a 61 86 a6 8a 81 21 a2 1a 
18 a8 6a 62 a2 16 6a 16 a6 8a 
86 a6 8a 81 a1 6a 61 a1 2a 21 
a1 2a 26 a6 1a 16 a6 7a 72 a2 
82 58 6a 61 a1 85 8a 84 82 74 
17 16 76 27 a7 57 8a 18 75 81 
78 72 17 82 18 52 81 68 71 67 
87 18 61 86 18 25 81 78 71 67 
17 16 87 18 68 61 81 86 18 52 
86 78 76 25 71 67 87 18 61 86 
18 52 81 78 71 47 16 86 18 74 
67 68 78 67 25 71 87 81 71 67 
87 18 52 81 58 28 25 85 82 18 
17 87 18 16 86 18 52 81 78 76 
86 18 25 81 78 71 67 81 68 78 
17 61 76 17 52 71 87 81 68 18 
16 78 67 25 71 a7 52 5a 57 a7 
27 8a 16 86 81 78 61 a1 87 18 
16 86 18 72 81 48 7a 84 78 75 
85 a5 25 17 52 18 78 25 17 52 
8a 87 25 a7 52 18 25 6a 67 81 
52 a7 25 18 52 8a 18 25 a8 52 
1a 13 25 a3 52 7a 76 25 a6 52 
8a 83 25 a3 52 18 25 7a 81 78 
73 83 52 a3 25 17 52 18 78 17 
25 1a 1h 2h 61 63 6h 13 51 52 
5h 5h 12 81 87 17 68 6h a1 61 
46 8a 64 28 26 86 28 25 85 68 
65 85 46 48 68 26 28 68 a6 8a 
82 a2 8a 84 a4 48 2a 2h 84 28 
24 a4 6a 16 12 62 41 48 18 46 
81 86 16 84 21 28 18 61 64 14 
21 62 86 81 61 48 42 82 46 28 
26 24 64 84 62 18 16 86 48 42 
82 68 61 81 46 48 68 26 28 68 
26 24 2h 3h 64 86 84 64 86 82 
62 18 16 86 48 42 82 68 61 81 
46 48 68 26 28 68 26 24 64 86 
84 64 86 82 62 18 16 86 48 42 
82 68 61 81 46 48 68 26 28 68 
a6 8a 82 a2 8a 84 a4 18 8a 18 
a8 1a 21 24 14 31 36 3h 16 38 
41 83 42 12 38 31 81 83 13 18 
38 21 83 24 14 38 a1 83 8a 81 
a1 31 68 13 8a 31 68 61 81 a1 
16 18 68 16 13 63 86 83 63 18 
1h 46 42 62 46 6a 56 5h a4 6a 
26 24 64 56 54 5h 8h 64 28 26 
86 58 25 62 65 25 46 42 62 46 
45 4h 4h 65 26 25 65 42 48 28 
46 42 62 46 4h 4h ah 3h 5h 3h 
5h 3h 5h 3h 5h 3h 5h 1h 3h 5h 
5h 5h 3h 8h 3h 8h 3h 8h 3h 6h 
7h 2h 3h 7h 2h 7h 
