1
31 2a 61 83 8h 82 78 58 73 56 
74 54 51 a5 6a 65 86 a5 8a 82 
81 a2 62 6a 86 a8 3a 34 a4 3a 
3h 4h 28 2h ah 2a 26 a6 8a 86 
28 28 a6 8a 82 a2 68 6a 62 6h 
a2 4a 82 48 a8 4a 47 a7 8a 87 
54 a7 5a 58 a8 5a 51 a5 8a 85 
48 34 a5 45 84 28 8a 48 54 85 
28 a8 4a 54 a5 2a 26 a6 4a 54 
a5 8a 86 18 a6 81 48 54 85 18 
8a 18 a8 4a 54 a5 2a 28 2h a8 
4a 54 a5 2a 24 52 a4 25 12 1a 
13 a3 23 62 8a 26 42 45 25 82 
a2 8a 83 18 18 14 18 54 a3 45 
1a 54 1h 45 1h 51 6h 14 51 7h 
41 45 15 14 21 23 42 13 61 24 
62 63 12 61 31 36 16 13 41 63 
14 21 23 42 13 61 24 62 12 51 
6h 67 46 16 41 65 61 46 41 64 
26 2h 42 7h 24 72 5h 27 42 15 
24 12 14 31 24 32 36 26 42 16 
71 24 72 12 71 75 15 21 25 42 
15 41 67 21 72 6h 63 73 23 12 
14 31 24 32 36 26 42 16 41 21 
a2 4a 42 4h a2 4a 4h 64 4h 64 
63 43 14 12 31 42 34 14 31 63 
46 41 34 61 36 46 14 16 46 34 
6h 61 43 24 5h 42 64 14 16 31 
4h 13 61 46 34 5h 43 64 16 51 
1h 61 46 34 1h 61 64 36 14 31 
61 46 4h 41 34 83 48 14 5h 75 
17 47 34 14 71 74 37 14 31 71 
37 38 43 48 38 43 41 24 31 23 
43 24 7h 37 34 83 81 31 43 73 
27 47 34 37 83 47 84 34 73 6h 
86 5h 37 43 46 74 36 73 43 54 
4h 34 37 63 47 64 34 53 5h 68 
76 75 35 73 72 87 1h 32 43 47 
24 37 23 43 14 4h 14 5h 65 76 
61 76 46 54 5h 78 17 18 78 67 
61 36 71 87 63 86 76 37 32 83 
52 75 67 63 26 73 27 67 16 3h 
61 36 38 73 57 35 73 72 87 32 
53 67 26 32 53 63 76 78 37 68 
26 18 62 73 81 2h 26 17 78 17 
62 36 62 86 71 87 67 26 25 18 
32 53 25 65 16 86 76 81 71 67 
71 67 32 53 32 53 23 68 16 78 
27 8h 75 17 67 36 52 35 23 65 
86 18 61 76 78 57 68 56 73 17 
7h 37 76 87 35 8h 53 63 62 86 
2h 61 5h 36 15 32 51 2h 13 38 
1h 85 8h ah 4a ah 7a ah 6a ah 
5a ah 2a ah 
