1
4a 74 84 58 a2 8a 83 a3 4a 41 
47 54 a1 4a 41 64 a1 2a 21 a1 
2a 61 52 54 56 a4 8a 83 87 57 
a5 2a 85 28 a8 6a 68 a8 6a 6h 
65 26 2h 2h 65 a6 86 2a 82 62 
68 16 1h 28 2h 12 1h a1 6a 76 
21 43 72 75 25 65 34 72 76 71 
7h ah 8h 6a 56 17 1h 65 36 46 
43 63 64 16 15 65 46 36 34 64 
63 43 a6 2a 34 32 42 43 23 24 
72 75 a7 4a 25 32 34 a3 4a 23 
42 a2 32 6a 86 23 68 26 36 32 
34 24 23 42 23 62 64 86 24 82 
62 a6 43 2a 28 32 a8 24 32 1a 
23 42 23 12 17 1h ah 27 82 2a 
82 81 48 21 42 38 32 82 83 28 
a1 82 38 34 84 28 4a 43 82 38 
a8 28 2a 24 72 a4 27 12 3a 21 
32 35 31 84 a2 48 4a 42 a2 82 
3a 36 28 3h 38 43 42 48 41 74 
1h 47 14 5h 41 74 1h 47 14 5h 
41 74 1h 47 14 18 48 14 16 31 
73 5h 37 13 8h 84 31 73 5h 48 
37 83 3h 13 ah 31 73 4a 14 37 
13 43 14 81 4h 14 48 74 12 71 
82 17 81 47 84 14 21 1h 41 48 
74 18 71 41 84 76 27 42 84 74 
17 16 81 83 28 42 84 68 78 47 
41 64 21 72 87 84 18 74 17 87 
48 13 61 2h 72 73 47 87 68 23 
18 21 31 48 24 34 14 13 71 78 
47 73 47 42 84 14 81 72 47 41 
54 57 47 14 18 71 54 74 14 81 
75 47 45 75 47 41 84 71 27 48 
34 72 37 1h 42 84 73 17 23 71 
27 86 28 78 17 14 31 7h 87 17 
41 73 78 67 14 81 82 38 12 31 
23 83 48 76 27 17 21 46 24 14 
71 74 67 87 48 18 31 5h 13 81 
84 78 14 61 87 38 5h 84 78 43 
16 51 34 87 58 18 71 76 87 43 
78 47 16 81 86 48 16 41 42 54 
12 51 82 68 72 67 87 68 41 74 
78 67 81 41 64 87 18 17 87 18 
14 71 84 78 18 71 75 87 81 48 
71 47 87 18 17 15 71 81 78 74 
17 18 21 85 75 47 87 28 18 71 
46 24 17 81 84 78 14 61 87 38 
8h 78 71 47 81 48 78 17 42 84 
82 18 78 27 16 21 71 37 7h 67 
43 14 76 27 17 81 47 64 18 31 
8h 84 78 13 71 81 48 46 54 72 
67 87 38 5h 83 18 12 71 82 58 
32 85 38 17 21 18 51 23 83 82 
78 32 76 57 23 86 58 68 65 75 
87 32 78 37 27 23 2h 73 18 21 
85 37 3h 12 71 73 27 3h 37 32 
72 73 27 8h 72 37 27 23 73 72 
57 86 38 56 76 57 7h 67 82 38 
8h 68 65 85 28 75 27 87 58 6h 
76 85 67 2h 78 56 52 62 56 87 
28 26 72 86 27 ah 68 62 82 78 
73 27 65 36 25 75 86 4a 62 57 
58 54 84 74 26 ah 48 1a 67 42 
82 45 76 ah 21 68 54 24 14 86 
6a 47 42 63 24 74 4h 31 4h 45 
1h 58 5h ah 8a ah 3a ah 
