1
5h 3h 1a 85 65 6h 85 48 41 74 
61 64 76 a5 6a 63 a3 7a 7h 1h 
61 76 7h 86 87 81 85 87 28 25 
a1 7a 67 62 a2 36 3a 37 a7 67 
46 4a 45 4h a5 3a 65 36 3h 1h 
1h 5h 61 36 34 a3 63 8a 76 47 
64 28 26 86 28 25 25 a5 2a 24 
72 42 47 27 24 52 74 25 62 68 
56 28 52 47 25 12 65 16 17 67 
56 27 52 14 25 12 65 16 13 28 
52 4h 25 12 a6 1a 41 48 18 41 
24 a2 12 51 1a 51 a1 5a 52 a2 
1a 12 51 a2 15 21 5a 12 51 53 
13 51 a3 15 21 5a 12 51 56 16 
51 a6 15 71 1a 71 a1 7a 78 a8 
1a 18 51 a8 15 31 1a 31 36 16 
51 a6 15 21 1a 21 a1 2a 26 a6 
1a 16 51 a6 15 81 1a 81 a1 8a 
87 a7 1a 17 51 a7 15 31 1a 31 
35 73 a1 37 53 2a 35 13 15 71 
35 73 13 51 7h 78 ah 87 5a 8h 
a5 15 31 5a 13 51 a1 2a 12 15 
71 78 18 51 21 a2 1a 15 31 a5 
13 71 2a 82 81 87 17 27 52 18 
51 21 72 78 28 12 15 31 25 72 
13 71 21 72 74 57 24 52 72 17 
14 51 74 57 17 51 58 52 a2 5a 
5h 35 38 23 58 25 35 23 27 52 
53 75 23 72 52 35 71 37 57 25 
35 73 75 87 35 83 73 57 21 52 
2h 32 38 13 6h 28 52 53 85 23 
82 52 35 2h 28 32 52 85 31 43 
4h 58 25 21 82 51 85 25 82 83 
23 52 53 85 23 82 52 35 6h 53 
25 28 32 58 35 25 32 38 28 52 
58 15 28 12 52 85 5h 25 21 82 
51 85 83 53 85 23 82 52 35 6h 
53 25 28 32 58 35 38 58 15 28 
12 52 85 5h 25 21 82 51 85 25 
82 38 53 52 85 32 83 53 25 23 
53 85 48 54 35 32 52 35 38 23 
25 35 83 23 52 53 23 82 48 24 
32 35 25 32 38 13 84 24 52 54 
24 82 31 83 23 12 1h 6h 67 7h 
4h 45 7h 57 74 37 38 13 78 17 
37 43 3h 73 71 87 31 83 73 17 
5h 45 43 53 45 48 58 35 71 37 
57 35 34 73 75 87 35 83 73 57 
53 73 17 54 35 34 54 15 6h 75 
67 7h 57 4h 75 37 38 53 78 47 
78 47 51 45 75 87 75 87 31 53 
37 53 73 75 37 75 87 74 17 34 
53 34 53 58 15 38 43 38 43 51 
45 71 47 57 15 37 83 37 83 51 
85 35 73 35 73 84 78 84 18 34 
53 34 53 57 15 37 43 37 43 51 
45 81 48 58 65 26 72 23 82 5h 
35 57 15 32 73 32 73 23 27 37 
32 73 32 73 78 74 87 37 23 37 
23 28 12 38 73 38 73 74 67 34 
83 34 83 76 87 37 43 52 37 7h 
45 43 53 75 78 37 53 25 78 47 
21 32 51 85 23 82 52 35 74 53 
3h 17 15 23 28 32 28 42 75 87 
32 78 5h 63 67 37 23 51 85 82 
84 18 34 63 52 75 73 27 53 25 
74 67 52 35 81 38 58 25 37 83 
71 81 48 31 43 85 48 24 12 34 
13 54 17 37 13 27 42 31 43 23 
12 26 42 52 35 52 75 38 63 5h 
25 58 25 31 73 52 75 82 3h 13 
2h 57 85 31 23 16 76 71 67 71 
52 38 67 2h 85 13 52 15 37 23 
75 71 57 16 76 84 34 51 67 7h 
18 43 45 67 71 24 86 35 5h 17 
62 21 76 5h 48 8h 63 3h 12 26 
1h 67 7h 4h 6h ah 
