0
82 8h 7h 38 52 32 51 52 5h 57 
53 43 85 84 81 54 65 62 82 86 
38 32 3h 35 34 3h 82 37 48 43 
83 48 45 85 38 35 85 13 18 14 
84 58 51 5h 34 13 15 1h 35 85 
73 78 38 73 7h 17 16 14 36 83 
86 78 36 73 74 27 2h 83 78 72 
67 82 68 78 67 61 71 87 81 68 
71 67 6h 2h 5h 87 67 38 36 43 
86 48 46 86 58 36 53 83 58 56 
86 38 36 86 43 48 38 43 54 85 
83 53 48 45 4h 48 41 84 85 28 
45 24 84 28 21 81 48 41 81 24 
28 48 24 27 47 84 87 28 47 24 
25 23 2h 2h 1h 1h 1h 6h 8h 5h 
6h 1h 5h 1h 1h 6h 7h 5h 5h 1h 
1h 3h 1h 3h 6h 7h 6h 7h 6h 7h 
6h 7h 3h 7h 7h 6h 1h 3h 6h 4h 
6h 
