1
5h 2h 5h 64 21 25 6a 68 28 2h 
21 28 13 52 53 23 53 a2 3a 35 
a5 2a 12 18 71 28 42 47 4h 27 
84 52 53 23 48 a2 4a 47 27 52 
4h 54 35 32 52 35 38 58 25 28 
58 35 23 82 83 23 82 85 25 32 
35 25 a2 82 5a 53 28 a3 82 5a 
52 58 15 a2 51 75 1a 57 15 a5 
2a 28 a8 2a 21 72 a1 27 12 7a 
21 72 a2 3a 38 a8 2a 27 12 a7 
21 42 2a 42 47 14 a2 41 74 4a 
74 a4 8a 83 a3 4a 47 24 a7 42 
14 4a 14 a4 1a 12 62 16 18 17 
41 8h 14 31 38 18 a1 4a 41 74 
a1 47 24 7a 42 74 a4 7a 76 a6 
4a 46 74 a6 47 24 7a 42 74 a4 
7a 7h 75 76 7h 27 7h 27 7h 27 
26 32 76 37 27 32 8h 87 7h 6h 
7h 71 37 63 67 37 36 76 36 81 
7h 73 17 78 17 87 81 71 78 57 
52 72 87 17 18 78 71 37 81 73 
a7 18 4a 81 47 84 a7 14 4a 18 
1h a8 4a 24 25 45 a4 84 8a 81 
a1 41 4a 54 52 42 a4 14 5a 15 
45 41 64 6h 51 63 5h 65 5h 35 
36 56 15 8h 51 85 82 52 65 63 
53 15 6h 51 35 6h 53 15 67 51 
65 75 76 56 57 35 67 53 25 28 
58 35 76 53 75 65 67 57 56 35 
76 53 a5 67 4a 34 76 43 84 82 
42 34 67 43 84 85 83 87 45 34 
4h 84 8h 86 18 1h 76 ah 67 8a 
38 76 83 18 12 82 78 1h 31 68 
67 87 13 61 64 65 36 81 38 68 
16 37 83 87 28 37 23 25 35 23 
85 28 61 26 38 13 14 51 62 46 
8h 15 21 36 43 81 68 63 56 ah 
65 36 86 18 34 73 12 41 3a 63 
61 26 86 18 38 53 7h 35 83 81 
58 5h 31 63 62 16 32 13 63 26 
14 21 ah 61 56 8a 38 65 46 36 
53 51 31 63 83 18 64 56 16 86 
38 34 63 84 68 38 13 61 86 83 
48 31 61 46 86 18 35 43 15 85 
68 63 16 83 58 61 56 86 38 ah 
83 68 61 36 81 38 68 16 34 53 
13 63 86 84 38 64 36 15 65 76 
85 78 84 78 48 47 87 67 46 86 
48 31 63 68 56 51 61 86 36 13 
84 58 18 38 63 64 86 34 83 63 
16 81 38 36 43 61 81 48 38 13 
65 46 15 35 83 86 18 36 53 81 
58 38 63 3a 83 81 58 18 38 63 
64 86 34 83 85 63 7h 48 46 3h 
31 53 64 56 84 18 16 86 48 31 
63 31 63 84 18 16 86 48 31 43 
7h 83 18 12 31 82 68 82 68 34 
73 14 71 34 73 65 26 25 65 26 
86 48 43 56 83 48 18 61 38 1h 
81 13 81 84 68 14 31 14 31 62 
56 82 58 68 26 13 81 68 26 16 
31 37 63 17 81 47 38 43 73 62 
36 12 71 14 63 47 3h 21 26 16 
81 34 63 16 71 68 47 36 43 13 
61 62 86 25 15 71 37 13 51 65 
18 3h 86 51 18 51 61 86 34 13 
74 68 76 12 41 32 43 64 26 14 
21 61 86 37 13 47 31 68 1h 83 
46 31 73 18 74 34 83 12 67 38 
4h 81 26 73 47 62 76 25 82 58 
12 85 37 64 5h 21 28 43 76 18 
67 34 7h 81 46 67 85 4h 53 76 
13 67 5h 78 ah 34 87 43 3a 71 
32 17 2h 76 7h ah 6a ah 2a ah 

