1
1h 7h 8h 41 4h 63 48 4h 51 74 
25 25 3a 38 13 a8 31 5a 13 53 
51 5h 7h 56 a3 73 4a 46 a6 2a 
21 23 23 24 a4 32 2a 42 46 26 
32 a2 6a 64 a4 3a 31 a1 4a 46 
a6 2a 21 a2 21 62 64 24 62 2a 
62 a2 4a 42 a2 7a 71 a7 2a 24 
a4 7a 27 26 a2 76 47 46 76 87 
7a 87 82 8h 48 72 a7 72 67 68 
78 67 8a 87 86 76 78 a7 68 78 
37 4a 34 74 a7 3a 3h 7h a7 3a 
38 36 31 63 a3 83 4a 38 47 14 
a7 41 54 2a 25 83 a5 38 2a 28 
62 a8 26 12 6a 21 62 a2 4a 54 
58 48 34 32 63 42 84 36 83 43 
84 58 35 34 63 54 15 36 13 53 
45 48 58 35 31 63 51 25 36 23 
53 25 26 12 56 15 25 32 36 13 
26 12 32 13 17 37 53 52 65 32 
73 56 15 37 13 53 75 73 53 75 
71 51 35 31 51 35 37 63 57 65 
35 13 17 37 53 56 15 36 73 51 
75 35 13 71 37 53 51 65 17 37 
63 53 85 a8 4a 34 36 13 46 74 
73 71 31 41 64 37 63 43 14 17 
47 34 36 13 46 14 34 73 74 34 
73 71 31 43 41 31 43 47 64 37 
63 43 14 17 47 34 36 13 46 14 
34 73 74 34 73 71 31 43 41 31 
83 58 15 14 54 15 17 57 45 47 
57 45 41 64 51 75 46 24 57 25 
45 24 27 62 47 64 24 52 57 65 
27 62 52 45 42 64 52 15 46 14 
54 85 38 43 41 64 31 23 46 24 
34 23 26 12 36 13 23 42 46 14 
26 12 16 42 34 32 63 42 64 34 
83 58 45 46 14 56 15 12 1h 61 
8h 38 63 13 61 5h 65 15 61 ah 
16 31 35 63 15 61 31 63 63 62 
42 64 13 6a 76 ah 31 6a 56 13 
65 76 72 62 76 6h 76 a2 31 6a 
76 a6 13 1a 61 67 56 17 51 61 
56 53 15 16 71 56 75 15 61 6h 
63 56 57 35 67 36 56 a5 35 6a 
53 63 76 a3 67 26 6a 26 a6 5a 
25 27 57 65 67 36 57 35 65 a6 
36 5a 63 53 75 a3 57 85 5a 85 
a5 6a 86 81 61 56 51 75 61 76 
56 15 7h 72 8h 51 75 25 27 57 
52 65 72 56 15 83 7h 38 7h 83 
8h 51 65 7h 56 75 74 67 54 15 
76 17 57 35 38 58 75 71 37 1h 
73 67 6h 16 1h 18 31 1h 31 2h 
13 21 4h 12 31 3h a3 13 21 7a 
27 17 21 24 14 71 74 37 14 31 
71 27 2h 12 13 81 23 82 12 81 
83 13 21 23 82 13 81 1h 31 5h 
35 15 31 32 12 51 52 35 12 31 
51 25 2h 1h 13 21 ah 12 31 6a 
26 13 21 61 36 26 12 16 81 26 
42 4h ah 1a 61 6h ah 5a 45 4h 
4h 74 67 63 46 73 64 8h 37 36 
48 76 84 ah 47 2a 68 74 86 ah 
42 1a 67 24 76 ah 48 5a 61 84 
16 ah 42 2a 67 63 73 3h 35 5h 
4h ah 3a ah 
