1
1a 18 54 75 74 a7 5a 53 52 a3 
1a 12 62 68 65 65 15 16 1h 4h 
61 81 86 16 18 51 68 15 61 62 
12 31 45 61 56 82 a1 28 65 26 
86 3a 54 82 62 68 56 28 65 26 
86 82 62 68 46 65 36 3h 7h 5h 
28 a6 82 5a 28 45 34 3h 34 38 
32 83 73 57 a5 2a 82 a8 5a 75 
a7 2a 82 a8 3a 32 83 a2 38 73 
5a 35 23 57 28 38 53 73 75 17 
a5 71 3a 53 17 a5 71 8a 82 17 
a2 71 5a 35 17 a3 1a 16 31 a6 
53 15 21 28 18 51 35 13 21 1a 
21 a1 76 5a 35 67 a3 76 8a 81 
67 a1 76 5a 35 67 a3 76 8a 82 
67 a2 76 5a 35 67 a3 76 1a 12 
67 a2 76 5a 35 67 a3 76 1a 18 
51 35 13 21 a8 28 18 51 35 13 
21 5a 12 81 82 12 51 31 67 a3 
76 5a 56 a6 5a 5h 25 28 58 25 
8h 52 15 16 21 56 25 15 21 85 
12 61 1h 21 58 5h 36 51 25 24 
54 85 81 51 85 84 86 81 54 25 
1h 52 85 87 38 23 a7 32 83 87 
28 37 23 83 18 14 84 18 1a 41 
48 18 a1 41 5a 85 81 84 78 14 
54 15 87 68 67 87 48 51 45 51 
35 81 78 53 65 75 76 56 86 28 
57 25 5h 15 14 54 65 67 57 25 
6h 1h 6h 1h 21 2h 2h 42 7h 24 
32 4h 23 42 7h 24 32 4h 23 42 
7h 76 2h 32 7h 23 42 7h 24 32 
6h 23 42 2h 42 43 23 42 6h 67 
3h 24 32 24 32 42 43 23 24 32 
24 32 42 76 2h 23 72 78 67 7h 
67 7h 47 26 42 45 72 47 48 42 
48 42 34 37 23 47 24 34 23 25 
42 43 64 23 62 48 64 24 32 37 
27 52 61 46 41 74 61 76 46 54 
24 62 63 46 76 36 26 72 32 63 
62 32 63 67 16 45 74 45 14 64 
26 35 83 62 16 2h 34 23 35 23 
27 42 61 86 48 28 72 32 53 32 
53 64 26 25 65 46 86 41 54 68 
61 56 46 54 63 64 86 6h 36 64 
56 32 43 32 43 46 24 43 24 34 
32 43 32 63 43 24 43 24 26 12 
46 34 46 34 81 28 12 75 17 35 
13 73 57 23 62 67 27 62 42 74 
42 74 76 27 65 45 75 2h 34 37 
47 54 26 72 31 53 43 64 56 45 
64 71 37 21 52 73 57 46 34 32 
13 26 46 14 34 63 27 12 67 37 
43 42 64 32 73 46 74 34 63 65 
26 82 68 46 43 24 63 26 46 34 
37 47 64 62 56 36 23 43 74 4h 
34 32 63 82 48 24 36 23 43 64 
65 36 45 74 63 76 45 84 38 56 
57 67 65 76 65 76 32 83 42 84 
34 23 67 46 28 68 76 56 42 64 
32 53 43 54 64 36 64 26 37 43 
82 3h 23 3h 73 68 26 21 82 61 
86 18 61 21 37 86 6h 42 73 16 
24 12 47 34 13 23 42 74 27 82 
21 32 38 62 2h 43 16 26 82 3h 
73 45 64 21 52 68 16 81 41 68 
25 35 5h 54 16 12 83 31 61 45 
2h 53 16 14 48 68 35 5h 82 84 
41 21 75 1h 16 6h 53 3h 5h 1h 
8h ah 
