0
73 74 72 76 76 76 86 37 57 5h 
56 54 34 5h 53 75 74 27 54 25 
42 52 72 35 37 57 65 87 8h 56 
87 35 32 34 31 38 58 73 75 35 
73 78 38 17 53 58 65 38 13 56 
73 45 41 47 17 57 45 43 53 75 
71 73 27 13 53 65 72 67 57 35 
31 51 65 68 58 15 13 53 75 78 
58 67 65 75 47 65 76 37 31 71 
67 64 6h 2h 74 17 13 73 27 23 
73 27 21 2h 3h 71 37 24 23 2h 
71 37 13 25 42 31 73 87 24 85 
75 82 87 27 32 13 21 52 57 27 
12 31 23 52 58 28 72 78 28 72 
75 37 13 25 82 71 87 27 12 31 
23 52 85 28 32 13 21 72 75 37 
25 32 12 71 57 58 78 27 12 13 
73 27 21 52 31 73 57 27 82 87 
27 32 13 21 82 85 25 72 75 25 
82 86 26 72 76 26 17 12 72 57 
56 76 37 23 21 31 62 73 67 27 
52 65 26 72 76 47 65 25 62 74 
67 27 12 31 23 52 57 27 12 31 
23 62 68 28 72 75 25 72 78 28 
57 32 13 75 21 87 52 57 58 27 
32 13 21 72 78 28 52 72 87 82 
72 57 56 15 31 76 27 53 85 25 
75 67 87 27 28 32 13 21 78 72 
76 17 26 42 31 86 24 73 52 67 
57 56 15 27 62 31 53 45 28 42 
52 86 15 31 53 75 76 56 35 78 
27 24 53 82 15 74 17 37 53 28 
65 62 52 85 68 56 75 71 31 37 
17 51 65 86 58 25 28 72 58 17 
21 85 42 86 56 45 25 62 68 28 
12 71 27 52 54 65 24 12 13 73 
27 82 85 25 86 82 62 68 28 26 
86 32 73 71 87 67 21 68 52 57 
27 82 52 15 31 53 25 26 82 62 
68 28 58 15 31 53 85 26 12 31 
86 56 13 75 21 82 76 56 28 45 
42 52 35 13 51 65 67 57 35 13 
51 65 68 58 35 13 51 75 78 58 
35 13 51 75 76 87 85 86 56 76 
87 57 25 24 72 54 85 75 17 25 
42 31 73 47 27 32 13 21 62 65 
25 12 31 23 72 74 17 31 73 24 
57 12 31 23 52 72 17 31 73 57 
65 76 27 26 52 62 72 17 31 73 
65 67 57 56 58 35 68 78 76 47 
53 45 86 75 17 31 68 73 27 28 
78 37 26 52 73 54 17 24 65 62 
52 71 65 37 13 56 25 71 26 87 
32 56 45 86 23 82 54 35 76 37 
57 45 28 12 13 73 54 27 35 32 
52 35 13 51 65 68 58 25 21 32 
12 72 71 51 37 34 85 74 17 21 
58 45 72 37 47 43 73 53 25 74 
67 12 51 35 34 54 25 76 27 24 
62 74 37 14 51 65 73 25 87 85 
82 52 58 28 25 12 78 57 41 56 
35 76 47 27 53 82 85 25 62 86 
28 12 14 74 27 42 74 71 37 21 
52 56 15 68 28 73 41 82 47 17 
51 75 74 67 54 65 87 27 62 52 
75 78 58 72 15 41 47 57 15 14 
54 75 71 41 47 17 51 85 82 52 
75 74 87 54 25 27 57 85 86 25 
26 28 68 62 58 52 82 85 25 28 
26 42 14 86 56 21 62 58 75 28 
78 76 32 17 58 45 74 17 57 65 
23 82 56 86 75 47 41 71 74 67 
54 65 78 37 28 12 56 15 25 12 
73 17 1h 27 82 86 26 52 57 35 
47 24 53 12 15 12 1h 7h 47 81 
52 35 18 41 53 71 74 14 35 17 
61 53 25 47 68 6h 52 75 18 41 
51 35 74 14 17 47 81 53 65 18 
74 21 56 47 45 75 12 74 71 41 
47 51 57 17 15 14 61 54 65 15 
61 62 12 74 71 41 47 17 14 51 
52 35 12 31 51 74 75 45 47 57 
54 15 13 41 71 53 74 85 14 17 
47 41 71 74 58 75 45 47 15 17 
57 41 43 13 51 53 75 73 53 85 
17 81 51 82 75 35 37 57 53 28 
25 85 73 82 52 37 58 15 12 52 
41 35 75 14 51 73 57 17 35 31 
51 35 34 54 71 75 15 17 14 57 
81 54 25 74 18 21 47 28 18 74 
71 41 58 47 15 14 81 57 35 18 
74 71 41 47 53 45 75 74 54 14 
57 17 85 47 81 51 85 74 52 15 
12 52 31 47 45 75 74 54 57 25 
47 13 21 51 28 25 85 74 82 52 
58 47 45 75 74 54 57 15 12 52 
47 41 45 15 41 75 43 13 71 51 
73 53 57 15 17 57 41 45 15 41 
46 16 73 41 4h 2h 3h 2h 7h 2h 
2h 82 37 3h 3h 8h 8h 5h 56 35 
36 56 45 4h 7h 7h 4h 8h 2h 7h 
2h 2h 6h 2h 3h 2h 6h 8h 3h 8h 
8h 6h 2h 6h 2h 6h 8h 8h 5h 6h 
1h 
