1
3h 21 6a 51 53 73 53 85 81 a8 
5a 56 5h a6 56 3a 35 37 57 a7 
3a 85 25 28 27 2h 3h 58 5h 3h 
27 15 12 52 63 15 14 21 25 15 
24 14 62 32 36 54 34 34 53 51 
31 a5 8a 63 23 26 42 a8 5a 75 
24 62 57 65 64 25 a2 5a 54 a5 
35 34 73 54 37 63 62 5a 45 76 
54 75 65 67 65 86 83 63 56 57 
67 36 38 68 a6 46 7a 75 64 a5 
46 3a 43 63 64 56 57 67 a6 34 
3a 83 86 36 83 87 37 43 83 82 
48 a4 8a 38 34 73 84 78 38 73 
75 35 73 72 32 63 68 38 53 52 
32 83 86 36 83 82 48 32 43 83 
48 a4 8a 38 34 73 84 78 38 63 
62 32 83 87 48 37 43 83 48 a4 
8a 38 34 73 84 28 37 23 83 28 
62 36 32 13 62 16 36 13 17 12 
15 81 48 2h 84 58 57 45 87 48 
58 45 a4 5a 85 84 78 54 75 85 
68 63 46 83 58 57 45 65 46 87 
48 68 56 58 45 68 46 56 45 43 
53 65 63 46 53 45 65 26 21 61 
56 54 75 64 76 56 15 12 52 65 
67 86 57 85 65 86 83 48 63 46 
86 58 53 45 83 48 58 65 68 76 
58 25 67 16 52 35 61 36 56 35 
a3 6a 65 16 a5 61 76 2a 67 56 
53 63 76 21 67 26 2h 27 a1 72 
5a 15 16 56 15 12 41 52 45 47 
48 4h 4h 74 7h 1h 71 5h 75 15 
71 ah 17 61 62 12 71 6a 76 16 
51 56 75 16 a1 4a 24 21 41 74 
78 2h 4h 74 7h 17 3h 71 37 7h 
17 7h 17 12 31 72 37 17 31 38 
18 71 78 37 18 31 71 37 8h 73 
17 13 61 73 67 17 31 3h 2h 8h 
2h 8h 81 2h 18 8h 2h 27 7h 8h 
18 71 76 37 16 31 71 67 34 63 
23 72 87 8h 2h 32 36 13 14 61 
34 63 21 36 83 26 16 12 61 12 
61 38 63 13 41 1h 31 84 13 81 
65 36 35 83 65 26 65 26 38 23 
63 56 63 56 18 31 16 31 61 63 
16 63 56 62 56 12 31 12 31 36 
83 16 81 31 63 23 26 36 32 13 
18 61 12 61 38 23 26 36 23 13 
61 13 61 25 65 15 31 15 31 62 
86 32 83 12 51 12 51 63 56 16 
31 38 53 26 18 41 2h 18 61 62 
12 81 14 81 63 86 16 41 3h 14 
61 68 26 18 21 48 61 26 25 32 
53 63 16 84 32 12 81 62 86 16 
21 46 2h 64 35 63 68 56 38 23 
48 32 43 83 84 34 26 25 65 62 
56 62 56 26 25 65 62 46 38 53 
68 46 6h 86 84 64 86 35 23 53 
ah 52 7a 37 68 26 76 47 35 63 
48 78 57 37 43 3h 73 36 83 72 
8h 27 67 65 86 5h 64 2h 76 42 
75 24 5h 47 78 4h 82 8h ah 1a 
ah 3a ah 6a ah 2a ah 5a ah 
