1
4h 38 6a 62 52 16 41 4h 48 38 
37 3h 38 48 34 23 21 31 32 12 
13 23 21 31 32 a3 6a 53 57 a6 
12 1a 15 a5 25 13 1a 15 17 1h 
4h 14 a1 41 5a 52 a2 14 6a 67 
16 51 53 a7 6a 35 15 61 a1 41 
5a 53 a3 14 2a 23 41 a3 14 5a 
53 52 15 13 21 53 25 15 71 43 
17 a1 21 34 5a 51 43 a1 34 25 
43 8a 82 34 a2 43 5a 34 25 43 
86 26 56 34 85 87 57 43 65 62 
52 34 75 78 65 68 65 86 25 87 
67 43 26 27 2h 34 56 57 67 65 
43 a6 34 8a 75 84 86 87 81 a8 
2a 21 2h 4h 5h 4h 3h 31 52 72 
75 25 27 13 12 32 31 21 23 13 
72 52 57 27 25 75 31 72 7h 3h 
52 5h 1h 57 5h 3h 25 27 57 12 
13 23 75 72 52 a5 2a 27 a7 12 
3a 32 31 21 23 13 a3 72 5a 27 
15 12 52 15 16 56 71 7h 25 26 
56 72 75 78 7h 25 82 87 27 52 
57 27 65 62 52 35 32 52 35 36 
56 25 26 56 25 23 53 72 75 25 
72 78 28 52 58 28 75 72 52 65 
63 53 25 27 57 82 85 25 82 87 
27 52 57 27 65 62 52 35 32 52 
35 36 56 25 26 56 25 23 53 72 
75 25 72 78 28 52 58 28 45 a2 
7a 74 a4 7a 72 a2 1a 71 7h 3h 
3h 71 7h 7h 7h ah 5h 8h 8h 6h 
8h 6h 8h 8h 6h 4h 6h 4h 6h 2h 
6h 1h 3h 4h 6h 6h 1h 3h 2h 3h 
2h 3h 
