1
2h 28 1a 13 a1 2a 27 2h 2h 42 
a7 3a 34 a4 34 3a 53 a3 2a 24 
62 76 a4 7a 75 7h 7h 71 7h a7 
67 65 75 7a 76 57 56 a5 8a 76 
28 17 12 72 17 17 13 15 1h 8h 
a8 71 21 27 62 56 25 42 2a 72 
12 17 61 56 15 41 a1 27 2a 12 
14 61 24 62 12 a1 71 7a 73 67 
a3 76 37 17 13 21 26 52 73 26 
52 62 37 16 71 6a 65 13 61 51 
21 25 32 15 a1 27 32 72 73 57 
23 15 2a 52 71 57 56 17 16 26 
52 12 61 62 12 51 58 52 5h 35 
4h 41 8h 14 53 85 8h 18 61 48 
16 31 27 4h 13 61 72 16 41 42 
12 71 41 76 17 16 31 76 37 17 
61 a3 73 16 41 46 26 5a 65 37 
56 35 62 75 73 67 53 76 47 43 
41 34 35 45 34 31 41 54 51 41 
84 82 42 34 86 43 14 15 45 14 
13 43 54 53 43 84 83 85 87 68 
5h 86 38 a8 4a 84 83 68 43 64 
84 18 17 61 87 68 18 41 48 64 
18 61 41 64 6h 62 6h 36 2h 63 
86 ah 68 36 6a 36 6h 36 35 65 
36 37 67 36 ah 63 56 57 67 36 
3a 2h 28 8h 7h 75 5h 8h 28 2h 
7h 57 35 2h 21 a5 65 36 12 3a 
35 75 ah 21 3a 53 5h 37 53 1h 
35 83 8h ah 3a 83 81 58 31 53 
83 18 56 25 15 85 38 36 53 86 
58 38 13 51 85 83 28 31 51 65 
84 68 58 15 34 63 14 54 85 83 
18 53 45 81 48 58 35 3h 36 83 
81 68 31 43 86 48 38 13 18 38 
13 12 81 24 34 83 13 81 82 38 
31 63 14 84 28 36 73 18 71 31 
83 82 68 2h 86 18 17 87 ah 41 
48 18 61 8a 83 48 38 16 41 83 
81 68 7h 86 18 38 31 83 75 5h 
38 13 83 81 68 3h 86 18 31 63 
7h 57 15 36 81 1h 63 78 51 75 
85 18 36 53 56 75 81 68 67 56 
38 7h 85 63 83 18 53 81 2h 35 
3h 18 14 84 37 ah 72 26 5a 61 
48 43 83 17 ah 32 75 34 57 2a 
48 71 16 8h 63 37 6h 75 7h ah 
5a ah 4a ah 
