1
4h 28 7a 64 a6 8a 82 a2 6a 62 
a2 1a 61 61 63 83 58 65 76 71 
61 26 41 62 76 72 7h 27 14 1h 
72 87 85 75 47 41 71 27 a4 64 
26 76 27 2a 28 a8 78 27 3a 72 
37 a7 6a 68 26 a8 62 36 3a 34 
3h 64 86 83 63 76 74 27 64 36 
38 72 87 67 a6 7a 73 87 37 a7 
8a 82 a2 8a 83 87 a8 2a 28 a8 
7a 73 a3 7a 78 27 a8 72 37 38 
78 17 7a 17 a7 1a 18 a8 7a 78 
27 a8 72 57 7a 57 a7 5a 54 57 
7h a4 7a 74 27 a4 72 37 7a 37 
a7 3a 3h 23 8h 32 13 17 37 23 
4h 54 32 43 8h 34 23 a5 32 43 
3a 43 a3 4a 41 a1 3a 31 a1 43 
4a 45 a5 35 23 1a 32 13 a3 1a 
15 a5 3a 35 a5 23 4a 32 43 46 
36 23 a6 32 13 17 87 1a 16 1h 
41 41 43 42 46 24 78 42 34 36 
23 46 24 34 23 87 a6 78 7a ah 
5a 56 a6 8a 87 a7 4a 43 24 34 
2h 43 5h 34 8h 43 a3 2a 2h 72 
ah 27 52 2a 72 6h 27 52 7h 25 
72 78 28 72 6h 27 52 8h 25 82 
6h 28 72 82 87 27 28 72 28 72 
82 87 65 2h 28 62 2h 82 5h 28 
62 5h 26 82 2h 82 2h 72 78 28 
62 5h 25 62 7h 57 56 76 57 27 
52 53 75 72 87 52 85 83 53 25 
73 27 57 85 21 72 71 87 21 62 
21 62 57 65 25 72 84 68 27 52 
58 75 28 62 57 15 8h 51 85 82 
38 5h 75 83 28 74 37 54 35 34 
54 35 74 37 57 35 82 78 75 17 
8h 28 26 12 86 58 16 26 12 76 
17 27 62 53 65 25 72 83 58 62 
52 65 82 68 57 25 78 76 27 28 
78 67 58 35 71 37 21 82 57 45 
7h 54 85 81 51 45 73 47 7h 37 
1h 73 87 86 38 76 17 76 17 83 
68 87 68 78 76 87 76 37 81 68 
81 68 73 67 87 18 7h 17 1h 87 
38 3h 73 ah 37 43 5a 75 34 73 
53 45 71 47 57 35 31 73 48 78 
47 51 85 87 57 15 37 13 53 75 
16 7h 78 74 87 4h 78 37 36 83 
76 38 ah 67 63 73 87 61 2a 32 
78 17 37 7h 83 84 34 71 6h 48 
4h 13 1h ah 5a ah 2a ah 8a ah 
3a ah 4a ah 
