0
3h 23 43 65 15 27 2h 21 26 2h 
23 42 4h 23 52 51 21 72 71 21 
52 51 52 85 8h 64 61 41 76 7h 
7h 7h 75 87 81 83 8h 48 43 84 
28 27 62 87 48 26 42 4h 14 18 
12 82 42 74 81 38 47 24 21 41 
83 24 68 67 42 74 84 18 12 82 
48 47 87 64 68 6h 16 48 34 61 
26 21 61 36 46 14 12 42 34 38 
48 24 21 41 64 68 36 48 54 63 
16 45 24 14 12 42 62 36 41 84 
63 86 46 84 83 43 64 63 43 26 
21 24 14 64 12 16 26 17 27 42 
46 26 47 52 54 24 52 57 25 32 
67 6h 23 42 45 84 25 32 48 74 
23 72 42 74 67 46 24 27 62 72 
42 76 74 64 67 26 24 64 27 56 
52 62 56 53 85 63 46 58 45 65 
46 74 67 56 54 64 85 26 23 63 
58 72 76 71 75 15 65 25 76 16 
12 62 61 76 21 26 16 42 45 25 
12 62 61 67 46 21 27 52 56 26 
17 12 72 71 54 21 27 52 51 57 
15 42 57 65 62 64 24 54 76 25 
26 56 12 75 27 51 62 45 42 52 
15 71 57 65 67 57 26 25 27 65 
32 36 26 42 74 27 52 54 24 35 
32 52 45 47 57 65 62 76 74 64 
36 52 35 65 36 38 68 46 47 67 
56 58 75 68 74 76 46 47 67 64 
36 57 35 65 76 74 64 56 53 85 
63 86 56 45 47 57 85 83 53 65 
63 76 74 64 53 76 75 71 51 85 
61 46 41 61 58 36 35 65 16 14 
64 36 38 68 46 41 61 56 58 68 
25 26 56 15 14 54 65 62 52 16 
15 65 17 46 45 65 16 76 71 61 
67 56 54 64 17 56 57 45 67 46 
56 45 74 57 65 67 26 74 54 62 
75 76 71 61 51 26 25 65 46 41 
61 26 28 68 72 76 26 12 14 24 
52 58 65 67 57 46 45 65 46 28 
52 14 54 85 61 41 58 46 21 35 
32 52 35 64 36 3h 4h 37 47 34 
3h 8h 1h 83 84 8h 8h 34 13 17 
1h 1h 37 23 26 82 36 83 86 36 
26 73 82 85 25 68 62 37 63 23 
12 83 68 56 21 52 82 68 65 25 
82 58 25 26 42 86 38 24 32 36 
13 82 78 31 73 83 65 78 71 56 
81 38 31 81 73 65 28 25 85 72 
68 32 53 86 58 56 86 78 36 73 
83 28 23 83 62 68 65 85 68 25 
12 86 18 28 12 13 23 82 83 23 
18 12 82 18 17 87 28 27 32 87 
48 4h 23 12 16 41 54 56 46 14 
16 1h 1h 8h 7h 3h 3h 5h 6h 4h 
3h 3h 1h 6h 6h 7h 7h 3h 3h 5h 
6h 3h 5h 2h 6h 3h 7h 6h 6h 5h 
7h 
