1
1a 68 a8 2a 23 28 a2 35 6a 53 
63 68 6h 4h 54 35 34 54 53 63 
56 52 54 a2 52 45 6a 54 26 25 
65 43 46 36 34 64 63 43 76 7h 
67 56 34 52 62 43 35 36 54 35 
65 45 36 54 a3 45 4a 46 a6 56 
5a 54 a4 64 35 46 5a 64 25 46 
a3 1a 52 45 65 64 54 56 a5 81 
5a 35 18 46 53 25 81 52 85 82 
52 a5 64 5a 15 46 52 45 65 64 
54 56 a5 46 7a 21 75 74 a5 2a 
28 a8 18 1a 17 18 51 57 17 15 
14 31 38 18 31 34 3h 32 37 23 
a3 4a 46 a6 3a 32 53 a2 35 43 
3a 43 a3 4a 41 a1 3a 31 23 a1 
32 53 2a 35 23 a3 6a 61 a1 3a 
32 53 a2 35 23 1a 32 63 13 16 
36 31 53 a6 35 83 3a 83 a3 8a 
82 a2 3a 32 53 a2 35 83 3a 83 
a3 6a 61 a1 3a 38 23 a8 32 53 
2a 35 23 a3 2a 28 a8 3a 38 23 
a8 32 83 6a 38 63 a3 6a 64 26 
a4 62 56 2a 65 26 a6 3a 34 23 
a4 32 53 2a 35 23 a3 6a 63 26 
a3 62 56 2a 65 26 a6 1a 14 a4 
6a 62 56 a2 65 36 6a 36 a6 3a 
32 53 a2 35 23 5a 32 63 62 46 
32 43 63 26 a5 62 56 2a 65 26 
a6 3a 31 63 62 46 16 14 64 61 
26 36 53 a4 35 23 5a 32 63 62 
46 32 43 63 26 a5 62 76 75 65 
26 5a 57 62 76 a6 5a 75 a7 3a 
31 63 65 26 35 23 63 26 14 62 
56 57 67 56 a4 65 26 5a 62 36 
32 43 62 46 36 23 a5 32 53 2a 
35 23 a3 4a 14 a1 3a 32 53 a2 
35 23 5a 32 63 64 26 34 23 63 
26 a5 62 56 2a 65 26 a6 3a 36 
23 a6 32 53 2a 35 23 a3 2a 2h 
7h 24 82 8h 5h 54 25 28 62 58 
65 25 62 63 56 52 45 62 46 56 
45 41 51 65 61 26 51 25 65 46 
23 52 53 45 23 42 65 46 26 52 
56 45 26 42 4h 8h 7h 71 46 4h 
26 32 17 1h 23 82 16 28 12 62 
61 21 26 72 71 21 32 76 23 82 
a7 28 32 4a 84 23 82 42 34 84 
83 43 48 24 23 82 43 84 24 12 
16 26 42 48 34 28 32 42 34 3h 
48 24 28 32 48 34 24 62 61 21 
42 43 84 23 82 42 84 83 43 24 
23 82 43 84 24 12 16 26 42 48 
34 28 32 42 a4 2a 23 82 a3 28 
32 8a 23 82 84 24 32 3h 78 a4 
87 2a 42 78 24 32 34 24 32 87 
23 82 8h 87 8h ah 6h 4h 6h 4h 
6h 3h 6h 1h 4h 4h 6h 6h 1h 3h 
3h 1h 4h 4h 6h 1h 3h 6h 1h 3h 
1h 8h 1h 7h 6h 7h 1h 7h 5h 2h 

