1
43 2a 74 17 21 2h 25 a2 7a 71 
a1 8a 87 8h 85 a8 4a 43 a3 1a 
14 15 45 a5 8a 85 a5 1a 18 18 
1h 13 a8 48 48 2a 23 52 a3 25 
7a 73 a3 52 5a 58 a8 28 2a 23 
72 73 7h 6h 67 62 65 68 a5 6a 
26 28 68 42 46 74 16 37 31 71 
47 42 72 14 37 17 47 51 54 14 
31 32 12 41 45 15 74 71 41 72 
54 57 47 14 12 42 51 54 14 71 
74 14 57 51 71 87 a8 7a 17 15 
75 41 47 17 41 45 15 24 21 41 
74 75 45 27 24 74 23 17 14 74 
32 51 23 57 17 32 31 21 23 13 
12 32 71 75 15 23 47 32 41 71 
23 47 43 73 54 57 47 14 13 43 
51 54 14 71 74 14 57 51 71 87 
a8 7a 17 15 75 41 47 17 41 45 
15 74 75 45 31 37 34 74 14 27 
21 71 37 31 71 37 32 72 17 12 
72 17 13 73 51 57 17 21 23 13 
71 75 15 47 41 71 43 57 54 74 
17 13 73 81 87 17 81 84 14 71 
74 14 57 51 71 47 a4 7a 47 a4 
1a 15 a5 51 4a 74 15 87 51 81 
71 85 47 58 a4 85 7a 58 57 87 
85 75 78 58 47 85 a4 58 7a 85 
47 58 a4 85 1a 58 18 15 85 a5 
51 58 18 51 7a 15 47 a4 51 7a 
15 47 41 71 47 48 78 17 18 78 
41 45 15 37 34 31 41 71 54 57 
47 34 32 42 74 75 45 17 14 74 
12 57 51 71 47 42 72 84 a8 17 
15 75 21 57 5a 12 51 a1 71 57 
4a 75 24 27 47 84 a8 4a 74 72 
42 37 34 74 37 36 76 47 46 76 
34 37 3h 8h 47 83 a3 54 1a 45 
14 15 45 a5 51 54 14 51 1a 51 
a1 4a 41 a1 54 2a 45 24 a4 3a 
38 a8 4a 42 a2 54 4a 54 a4 3a 
3h 8h 53 57 5h 5h ah 5a 5h 2h 
2h 8h 2h 2h 1h 8h 8h 2h 2h 1h 
62 6h 67 25 27 57 26 15 14 54 
62 41 65 25 42 12 41 43 13 24 
23 43 51 56 16 72 76 26 74 65 
64 67 47 46 76 56 71 62 61 21 
67 64 74 76 46 47 67 15 76 12 
52 67 64 14 25 24 54 61 42 47 
27 16 45 62 42 52 71 72 12 74 
75 76 56 46 21 26 16 25 24 27 
47 57 61 67 17 62 74 85 8h 7h 
8h 2h 8h 6h 8h 6h 71 72 76 26 
16 32 3h 38 3h 7h 61 6h 87 8h 
8h 8h 68 6h 36 3h 3h 5h 4h 2h 
1h 7h 8h 6h 3h ah 
