1
2h 5h 5h 5h 1h 56 5a 51 25 24 
54 35 3h 34 34 3h 38 32 a2 6a 
63 a3 8a 86 8h 8h 87 a6 3a 37 
a7 63 6a 67 64 a7 4a 45 37 43 
53 a3 4a 41 a1 51 45 7a 76 a6 
3a 31 54 a1 65 3a 43 56 45 35 
43 45 41 3h 83 81 28 31 23 83 
48 83 28 2h 4h 24 4h 64 67 47 
64 6h 65 16 1h 12 7h 74 2h 47 
4h 14 21 72 2h 12 41 74 2h 12 
47 14 15 45 14 25 12 42 14 a2 
41 24 6a 16 42 14 64 16 12 17 
52 6h 16 13 51 7h 21 1h 25 5h 
12 51 3h 15 21 15 21 51 52 12 
15 21 15 21 51 2h 24 52 12 15 
71 7h 73 5h 54 7h 45 7h 17 21 
25 72 15 71 21 42 4h 6h 16 13 
71 63 76 7h 78 37 3h ah 1a 31 
ah 13 51 6a 36 15 31 38 18 51 
68 56 52 62 56 12 51 61 26 2h 
21 ah 12 7a 87 1h 78 27 21 82 
71 87 83 73 17 23 12 15 81 54 
24 32 74 37 31 71 47 21 42 72 
17 45 1h 13 18 31 8h 13 21 25 
32 15 23 ah 51 52 12 31 38 23 
18 51 14 32 45 6a 21 53 86 12 
81 61 26 23 12 63 21 5h 16 18 
68 ah 32 35 81 86 53 23 16 7a 
65 68 58 ah 32 31 87 86 13 23 
76 3a 35 61 68 18 53 3h 82 87 
34 78 28 ah 86 81 45 61 54 1a 
43 18 34 8h 47 4h ah 7a ah 8a 
ah 
