0
1h 8h 8h 6h 23 12 42 67 36 38 
34 32 52 31 3h 35 34 73 71 31 
53 51 31 53 54 73 7h 68 67 63 
87 8h 8h 2h 2h 1h 84 64 6h 7h 
26 24 28 2h 15 1h 64 56 51 61 
26 53 25 26 24 62 65 25 76 72 
75 62 86 85 87 65 18 13 16 83 
18 17 68 76 71 61 86 81 61 48 
46 45 65 85 36 18 38 68 16 36 
31 61 63 86 13 83 81 31 38 61 
36 86 18 16 86 18 13 83 18 17 
87 38 37 87 38 31 81 63 58 67 
37 63 85 18 36 13 83 68 63 46 
83 78 64 26 87 58 62 56 86 48 
58 54 84 85 45 68 65 85 36 38 
68 36 31 73 61 26 37 83 62 81 
46 58 31 73 64 56 54 64 56 84 
71 58 68 76 16 17 67 61 37 56 
53 63 76 71 61 86 83 63 18 76 
16 17 67 61 46 71 81 48 43 83 
18 17 63 16 76 71 61 81 38 67 
26 83 58 62 16 17 67 26 85 48 
62 46 86 48 45 85 68 65 16 85 
28 61 36 82 38 35 85 18 65 36 
81 38 68 36 34 13 64 86 31 84 
73 71 78 18 17 38 43 63 86 87 
67 81 46 38 36 86 73 71 78 18 
38 73 13 17 37 31 71 83 81 87 
18 38 13 71 37 83 81 58 17 37 
63 85 68 38 64 73 71 31 46 43 
63 86 83 63 48 16 17 67 36 84 
58 63 56 86 38 58 53 83 85 78 
71 81 35 68 65 85 46 48 4h 68 
26 24 12 17 64 76 26 12 71 27 
62 61 21 36 32 62 36 38 73 68 
56 37 43 65 16 17 67 16 34 23 
28 38 12 13 23 63 72 73 16 23 
42 61 76 24 52 67 56 58 68 28 
76 72 62 16 76 71 61 67 17 26 
27 67 42 46 26 32 37 27 62 64 
24 36 32 62 16 36 23 26 36 42 
4h 4h 13 1h 4h 5h 18 17 61 47 
4h 2h 8h 8h 7h 7h 8h 7h 8h 7h 
7h 8h 5h 5h 1h 7h 7h 8h 5h 6h 
7h 8h 6h 8h 6h 8h 8h 3h 5h 7h 
5h 
