1
36 1a 57 a7 2a 87 85 a5 6a 61 
63 46 a1 6a 68 a8 3a 38 31 3h 
2h a8 48 4h 4a 42 42 45 34 32 
3h 7h a3 43 74 7a 71 a1 4a 14 
a4 6a 6h 1h 71 72 67 46 41 61 
24 26 27 67 47 26 24 64 26 23 
27 2h 72 a3 6a 76 26 72 74 24 
62 64 16 24 12 62 16 14 64 26 
24 12 64 16 26 52 58 28 62 61 
76 21 72 74 76 87 85 75 67 62 
16 72 17 12 72 17 62 16 36 a1 
63 7a 57 58 78 57 51 71 57 72 
37 5h 76 17 58 35 65 63 56 4h 
71 47 8h 65 46 42 62 16 72 57 
2h 61 46 8h 64 16 75 17 53 86 
87 67 68 76 35 6h 16 2h 24 7h 
76 17 42 2h 86 2h 53 8h 42 87 
35 7h 53 4h 35 4h 53 8h 78 67 
35 76 17 15 81 5h 18 61 53 16 
51 31 35 15 13 61 53 16 81 83 
13 61 85 16 81 8h ah 6a 6h 63 
56 ah 65 46 6a 56 2h 65 46 2h 
64 56 3h 65 46 2h 64 26 6h 56 
6h 56 51 45 61 46 26 48 14 28 
58 65 62 86 52 85 25 41 54 28 
48 14 65 16 8h 58 52 85 52 85 
61 86 56 25 56 25 41 64 62 42 
14 68 16 87 46 74 54 25 2h 54 
65 61 46 51 45 65 16 28 32 87 
2h 52 54 15 24 72 65 46 42 62 
56 51 25 61 26 48 56 27 14 1h 
65 72 62 36 28 58 35 65 86 27 
32 43 54 52 85 42 84 65 26 23 
63 56 48 65 2h 54 86 72 45 34 
67 36 46 54 52 75 58 35 28 48 
64 65 86 45 84 87 47 34 67 56 
41 54 64 16 56 45 28 54 4h 62 
85 42 74 58 75 45 24 26 52 46 
84 78 54 65 24 62 63 52 31 4h 
26 15 25 42 47 27 5h 84 72 24 
72 53 28 8h 45 32 21 47 8h 12 
74 54 23 ah 48 35 47 53 6a 32 
87 23 ah 34 41 1a 75 76 56 6h 
67 7h 1h 3h ah 7a ah 
