1
3h 4h 5h 16 1h 7a 48 54 5h 15 
a2 1a 42 12 14 16 a1 24 8a 86 
83 85 8h 78 72 a6 3a 15 21 42 
14 31 a1 2a 42 a4 8a 83 84 a3 
42 28 2a 84 28 a8 48 2a 27 62 
a7 84 8a 87 a7 47 58 8a 74 58 
47 a8 74 5a 26 54 51 62 a4 26 
2a 26 2h 24 54 85 82 52 78 75 
85 28 42 84 a8 2a 42 a4 5a 57 
a7 45 2a 54 25 45 42 52 54 24 
a2 25 42 54 35 5a 35 31 83 51 
a1 28 2h 35 3h 8a 38 3h 37 23 
2h 6h ah 5h 62 65 25 62 61 21 
52 51 21 65 68 56 82 65 62 52 
67 6h 86 75 35 28 63 6a 82 76 
58 56 86 25 28 58 23 75 72 52 
85 83 53 68 65 85 62 78 76 86 
58 52 82 35 38 58 75 7h 4h 75 
65 42 4h 4h 56 87 83 73 65 28 
56 27 65 24 74 84 56 27 65 28 
25 85 75 32 38 28 57 52 72 a7 
2a 25 a5 82 83 23 58 32 2a 85 
32 38 28 37 a8 82 83 23 87 52 
78 2a 87 52 38 37 53 87 23 56 
a3 65 38 56 32 36 26 86 73 72 
32 78 23 28 38 72 83 8a 82 a2 
32 68 63 3a 63 65 35 13 1h a5 
85 28 3a 82 53 58 38 53 56 36 
83 86 36 28 23 83 28 27 87 62 
68 28 32 37 27 63 65 35 82 85 
25 73 78 38 72 83 82 32 58 53 
83 58 56 86 38 36 86 13 12 1h 
32 68 63 83 68 65 85 38 35 85 
23 28 21 81 31 78 23 28 38 52 
53 23 52 56 26 32 36 26 83 82 
32 87 63 68 38 23 27 37 52 63 
62 32 65 83 82 32 76 78 68 53 
46 4h 35 42 83 87 37 24 28 48 
42 4h 82 13 1h 8h 7h 4h 45 4h 
78 7h 74 17 18 1h 5h 5h 78 14 
1h 47 41 4h 4h 4h ah 6h 3h 2h 
8h 2h 8h 2h 8h 2h 7h 2h 2h 1h 
5h 1h 
