2
52 56 53 18 18 76 47 5a 71 5b 
51 35 b1 53 75 5b 65 68 58 35 
b7 53 15 5b 15 17 57 35 b7 53 
15 13 1h 5b 45 15 14 51 54 35 
14 31 34 14 71 54 85 17 61 81 
86 16 56 85 15 61 65 15 81 8h 
53 56 36 a8 63 65 35 6a 61 6h 
7h 63 6h 4h 4h a1 3a 31 51 a5 
43 6a 56 15 61 a6 34 8a 86 a6 
43 8a 8h 3h 82 78 7h 3h 7h b7 
8b 48 43 83 78 7h 4h 6h 45 43 
4h 41 64 62 36 42 63 76 78 74 
87 b7 8b 48 24 82 58 15 81 48 
24 82 b8 7b 78 37 b8 73 87 3b 
78 37 b7 3b 35 34 51 b1 42 7b 
71 87 24 78 37 3h 23 b1 32 83 
42 38 43 23 24 34 32 53 7b 87 
35 83 42 38 43 78 27 24 74 27 
37 83 47 38 43 73 42 84 37 32 
53 48 54 34 83 72 38 73 23 27 
37 32 83 72 38 a3 27 4a 45 24 
a5 42 84 72 48 74 24 27 47 42 
74 2a 47 24 a4 74 7a 72 87 a2 
42 7a 87 83 48 28 24 84 82 38 
78 47 72 47 a8 74 87 24 78 27 
6a 86 72 87 67 46 83 78 73 47 
83 28 68 26 76 37 64 84 73 27 
67 36 87 38 47 83 48 78 74 84 
87 58 63 56 86 38 47 83 48 78 
74 84 87 28 b2 47 8b 38 74 83 
78 48 47 87 84 38 74 83 a8 47 
6a 65 76 a5 64 76 6a 26 b2 7b 
72 47 b2 74 37 7b 37 a2 42 4a 
b7 4b 74 73 27 43 24 74 37 a2 
42 7a 37 24 73 27 47 42 74 a3 
47 54 4a 54 a4 72 7a 47 45 14 
75 17 47 14 15 45 74 75 37 45 
34 74 a7 27 4a 43 54 a3 45 74 
7a 17 1h 42 a4 24 7a 37 42 73 
b7 47 24 3b 42 74 24 27 2h 26 
b3 62 7b 72 37 b2 42 4b 24 73 
27 47 24 26 46 34 b6 76 8b 28 
43 24 2h 3h 5h 84 28 26 2h 3h 
3h 2h 5h 3h 5h 5h 5h 7h 6h 6h 
5h 5h 2h 5h 4h ah 6h 6h 1h 6h 
5h 8h 1h 6h 1h 4h 1h bh 
