1
7h 17 1h 2a 57 5h 17 81 28 58 
a5 25 2h 2h 1h 25 2h 8a 82 85 
25 42 a5 4a 47 a7 27 5a 52 a2 
5a 56 a6 2a 26 52 a6 2a 52 58 
28 a2 45 4h 2a 42 4h a4 2a 48 
72 75 a4 25 82 7a 74 28 a2 24 
82 7a 28 72 a2 7a 75 75 7h 74 
87 34 78 57 54 5h 74 57 38 75 
17 a1 7a 27 21 82 71 87 27 82 
83 23 82 86 8h ah 48 4h 45 8a 
85 48 a5 84 58 5a 54 a4 84 58 
8a 58 51 81 48 57 45 85 48 41 
81 58 51 45 81 48 58 75 a8 57 
85 8a 84 78 a4 54 75 73 67 6h 
6h 85 48 4h 7a 57 53 45 73 67 
54 65 75 67 a6 8a 58 57 65 37 
83 68 58 45 67 6h 54 85 65 73 
83 58 53 45 83 78 7h 76 37 54 
35 75 37 38 78 57 58 45 78 67 
54 15 76 17 57 15 1h 3h 4h 36 
3h a1 51 75 71 87 51 85 75 87 
5a 57 85 86 78 75 67 85 68 63 
83 58 73 57 87 18 53 75 73 17 
87 18 53 75 78 17 58 15 75 87 
14 1h 6h 86 76 57 87 68 67 46 
87 18 1h 2h 72 64 16 1h ah 7h 
54 75 74 37 54 35 75 37 5a 57 
45 a7 54 35 2a 32 52 35 31 51 
25 21 72 7h 51 35 71 37 3h ah 
2h 4h 4h 1h 4h 1h 4h 1h 4h 1h 
8h 1h 1h 3h 7h 3h 5h 3h 6h 
