1
42 85 8h 8h 6a 76 a1 6a 68 6h 
61 65 26 21 61 a8 64 5a 56 a6 
8a 14 86 a6 5a 51 75 a7 1a 41 
a4 6a 68 a8 1a 41 a4 6a 67 16 
a7 4a 64 16 a6 1a 12 a2 8a 87 
a7 6a 62 a2 56 7a 78 65 26 87 
42 64 26 78 a8 62 56 5a 54 51 
56 85 87 57 85 84 a8 7a 75 a5 
4a 42 a2 5a 57 a7 6a 68 a8 76 
75 65 2a 76 24 a4 67 26 5a 57 
62 76 a6 5a 65 67 46 42 57 45 
25 65 24 a6 5a 54 a4 1a 52 85 
a1 5a 45 42 52 15 a8 2a 51 45 
25 a5 4a 41 74 76 a1 46 47 5a 
52 51 75 a2 4a 4h 4h 42 57 67 
a4 75 6a 76 a7 5a 25 a7 2a 21 
76 a1 51 7a 75 a5 7a 65 74 a4 
6a 64 26 a4 54 5a 62 46 45 65 
46 a6 56 5a 54 15 a4 51 75 64 
5a 15 46 51 75 75 76 17 6h 64 
7h 17 12 72 47 6h 74 37 3h 2h 
21 1h 6h 26 6h 16 62 16 26 21 
61 62 16 62 36 35 37 21 3h 12 
38 23 2h 12 32 13 ah 31 43 1a 
34 13 15 35 43 a5 34 73 87 38 
43 6a 26 25 65 46 36 73 87 38 
63 64 76 34 53 67 26 56 36 73 
87 38 43 52 34 53 23 25 35 32 
63 65 35 43 62 46 36 73 87 38 
63 64 76 34 53 67 26 56 36 43 
52 34 a3 25 6a 65 62 46 52 64 
86 a2 68 76 5a 87 68 56 a6 7a 
87 a8 2a 26 a6 7a 87 a8 2a 25 
a5 6a 65 a5 6a 62 46 a2 64 76 
87 68 46 6a 46 a6 7a 87 a8 6a 
64 56 52 62 86 a4 78 5a 87 68 
56 a6 7a 87 a8 2a 26 a6 3a 23 
25 35 63 65 35 73 87 38 53 56 
36 a3 6a 65 a5 6a 62 46 a2 64 
76 87 68 46 7a 87 64 86 76 78 
47 68 74 57 52 72 87 a6 78 67 
6a 26 25 65 26 2h ah 6a 86 78 
a7 6a 56 57 67 56 52 62 16 51 
5h 3h 13 15 35 13 17 61 26 25 
65 16 1h 1h 41 6h 46 16 41 6h 
61 46 1h 16 41 48 64 61 76 41 
74 75 45 14 65 16 46 54 18 21 
4h 64 62 56 42 54 64 56 51 71 
47 46 54 61 71 57 53 73 17 43 
14 74 17 61 46 47 14 67 16 46 
74 76 46 24 28 48 64 67 47 64 
61 76 74 64 16 76 47 46 76 27 
5h 65 64 54 65 61 46 45 65 16 
46 54 56 46 34 13 61 65 15 61 
64 56 51 61 46 56 85 8h 8h 78 
17 16 76 37 43 64 61 41 64 67 
16 14 64 76 16 41 46 16 21 4h 
24 2h 5h 65 5h 65 5h 65 67 36 
57 35 65 76 75 65 36 43 54 57 
47 54 56 75 46 74 54 65 76 47 
46 76 8h 64 67 47 64 56 75 74 
67 54 65 75 47 45 75 37 63 56 
54 64 56 57 45 67 46 56 75 47 
64 67 47 7h 76 74 65 76 54 56 
35 73 87 7h 47 76 37 53 85 81 
5h 65 54 65 18 56 35 73 47 81 
74 67 47 18 65 36 56 46 74 46 
84 53 85 41 84 54 15 54 65 57 
65 75 76 47 5h 71 37 5h 15 54 
65 67 63 57 1h 46 45 71 65 76 
16 51 54 65 14 31 73 56 4h 67 
45 42 34 28 58 43 76 3h 65 84 
87 61 51 47 8h 76 72 62 ah 15 
14 28 27 41 51 87 1a 16 74 72 
42 61 1h 25 28 13 82 52 ah 27 
24 36 74 63 4a 31 42 13 2h 38 
3h ah 8a ah 2a ah 
