1
18 67 8a 81 86 81 8h 6h 4h 4h 
ah 56 84 5a 25 a2 72 8a 27 68 
72 61 81 27 a8 72 86 18 5a 81 
58 5h 56 5h 4h a5 27 58 25 5a 
25 a5 75 8a 57 82 a8 82 38 37 
63 7a 75 a5 36 4a 84 58 57 87 
a8 63 8a 68 38 62 32 35 34 32 
75 a3 57 2a 26 75 86 82 a8 57 
5a 62 86 58 54 a5 75 78 58 57 
85 2a 57 85 84 a8 75 74 54 57 
15 82 18 58 15 47 51 65 1a 26 
74 52 15 a5 47 8a 85 a8 85 18 
1h 8h 18 74 1a 1h 1h 6h a1 47 
3a 74 26 31 23 63 62 32 36 a3 
47 3a 13 74 a3 47 1a 31 26 13 
51 74 15 71 41 47 17 14 a1 62 
3a 31 a3 74 8a 58 31 53 83 a8 
26 47 5a 58 62 a8 74 35 38 58 
47 13 74 15 35 47 83 74 1a 38 
47 71 73 7h 13 61 21 26 16 12 
62 61 21 26 27 34 16 17 43 41 
31 34 67 63 73 76 36 37 67 63 
73 76 72 14 36 32 41 a3 62 5a 
53 14 a3 41 35 14 8a 53 41 85 
14 a5 41 6a 14 67 6h 41 a7 14 
5a 58 41 a8 14 35 41 5a 14 35 
41 a5 14 3a 41 73 23 27 14 37 
32 41 43 13 14 34 21 71 72 12 
17 43 a1 34 5a 51 43 a1 34 15 
43 8a 51 34 85 43 a5 34 3a 27 
53 58 38 72 25 23 57 25 26 73 
75 76 72 35 36 13 56 31 53 52 
85 63 62 32 58 75 36 73 7h 26 
76 17 8h 71 87 7h 17 7h 17 7h 
87 7h 87 86 28 76 27 87 28 25 
85 28 23 1h 21 1h 21 24 72 75 
37 25 62 73 67 27 32 7h 23 62 
65 25 32 75 67 23 62 72 37 4h 
73 27 26 42 6h 24 32 5h 23 62 
68 36 28 42 63 46 26 32 42 43 
23 24 62 63 46 23 42 41 21 32 
61 36 31 61 36 21 42 41 4h 63 
86 42 84 1h 64 36 32 13 3h 43 
48 24 64 26 38 43 46 84 36 83 
43 64 5h 46 34 38 63 48 64 34 
83 62 46 42 84 34 23 63 56 6h 
36 32 43 48 24 64 26 38 43 46 
84 36 83 43 64 1h 46 34 38 63 
48 64 34 83 62 46 42 84 62 16 
62 16 48 14 64 26 64 26 38 43 
36 43 63 62 16 46 24 3h 46 54 
75 87 4h 64 36 23 63 21 61 31 
43 84 74 17 16 76 37 31 63 3h 
43 76 17 48 14 74 67 74 67 38 
43 37 43 73 42 84 61 26 37 31 
53 48 74 16 71 46 8h 67 64 35 
13 41 36 71 84 6h 13 17 37 13 
48 74 76 57 63 62 36 21 32 53 
73 87 62 16 78 37 58 38 23 78 
27 62 56 21 37 83 71 41 84 86 
46 84 36 13 45 14 72 17 58 47 
64 37 63 43 74 72 42 34 85 65 
35 23 45 24 34 23 72 47 68 26 
31 74 12 6h 43 27 56 47 84 37 
53 63 76 48 54 48 74 72 57 42 
34 87 37 23 63 86 7h 76 78 37 
68 65 73 85 ah 36 87 32 53 78 
35 4a 27 23 84 67 56 32 53 64 
76 21 71 47 61 45 38 75 8h 16 
14 13 57 64 56 76 47 43 64 73 
46 8h 37 3h 64 65 45 31 ah 18 
56 54 82 45 65 7a 23 58 54 84 
31 ah 46 17 45 71 6a 18 53 82 
35 1h 54 4h 27 2h ah 7a ah 5a 
ah 
