1
36 82 17 2a 23 42 14 14 a3 13 
41 8a 81 a1 6a 63 a3 5a 56 5h 
a6 5a 5h 56 25 28 24 58 a5 7a 
72 76 56 a5 32 53 1a 14 a4 3a 
35 25 23 53 52 45 41 51 25 a5 
7a 7h 76 26 72 57 56 45 76 47 
57 65 36 53 15 17 57 65 36 53 
15 14 1h 54 65 36 53 45 a1 54 
65 36 53 25 2a 27 24 62 36 23 
12 17 41 27 42 12 61 36 13 21 
24 62 14 61 31 36 16 13 41 23 
62 14 61 31 36 26 12 13 81 23 
82 12 41 87 14 61 36 13 41 82 
14 61 36 13 a1 51 65 2a 56 25 
27 42 57 45 25 42 a7 24 62 36 
23 42 6a 36 24 32 a2 6a 63 23 
26 32 a6 23 42 8a 68 24 62 82 
58 54 65 84 68 58 25 28 42 58 
45 25 82 38 23 52 54 65 24 62 
61 52 85 38 53 25 21 42 51 45 
25 82 38 23 52 54 65 24 62 52 
85 38 53 25 26 82 56 35 23 82 
52 85 81 48 51 45 85 28 21 42 
81 48 28 52 58 65 28 62 52 15 
31 53 25 26 12 56 15 25 32 53 
51 75 21 72 52 15 31 53 25 27 
82 57 85 25 a2 5a 58 65 a8 56 
15 31 53 65 6a 62 a2 52 45 4a 
4h 74 4h 4h 47 64 68 58 65 61 
36 6h 16 13 63 16 6h 16 7h 61 
76 3h 67 16 7h 61 76 74 64 16 
3h 61 46 47 67 36 6h 36 7h 63 
76 6h 36 1h 61 76 47 34 6h 16 
13 63 16 46 14 12 42 64 62 16 
42 74 32 78 48 74 61 26 2h 47 
34 64 16 3h 61 46 42 14 62 76 
41 74 64 16 4h 61 76 46 34 31 
41 74 3h 47 64 67 16 47 14 64 
16 4h 46 74 4h 64 61 76 41 74 
64 16 1h 3h 38 13 41 47 24 4h 
74 14 31 35 23 8h 32 53 2h 13 
21 8h 26 1h 31 35 83 3h 63 32 
43 47 54 14 71 31 23 3h 43 2h 
34 23 63 16 17 21 25 15 71 1h 
31 34 53 52 32 43 13 41 45 34 
31 53 23 13 43 24 14 31 34 14 
31 35 43 15 41 15 35 8h 51 53 
13 81 1h 31 34 53 14 51 31 43 
41 31 43 45 14 35 13 43 14 12 
31 34 53 14 51 25 35 83 68 46 
45 65 86 41 84 34 13 12 41 32 
83 78 27 14 21 4h 64 86 38 53 
12 81 72 47 68 56 36 53 74 67 
63 56 32 72 47 41 24 71 27 47 
14 36 73 76 17 36 23 78 27 48 
64 37 63 43 64 65 36 34 73 64 
56 36 43 46 47 64 34 63 65 46 
43 84 37 67 86 35 83 18 51 52 
12 71 46 84 38 23 73 13 61 64 
36 14 31 61 46 32 13 48 68 31 
1h 76 23 13 21 36 31 63 31 83 
67 16 67 16 76 15 61 52 72 12 
38 67 7h 21 23 26 13 81 84 65 
86 46 16 31 37 63 17 61 48 31 
52 1h 74 73 43 24 16 31 34 83 
63 68 46 16 81 72 45 6h 37 54 
71 27 13 42 75 65 18 24 3h 57 
56 81 45 18 62 72 5h 24 21 86 
41 68 1h 87 38 12 7h 24 86 45 
68 5h 83 3h 5h 2h 8h ah 
