1
8h 8h 8h 1a 51 52 82 83 83 68 
6h ah 6a 67 57 68 a8 5a 52 16 
18 14 18 56 25 a4 23 53 2a 25 
a5 1a 16 12 71 73 13 21 23 13 
21 24 a2 1a 71 74 73 7h 2h 2h 
4h 3h 75 74 67 15 61 71 67 86 
78 17 16 41 76 47 4h 24 74 67 
14 61 71 67 86 78 17 16 41 76 
47 17 61 68 18 71 74 67 14 51 
76 57 17 31 23 72 75 67 25 42 
76 47 27 42 48 28 72 78 67 28 
42 76 47 4h 73 87 8h 1h 41 42 
46 82 8h 1h 21 28 18 61 21 62 
64 16 12 81 86 16 21 24 62 14 
61 21 42 62 16 12 41 62 46 16 
81 86 16 21 26 16 21 28 62 18 
61 21 62 86 28 12 16 51 26 52 
12 61 68 18 21 25 62 6h 1h 61 
64 86 82 62 46 16 81 86 16 21 
26 16 81 84 14 61 62 12 61 64 
14 21 24 14 61 68 46 18 41 61 
46 24 12 16 41 26 42 12 61 62 
12 41 84 18 21 26 16 21 24 62 
61 21 42 62 16 12 62 46 84 68 
26 21 61 26 24 52 48 68 16 18 
68 46 25 42 62 86 81 61 26 24 
82 86 26 12 16 26 42 82 84 24 
28 62 61 21 62 64 24 12 14 68 
46 26 42 48 18 61 68 36 18 31 
3h 2h 42 4h 61 36 3h 2h 5h 4h 
5h 5h ah 12 84 85 21 82 52 35 
7a 27 53 85 25 32 47 34 24 72 
75 17 25 42 71 37 47 14 27 52 
41 54 24 a2 6a 56 58 15 68 46 
51 75 64 76 56 15 73 47 51 65 
63 86 53 85 65 36 74 37 67 46 
45 14 65 76 73 87 63 86 76 37 
41 34 74 67 68 36 78 37 67 46 
47 14 67 56 41 54 64 56 58 15 
68 46 51 35 64 a6 2a 42 48 14 
28 32 41 34 3h 3h ah 1h 1h 8h 
4h 8h 6h 8h 3h 8h 7h 8h 7h 8h 
7h 3h 5h 8h 7h 8h 8h 2h 
