1
32 82 5a 53 43 14 1h 5h 5h 6h 
a6 76 75 8a 83 73 a8 5a 58 a8 
7a 73 53 45 41 46 a6 5a 15 a5 
1a 17 14 1h 6h 6h 14 a1 5a 51 
65 a1 2a 63 53 25 a5 3a 36 a6 
3a 35 a5 6a 65 a5 3a 32 a2 3a 
37 a7 2a 27 a7 5a 56 a6 5a 57 
a7 6a 67 a7 5a 52 65 6h 36 31 
3h 83 a2 38 5a 65 83 56 85 84 
54 65 34 56 a5 43 7a 75 a5 34 
7a 72 43 a2 34 5a 52 43 a2 34 
5a 65 43 56 45 48 58 45 41 51 
85 81 51 65 31 56 45 41 45 85 
38 34 3h 83 85 35 63 83 18 15 
85 38 36 23 86 28 38 23 27 37 
83 87 68 37 63 83 58 51 81 38 
36 23 86 28 26 23 24 25 21 27 
25 62 82 68 15 86 38 32 63 82 
68 51 38 63 15 7h 76 1h 67 6h 
6h 56 51 61 56 6h 56 6h 56 1h 
65 26 7h 62 56 1h 65 26 7h 62 
76 7h 62 56 5h 1h 16 6h 2h 27 
6h 56 54 25 64 26 56 85 83 78 
86 78 53 75 85 68 85 68 62 36 
76 26 86 58 86 58 27 42 57 45 
87 68 87 68 25 62 82 58 54 25 
84 68 52 75 52 75 63 76 56 25 
56 25 28 32 72 82 52 65 52 65 
87 48 67 46 57 25 57 25 86 28 
58 65 64 76 6h 86 82 78 62 76 
26 54 75 25 65 27 67 56 67 56 
86 48 23 62 65 76 65 76 56 84 
78 58 28 62 65 86 25 82 62 56 
58 57 45 28 73 23 82 68 76 23 
82 54 85 25 32 53 25 72 62 46 
82 48 5h 68 26 56 85 84 68 54 
25 65 46 85 48 68 36 8h 65 46 
86 58 83 58 27 52 82 68 57 45 
65 26 27 52 67 36 67 36 76 25 
32 72 62 67 26 67 26 23 52 63 
76 63 76 82 78 68 26 54 75 62 
86 85 28 65 76 82 38 3h 85 28 
24 52 84 58 28 52 56 85 82 48 
23 53 65 25 42 82 58 56 45 8h 
28 25 32 5h 23 12 1h 54 65 67 
46 18 1h 57 85 81 78 51 75 85 
18 5h 81 38 57 35 85 78 64 16 
4h 61 56 53 15 63 16 87 18 56 
15 85 68 65 36 3h 85 78 ah 87 
58 2a 52 82 58 51 75 81 28 21 
32 81 38 28 32 57 85 82 78 83 
52 37 3h 28 15 73 82 18 58 25 
37 13 27 14 2h 82 83 78 58 45 
3h 35 83 87 58 37 85 1h 53 78 
71 81 78 35 13 18 51 38 15 ah 
83 81 31 53 54 15 87 48 17 57 
38 6a 81 75 73 76 36 56 18 ah 
63 2a 85 61 31 67 58 ah 12 83 
76 16 26 38 8a 65 61 84 16 56 
6h 42 6h 67 2h 73 7h ah 3a ah 
4a ah 
