2
83 8h 81 6a 64 2b 28 a2 62 68 
16 1a 12 1h 15 14 12 16 81 82 
12 a1 6a 61 a1 3a 31 a1 83 8h 
6a 6h 8h b6 a8 4b 6a 46 b6 4b 
45 a5 4a 46 a4 2a 23 a3 8a b8 
1b 14 b4 3b 32 b2 67 4b 41 b1 
6b 68 16 14 64 a6 2a b8 4b 23 
41 b1 32 78 6b 23 a3 4a 46 a6 
87 7a b4 7b a8 6a 64 56 a4 65 
16 14 64 56 3a 32 65 46 41 61 
46 a2 64 16 4a 61 46 a6 1a 16 
a6 1a 14 a4 6a 64 a4 6a 61 56 
a1 65 16 5a 61 56 a6 4a 41 a1 
2a 23 a3 1a 14 a4 6a 65 16 a5 
61 56 4a 65 46 a6 1a 41 a4 3a 
32 a2 6a 61 46 a1 64 16 14 64 
56 1a 65 16 a6 1a 41 46 16 21 
23 13 61 64 14 a1 6a 61 56 a1 
65 46 41 61 56 4a 65 46 a6 1a 
16 a6 1a 14 a4 6a 64 a4 6a 61 
56 a1 65 46 41 61 46 2a 64 26 
a6 27 1a 14 a4 72 3a 36 a6 27 
4a 41 a1 72 3a 27 37 a7 6a 67 
a7 1a 14 a4 7a 76 a6 2a 23 28 
62 67 27 26 76 2h 67 25 62 a3 
26 12 5a 76 21 72 62 67 27 26 
72 26 52 a2 38 4a 67 41 83 a1 
38 2a 76 25 72 62 67 27 26 72 
26 72 62 67 27 83 a5 38 26 72 
83 1a 26 72 62 67 27 26 72 26 
72 14 27 12 42 41 21 24 72 62 
67 27 26 72 26 52 a1 25 72 62 
67 27 38 2a 62 a2 83 6a 76 62 
76 38 67 16 14 64 76 26 27 67 
62 76 83 62 86 36 38 68 63 76 
26 27 67 62 76 83 62 46 41 61 
76 26 27 67 62 76 38 62 a6 83 
7a 76 38 a6 83 7a 73 78 38 a8 
26 2a 28 52 a8 68 25 82 2a 62 
86 28 12 14 24 52 a8 25 62 82 
86 26 28 52 68 25 12 4a 42 41 
21 24 82 a1 26 82 2a 62 68 28 
62 a2 82 7a 73 28 63 76 78 57 
8h 75 27 23 52 73 57 27 52 56 
26 12 83 21 72 76 17 26 82 71 
37 28 32 78 37 27 12 87 21 82 
83 23 72 23 72 78 17 28 12 72 
17 41 74 27 21 42 71 47 27 12 
17 27 12 14 24 72 74 24 72 71 
47 21 42 38 21 82 71 37 27 42 
83 73 78 17 38 71 47 27 12 83 
21 42 46 24 52 46 45 74 76 57 
46 54 74 57 53 57 15 1h 3h 38 
5h 56 15 65 61 51 56 15 56 15 
65 61 83 8h 51 56 15 56 15 65 
61 51 56 15 56 15 5h 15 14 31 
38 18 41 51 45 47 14 15 71 45 
74 14 51 3h 15 41 47 54 17 51 
41 74 54 15 14 71 54 35 17 31 
51 65 64 54 15 13 41 53 45 15 
41 64 16 51 54 35 46 16 41 53 
45 15 41 47 54 51 75 41 74 54 
15 5h 15 14 31 54 35 15 b1 5b 
53 45 b3 54 35 4b 53 45 b5 4b 
47 54 b7 45 74 5b 54 75 b4 57 
45 4b 47 34 b7 57 35 45 34 1b 
31 41 54 51 75 41 74 54 35 3h 
3h 8h 6h 8h 6h 1h 4h 8h 6h 1h 
4h 1h 7h 5h 8h 6h 8h 6h 1h 7h 
7h 8h 6h 8h 6h 8h 6h 8h 6h 8h 
2h 8h bh 3h 3h 6h ah 
