1
3h 48 24 52 35 3h 2a 27 a7 8a 
82 a2 8a 82 62 8h 65 68 67 a7 
6a 63 86 83 56 81 53 58 52 63 
68 56 57 5h 25 67 86 36 38 68 
63 86 63 86 17 52 15 1h 68 36 
3h 4h 68 36 31 61 86 81 61 36 
53 25 47 52 45 75 73 53 57 35 
57 15 18 58 15 16 56 85 73 58 
a5 37 8a 86 73 a6 37 8a 48 41 
4h 45 74 a1 43 64 61 41 74 4a 
34 37 47 34 a4 74 3a 47 35 32 
63 6h 62 46 76 74 64 67 46 4h 
67 16 13 63 16 12 62 36 32 62 
76 74 64 26 23 63 26 21 61 36 
31 61 a6 76 3a 43 46 47 64 34 
63 76 37 43 46 74 64 67 47 37 
23 46 24 25 45 64 35 23 46 74 
32 13 76 46 54 31 53 43 64 52 
46 54 24 25 45 42 34 35 63 45 
64 34 63 76 37 43 46 24 36 23 
43 64 67 47 34 32 63 42 14 36 
13 43 14 15 45 34 35 63 45 24 
36 23 43 74 76 46 34 32 63 42 
54 36 53 43 54 51 41 a4 3a 34 
23 a4 32 43 41 31 63 67 37 63 
1a 36 13 a3 1a 41 34 31 63 41 
74 73 76 36 46 24 37 63 67 37 
63 42 14 36 13 43 14 15 45 34 
35 63 45 74 73 76 36 46 24 37 
63 67 37 63 42 14 36 13 1h ah 
7h 4h 6h 24 6a 26 46 24 21 41 
24 a2 6a 61 26 a1 62 16 2a 61 
26 a6 2a 2h 5h 5h 21 62 a1 26 
52 2a 52 51 5h 5h 21 62 a1 26 
12 8a 18 28 72 76 7h 5h 7h 7h 
26 82 81 68 21 62 82 58 5h 25 
26 12 56 15 25 72 73 23 52 51 
65 21 62 52 75 7h 1h 7h 7h 7h 
1h 2h 1h 2h 1h 6h 1h 6h 1h 1h 
8h 3h 4h ah 7h 5h 12 1h 16 1h 
2h 3h 3h 6h 
