2
5h 2a 2h 6h 7b 63 14 17 a6 1a 
12 15 1h 61 62 12 15 a1 b6 7a 
25 1b 71 a1 52 7a 74 72 a7 4a 
41 a1 2a 25 a5 1a 14 a4 3a 35 
a5 4a 41 a1 7a 73 a3 27 1a 72 
67 14 a4 76 17 1a b1 7b a7 b7 
4a 47 a7 5b 1a 51 b1 7b 74 b4 
5b 52 b2 4b 47 b7 1b 12 b2 5b 
51 b1 7b 74 b4 5b 58 53 a3 83 
4a 47 57 58 45 4h 7h 75 a5 6a 
63 a3 76 5a 56 57 67 a7 45 3a 
38 58 75 76 56 b5 8b a8 6a 67 
a7 1a 15 a5 41 4a 42 4h 74 76 
46 74 72 42 67 62 72 64 27 24 
26 46 76 42 87 b8 24 7b 42 67 
62 72 64 27 24 26 46 42 62 72 
64 27 24 74 26 87 62 83 73 47 
26 46 42 62 72 34 37 b7 4b 84 
38 43 24 26 46 74 78 48 67 34 
62 72 37 47 84 b8 2b 26 b6 4b 
84 b8 6b 62 b2 3b 31 b1 4b 74 
71 27 26 76 27 41 24 74 67 64 
74 87 81 71 47 46 76 47 42 64 
72 67 47 24 62 46 74 76 37 46 
34 74 17 b1 7b 67 62 72 17 18 
78 27 26 76 a7 6a 62 a2 8a 81 
b1 2b 26 b6 3b 37 34 31 35 23 
1h 32 63 62 32 63 b5 36 23 26 
36 23 6b 32 63 32 63 23 26 36 
32 63 32 63 b2 36 23 26 36 23 
1b a1 32 83 2a 38 23 a3 6a 63 
a3 4a 47 a7 3a 36 a6 3a 32 63 
a2 36 23 6a 63 a3 62 1a 18 b8 
26 3b 36 32 63 32 63 23 26 36 
32 63 32 63 b2 36 23 26 36 23 
3b 23 b3 6b 63 b3 8b 81 b1 3b 
36 b6 3b 32 63 b2 36 23 4b 64 
32 63 32 83 42 84 34 23 26 36 
23 2h 8h 81 85 6h 63 3h 1h b8 
2b 25 b5 3b 63 65 35 23 63 16 
14 64 36 32 43 62 46 36 43 14 
31 63 64 26 34 23 63 46 41 61 
36 32 43 62 86 34 83 87 28 63 
26 86 48 47 24 87 28 48 64 68 
26 48 24 64 26 28 2h 27 17 2h 
72 5h 58 8h 21 72 2h 52 bh 85 
2b 52 8h 25 82 1h 17 5h 52 58 
28 25 82 71 1h 28 52 8h 85 1h 
71 58 25 72 2h 52 2h 82 25 82 
84 18 52 17 87 28 85 18 24 12 
82 48 13 21 23 42 82 48 13 21 
28 32 18 31 21 52 5h 28 12 13 
81 23 82 12 81 84 28 21 32 15 
85 48 18 31 21 82 84 38 ah 24 
12 18 41 28 42 12 81 46 34 1a 
81 84 68 1h 21 28 42 43 84 14 
71 7h 23 42 48 34 28 32 42 84 
8h 86 28 23 62 83 58 26 52 82 
68 7h 73 5h 45 24 25 32 45 34 
73 23 72 42 34 42 34 24 23 43 
42 34 42 34 86 38 48 24 48 24 
23 82 24 82 42 48 24 48 64 23 
82 23 82 87 38 82 38 87 38 27 
28 52 78 5h 87 46 74 4h 54 8h 
83 58 73 86 38 46 34 87 58 43 
64 68 8h 85 68 56 85 78 6h 87 
38 78 73 83 87 38 56 3h 73 3h 
65 6h 56 3h 65 bh 53 1b 35 bh 
56 2b 65 bh 51 4b 15 ah 53 8a 
35 bh 52 2b 5h ah 7a bh ah 
