0
1h 5h 2h 2h 1h 65 36 3h 3h 23 
27 25 27 27 32 31 58 21 52 51 
45 34 21 52 56 53 26 52 81 82 
84 84 51 25 28 72 58 75 25 72 
76 26 52 56 75 26 32 36 53 85 
26 82 83 52 75 74 71 78 27 23 
62 73 67 68 6h 78 67 28 62 64 
24 74 62 67 27 62 6h 6h 5h 65 
61 76 72 47 62 46 42 62 46 72 
47 67 46 45 65 76 75 47 43 65 
86 84 64 86 82 62 86 85 28 26 
86 28 25 85 68 65 85 48 45 4h 
1h 6h 85 26 28 68 46 47 48 24 
27 82 47 84 87 47 58 54 27 52 
42 54 57 5h 3h 47 24 27 47 12 
14 13 43 87 14 18 23 12 82 42 
18 14 84 18 1h 1h 7h 6h 7h 8h 
7h 1h 7h 3h 7h 3h 7h 3h 7h 2h 
7h 2h 7h 2h 5h 3h 5h 3h 7h 7h 
4h 7h 5h 3h 5h 3h 3h 5h 4h 5h 

