1
2a 2h 81 86 23 84 a7 5a 54 27 
85 a2 3a 32 31 a2 82 83 48 4a 
42 a2 82 38 3a 34 3h 38 3h a3 
8a 83 a3 2a 28 a8 2a 24 a4 8a 
84 a4 2a 28 a8 2a 23 a3 2a 2h 
a2 8a 83 18 a3 12 1a 82 78 71 
81 78 78 76 a7 6a 65 a5 2a 75 
25 27 57 a7 4a 42 a2 4a 43 a3 
2a 18 23 a3 12 82 81 21 28 12 
28 42 1a 24 72 75 25 42 a1 24 
72 4a 27 42 a2 81 4a 18 48 4h 
3h 47 57 5h 64 63 6h a6 7a 75 
7h 7h 72 71 87 a5 78 17 87 81 
71 78 17 78 27 1a 72 17 a7 87 
1a 17 18 18 12 14 71 87 18 31 
32 3h 4h 12 41 47 24 17 21 41 
24 2h 43 14 13 21 43 74 12 71 
41 74 87 48 14 17 21 78 48 74 
12 71 41 84 81 41 84 87 47 14 
17 47 14 18 21 48 74 12 71 41 
74 87 48 14 17 51 78 48 34 15 
31 41 34 32 3h 42 14 12 71 42 
74 14 31 36 16 41 47 24 17 21 
41 84 87 47 14 12 71 42 74 14 
71 87 18 41 47 24 17 21 41 74 
78 48 14 12 71 42 74 14 61 63 
13 41 47 24 17 21 41 84 87 47 
14 12 71 42 74 14 71 87 18 41 
47 24 17 21 41 a4 1a 12 71 78 
18 21 a1 3a 36 a6 1a 12 71 a2 
17 21 7a 12 71 a1 7a 74 27 a4 
72 17 14 21 74 27 17 21 7a 71 
27 26 76 17 16 51 76 57 17 51 
a6 15 71 75 37 15 31 71 57 7a 
17 13 51 73 57 17 51 58 5h 5h 
5h ah 6h 18 71 7h 57 27 32 35 
25 72 75 47 1a 51 21 52 74 17 
12 51 13 61 6h 72 37 75 37 57 
53 65 62 6h 4h 6h 4h 73 63 6h 
6h ah 1h 8h 5h 8h 2h 8h 2h 8h 
2h 2h 4h 8h 3h 8h 3h 3h 4h 6h 
8h 7h 4h 8h 3h 8h 
