3
68 6a 7b 2c 68 c5 32 b8 6c 6b 
61 c1 b6 3c 63 c6 5b 6c b6 8b 
65 b6 1b 68 b6 1b 13 b3 63 c6 
1b 1c 16 c6 1c 18 15 a1 2a c5 
1c a1 3a 12 31 a1 3a 36 a6 1a 
16 a1 16 c1 8a 8c 81 c1 5c a1 
2a c5 6c a2 8a 85 a5 1a c6 1c 
15 c5 2c a5 6a c2 1c 61 a1 6a 
63 a3 1a 13 a1 13 c1 6a 1c 61 
a1 6a 86 85 82 a2 57 1a 12 51 
71 a2 17 15 21 6a 76 65 26 16 
c1 57 6c 62 56 76 c2 67 65 26 
5c 62 56 51 61 56 c1 71 65 16 
5c 67 56 58 71 68 16 c8 67 16 
6c b6 1b 18 b8 5b c8 78 2c 87 
b5 78 1b 81 c2 18 31 1c 31 c1 
87 3c 32 c2 78 1c 12 81 c2 17 
21 5c 12 51 78 15 31 3h 2h 87 
c5 78 1c 51 87 15 31 37 47 13 
c1 3c 36 53 c6 35 73 47 54 1c 
71 45 17 a1 41 2a 24 a4 51 3a 
73 a7 15 3a 53 31 53 13 15 35 
31 53 31 c3 15 7c 23 a7 32 4a 
51 23 43 42 15 a3 51 7a 15 c7 
51 3c 32 15 c2 51 7c 15 a7 51 
4a 15 4h 51 41 54 ch 45 74 4c 
74 78 48 54 c8 45 34 5c 43 54 
56 c4 5c 51 58 5h 75 8h b1 5b 
25 23 53 a5 3a 32 a2 3a c5 3c 
63 65 35 c3 2c a3 23 2a c3 2c 
27 c7 3c 3h 37 a3 7a 37 a3 2a 
25 a5 7a 37 a3 2a 26 23 2h 21 
23 25 72 75 25 72 3h 35 27 32 
37 83 27 82 32 73 53 57 37 35 
23 28 72 38 73 23 72 35 32 53 
8h 35 23 27 82 37 83 23 52 8h 
81 ch 18 7c 25 32 3h 13 c7 31 
73 81 37 83 13 18 38 31 73 81 
37 83 13 57 2c 72 25 32 18 28 
52 31 73 23 72 81 52 32 35 23 
2h 35 73 23 72 78 7h 7h 37 32 
83 72 87 37 23 1h 32 73 78 17 
38 13 73 87 ch 78 37 31 23 71 
27 81 72 87 32 83 73 17 7c 27 
5h 72 37 38 23 78 27 37 83 18 
31 73 72 87 32 83 73 57 7h 57 
7h 57 7h 27 25 75 37 38 13 71 
47 3h 83 74 87 37 83 84 28 72 
73 87 23 12 23 12 32 31 21 78 
37 27 82 34 73 74 67 34 13 34 
13 28 12 32 83 76 47 2h 74 17 
38 13 27 42 bh 24 72 73 17 2b 
32 37 63 5h 36 73 23 52 4h 28 
32 85 71 67 23 52 8h 25 12 8h 
58 5h 76 37 32 63 72 67 37 23 
ch 32 43 8c 28 34 23 83 48 4h 
21 32 31 43 31 43 23 72 76 37 
13 26 32 73 17 74 17 24 32 37 
63 27 62 32 43 3h 73 34 73 71 
27 31 43 31 43 26 42 76 17 12 
72 17 74 67 34 23 34 23 21 62 
31 43 31 43 13 26 12 ch 21 62 
14 34 31 43 31 43 13 14 8c 38 
84 18 72 38 48 ch 27 83 34 83 
81 48 31 81 72 43 3c 28 17 13 
73 17 41 5h 82 38 37 23 71 81 
58 74 57 87 48 32 73 56 26 36 
13 72 17 37 23 25 72 78 17 28 
62 65 25 82 36 83 23 62 71 67 
14 27 52 81 48 14 3h 27 42 81 
58 31 53 83 78 83 78 76 37 36 
76 17 72 17 35 63 85 68 38 23 
37 53 3h 83 86 78 36 53 24 84 
35 71 bh 12 68 63 67 42 37 43 
23 8b 78 21 52 82 18 76 27 38 
65 26 82 76 84 31 1h 67 68 43 
56 76 34 85 6h 67 43 58 23 75 
86 bh 32 67 58 23 75 86 3b 62 
57 31 75 26 1h 68 53 36 5h 67 
86 ah 62 76 2a 63 6h bh 3b ch 
1c ah 4a bh ch ah 
