1
2h 7h 65 72 64 71 3a 31 34 3h 
a1 6a 65 75 74 78 27 21 71 a2 
57 5a 53 63 65 a5 75 1a 16 a6 
1a 17 a7 53 6a 67 a6 67 16 6a 
16 13 18 a6 2a 28 2h 7h 18 13 
12 1h a1 8a 18 a1 2a 42 a4 1a 
61 63 a6 13 81 68 56 1a 51 61 
a6 8a 68 a6 2a 42 a4 6a 16 15 
a1 65 76 1a 71 61 a6 73 87 68 
3a 36 a6 4a 24 a2 8a 78 47 24 
72 17 16 41 24 12 51 76 37 15 
31 71 37 35 75 a7 2a 42 a4 1a 
15 21 a5 3a 12 81 78 67 a3 4a 
24 a2 1a 31 76 a7 5a 13 41 a5 
24 8a 12 78 31 37 17 31 3h ah 
37 53 5a 57 a7 37 83 3a 83 a3 
2a 42 a4 3a 38 a3 38 53 5a 51 
a1 31 73 3a 73 71 31 83 a1 38 
63 8a 36 83 a3 2a 42 a4 3a 38 
63 a8 36 83 6a 38 63 a3 6a 61 
86 a1 68 56 53 8a 3h 35 31 83 
51 38 23 42 34 13 a8 31 23 42 
34 83 15 38 23 7a 51 32 73 76 
87 36 83 73 17 a6 71 57 58 17 
5a 71 38 58 25 42 54 85 83 53 
15 3h 51 25 42 54 85 35 38 53 
38 23 42 34 83 17 1h 35 83 53 
58 75 71 87 51 85 75 37 3h 83 
75 87 85 37 53 3h 23 42 34 a3 
2a 23 72 a3 27 8a 82 8h 8h 58 
1h 85 28 72 87 58 8h 58 52 45 
82 48 58 25 27 57 25 1h 52 45 
7h 72 54 75 2h 27 52 45 1h 54 
75 1h 27 52 45 7h 27 54 25 21 
72 1h 25 82 84 38 23 42 57 82 
78 8h 48 ah 84 28 24 32 24 32 
42 43 83 48 4a 84 28 24 32 84 
38 48 43 23 82 84 38 24 32 82 
a8 38 43 48 38 43 4a 4h 46 42 
48 52 65 78 67 4h 24 57 25 45 
74 76 57 46 24 75 87 42 84 54 
52 65 28 78 67 8h 48 42 64 57 
85 7h 52 65 28 45 24 75 87 42 
84 28 78 27 47 54 87 8h 45 74 
23 52 83 73 43 54 78 37 38 78 
37 24 32 72 47 45 84 82 42 84 
83 43 24 75 27 47 24 28 72 48 
27 3h 74 52 78 37 48 54 24 12 
56 15 73 17 57 35 2h 72 74 67 
53 45 25 42 47 54 52 75 21 41 
84 57 35 27 82 85 25 72 45 74 
24 52 83 2h 42 47 54 27 52 42 
34 53 85 35 43 24 25 72 53 43 
54 58 75 48 14 57 15 45 34 27 
52 57 35 58 35 48 74 24 72 53 
75 15 21 42 45 84 51 21 52 83 
43 84 25 82 5h 57 15 5h 35 42 
34 54 35 4h 42 14 38 23 28 17 
47 84 35 83 43 14 28 52 38 28 
72 41 74 24 72 53 45 83 76 87 
37 42 34 48 14 24 78 21 62 87 
41 51 75 73 87 38 42 84 54 15 
5h 45 57 25 43 74 43 14 52 35 
57 15 21 41 34 52 75 12 57 15 
43 74 43 14 54 25 5h 45 78 27 
46 84 56 85 72 37 45 73 5h 34 
37 58 65 26 73 67 43 64 74 37 
52 85 35 75 47 46 54 76 57 38 
47 7h 23 64 42 64 34 83 73 27 
58 45 38 54 72 4h 25 87 46 84 
61 26 12 56 48 73 21 85 3h 64 
67 12 58 26 71 41 3h 65 82 17 
14 51 71 28 46 13 3h 65 17 51 
76 6h 82 14 46 2h 63 31 6h 15 
5h 8h 1h ah 
