0
3h 8h 5h 26 2h 53 5h 2h 5h 58 
54 25 28 26 24 82 54 85 25 82 
78 76 27 52 57 27 45 36 47 42 
72 52 63 74 25 24 54 27 36 45 
47 57 63 82 85 25 83 87 18 78 
52 53 23 87 45 78 42 52 75 85 
87 57 58 78 75 85 87 57 82 52 
72 48 27 15 1h 8h 15 72 38 31 
3h 81 27 68 38 36 3h 86 8h 72 
78 28 27 87 82 72 58 27 53 83 
72 65 27 68 58 72 65 63 53 27 
85 83 53 72 18 27 15 85 13 72 
48 14 12 41 42 46 12 41 4h 54 
53 43 25 74 7h 6h 52 75 7h 1h 
8h 21 28 18 21 24 14 81 84 14 
38 31 81 28 25 85 18 13 83 41 
48 18 41 45 15 81 85 15 78 71 
7h 7h 5h 71 27 28 78 62 36 37 
67 6h 6h 36 3h 4h 74 76 46 37 
34 32 42 72 64 67 47 64 62 42 
64 6h 7h 5h 72 36 34 64 37 36 
3h 6h 3h 2h 5h 2h 5h 2h 5h 2h 
5h 5h 2h 2h 2h 8h 8h 8h 4h 1h 
7h 4h 1h 4h 
