1
34 7a 52 81 a3 8a 8h ah 53 7a 
52 87 8h 74 78 a7 67 65 68 6a 
64 6h 16 17 67 16 14 1h 6h 16 
16 12 61 65 46 48 68 46 15 41 
61 46 47 4h ah 2a 24 a4 1a 16 
51 a6 5a 54 a4 2a 14 21 26 28 
a1 5a 58 28 23 54 25 2h 5h 7h 
72 78 75 28 72 52 75 76 34 74 
37 56 35 75 47 45 75 47 43 73 
47 5h 74 37 34 74 57 74 57 47 
45 43 75 73 27 26 32 34 76 37 
47 27 32 31 35 43 a1 34 31 38 
13 4a 41 34 53 57 37 13 8h 41 
34 53 7h 35 73 a1 37 53 51 45 
31 43 71 53 45 42 52 45 46 47 
34 32 73 42 74 34 73 72 17 32 
13 43 86 42 14 72 37 68 73 17 
47 34 37 13 47 14 34 73 27 32 
73 86 5a 45 37 13 68 43 74 53 
75 45 74 73 57 54 35 74 37 57 
45 24 52 45 86 5h 45 47 34 57 
15 68 35 73 45 74 34 73 75 47 
43 54 73 57 47 34 24 23 43 42 
34 42 34 24 23 43 86 8h 34 8h 
32 3h 42 37 53 51 75 31 73 53 
15 75 37 35 13 24 ah 42 31 53 
73 57 51 35 37 13 57 15 35 23 
3a 73 4h 74 34 53 73 67 7h 37 
35 43 47 64 68 48 74 34 53 73 
67 6h 51 45 43 64 3h 46 34 31 
63 41 64 34 13 8h 31 43 46 14 
36 13 43 84 2h 25 7h 57 48 14 
2h 75 37 34 53 52 45 32 63 75 
67 37 53 54 65 ah 34 73 75 47 
35 43 73 57 41 64 7a 57 54 15 
7h 37 35 23 8h 32 53 73 47 51 
85 46 14 5h 85 2h 58 35 34 63 
73 87 7h 47 57 35 41 84 36 13 
85 45 74 73 57 43 54 74 37 56 
35 31 63 51 65 35 13 4h 45 14 
58 34 53 83 85 35 38 43 73 57 
78 57 56 35 87 53 85 2h 75 76 
57 58 35 78 67 53 65 75 37 34 
53 74 27 74 27 35 43 37 43 73 
74 37 74 57 32 43 32 43 75 47 
37 53 41 74 71 87 41 24 41 24 
78 27 47 24 56 75 15 36 53 86 
17 37 13 53 75 53 75 71 67 51 
35 51 35 78 67 34 63 54 15 54 
15 45 36 13 76 17 37 83 5h 57 
45 74 3h 73 43 71 37 41 71 87 
42 84 64 32 43 52 15 34 13 53 
45 56 15 48 34 35 63 45 64 34 
53 78 57 37 43 46 24 36 73 47 
24 74 75 67 52 32 43 45 64 35 
23 74 57 72 57 37 43 51 75 71 
27 51 25 75 87 86 36 13 74 17 
37 53 51 45 31 73 72 17 31 63 
72 17 34 13 73 47 76 17 48 34 
37 63 47 64 34 73 58 25 57 25 
35 43 46 54 75 36 53 45 24 74 
34 53 57 85 3h 73 58 65 71 87 
31 43 31 43 56 85 42 64 75 67 
47 54 32 73 56 25 36 23 53 15 
53 15 78 17 57 35 57 35 48 74 
73 43 84 68 71 67 47 14 54 35 
4h 53 75 76 87 58 65 42 75 21 
5h 34 87 31 41 84 56 48 32 6h 
15 14 13 54 25 78 47 43 84 73 
87 47 34 35 45 74 32 47 2h 53 
54 34 73 76 47 51 65 41 71 35 
6h 54 17 13 16 36 76 45 2h 63 
6h 57 61 75 ah 14 3a 52 41 25 
ah 16 5a 61 5h 17 1h ah 7a ah 
8a ah 
