1
6h 3a 67 64 62 65 16 a2 1a 18 
15 1h 16 14 34 71 75 a7 15 4a 
41 a1 4a 47 a7 2a 27 17 12 a2 
8a 81 41 81 31 35 34 84 8h 6h 
87 58 53 83 85 35 28 53 78 72 
82 87 35 38 27 58 53 54 83 72 
84 34 38 27 48 35 45 85 84 72 
78 28 27 87 82 72 48 27 58 54 
84 85 72 78 28 27 45 87 82 72 
a8 54 1a 27 45 18 72 a8 54 1a 
27 45 13 72 a3 54 21 45 2a 17 
54 21 45 a1 71 8a 17 54 83 71 
a3 17 1a 12 a2 72 21 45 2a 54 
72 12 45 41 51 54 a7 3a 14 15 
a3 21 45 2a 54 72 12 45 a7 54 
21 45 2a 17 54 21 45 a1 71 7a 
72 a2 54 7a 45 12 73 a3 7a 78 
a8 1a 13 a1 4a 13 23 a4 61 6a 
54 26 36 32 62 63 a6 16 45 3a 
31 a1 21 3a 38 a8 54 2a 28 a8 
45 18 1a 12 a2 51 4a 54 a5 6a 
14 82 81 21 45 28 18 12 41 51 
a6 82 54 2a 14 15 45 41 a2 1a 
81 a4 1a 81 a1 8a 83 a3 21 54 
2a 23 a3 13 2a 45 23 2h 54 73 
75 67 62 a6 72 1a 16 27 41 a6 
54 72 8a 15 81 27 a1 72 8a 78 
28 a7 82 8a 48 54 85 18 17 87 
21 28 18 a2 82 21 1a 21 82 a1 
2a 28 a8 18 1a 41 54 15 31 3h 
ah 6h 2h 2a 2h 1h 8h 3h 36 42 
63 41 51 25 82 8h 36 3h 3h 1h 
51 54 14 15 45 37 3h 54 48 41 
85 48 18 71 58 73 13 a1 85 2a 
42 58 24 52 82 85 84 78 25 24 
62 87 68 28 42 52 54 63 46 26 
25 42 52 62 65 46 25 64 86 83 
48 63 46 52 86 58 56 86 58 26 
85 28 25 72 85 78 28 42 43 71 
47 65 4h 56 3h 65 4h 54 46 54 
64 65 45 46 54 46 84 81 58 41 
54 84 58 52 82 48 42 54 82 58 
56 86 58 8h 58 65 8h 18 ah 81 
68 58 56 15 8a 51 65 86 18 5h 
65 81 68 58 65 26 52 85 86 18 
56 15 85 68 62 82 58 51 65 81 
68 58 65 64 86 85 18 3h 81 58 
68 46 56 85 86 18 56 15 85 68 
3h 86 58 51 65 81 68 58 65 64 
36 54 15 2h 63 46 51 85 37 58 
25 3h 58 75 73 87 53 85 75 47 
52 58 15 67 86 87 18 58 75 65 
26 5h 62 16 8h 86 78 58 65 61 
36 74 17 3h 71 47 51 85 87 18 
57 15 85 78 ah 87 58 51 75 81 
78 58 15 74 17 6a 46 71 87 86 
38 51 65 75 37 71 37 17 13 73 
83 18 64 56 54 25 64 26 56 45 
78 47 27 52 65 67 46 72 52 35 
7h 53 25 64 86 74 27 24 74 27 
54 25 81 48 61 46 47 67 46 87 
48 65 76 58 54 75 78 58 45 68 
16 52 15 72 37 65 36 76 57 51 
65 67 86 57 85 65 76 73 71 87 
63 56 57 15 7h 72 87 84 18 74 
27 74 27 81 28 51 45 48 58 45 
75 87 75 87 82 18 72 57 72 57 
54 15 85 48 78 27 5h 78 27 51 
85 57 85 75 78 27 7h 17 1h 31 
3h 37 8h 73 82 ah 58 37 85 28 
6a 76 84 58 54 35 84 73 63 5h 
48 47 46 35 87 38 58 75 76 87 
56 78 4h 65 6h 87 62 78 ah 24 
1a 86 42 68 ah 27 5a 81 72 18 
ah 24 8a 42 8h 26 2h ah 6a ah 
3a ah 
