1
6h 3h 2a 54 61 6h 21 31 27 25 
25 71 31 73 7h 2h 24 62 68 67 
a7 8a 86 a6 86 8a 81 87 8h 6h 
6h 5h 6h 5h 5h 78 76 71 61 76 
74 7h 6h 56 75 46 47 81 45 a8 
67 65 75 2a 36 32 62 57 56 76 
75 65 a7 56 3a 65 37 47 63 53 
46 42 4h 62 56 36 35 65 63 53 
56 36 35 65 37 67 57 13 75 16 
36 57 13 75 12 32 57 63 62 32 
75 76 56 57 67 65 75 23 57 26 
36 75 23 21 31 57 a3 75 6a 61 
57 a1 56 2a 76 75 65 67 26 57 
a6 75 2a 23 a2 23 62 63 76 23 
72 62 76 52 67 56 57 67 26 67 
26 25 72 75 25 72 62 56 6a 26 
27 12 67 a6 67 16 26 12 2a 62 
75 26 72 13 27 12 32 31 21 23 
a2 21 52 6a 27 12 13 23 a2 75 
63 76 23 72 56 52 62 65 26 65 
26 27 12 67 16 26 72 52 57 27 
25 62 75 2a 12 62 a6 62 76 56 
57 67 65 26 75 62 36 6a 36 a6 
57 3a 32 a2 75 6a 62 a6 62 76 
56 57 67 65 26 75 62 16 7a 61 
76 a6 56 5a 57 a7 67 6a 65 a6 
65 26 75 62 16 6a 16 57 a6 75 
1a 18 1h 1h 4h 14 1h 14 a1 48 
57 5h 3h 5h 5h 58 5h 2h 2h 7h 
2a 2h 23 2h 8h 6h 4h 1h a1 65 
46 4h 1h 7h 7h 3h 7h 2h 3h 7h 
7h 3h 3h 5h 6h 8h 3h 8h 5h 8h 

