2
52 6a 6b 65 a5 45 47 4a b4 6b 
62 6h 8h 86 84 68 b6 8b 86 8h 
87 68 b8 3b 37 63 86 16 83 68 
63 83 76 78 73 83 78 7h 5h 2h 
63 26 23 82 48 63 46 86 a8 1a 
18 48 12 42 4h 1h 5h 56 3h 65 
73 67 68 16 57 58 15 71 1h 31 
3h 32 7h 23 3h 87 84 74 8h 47 
4h 48 24 3h 42 34 24 23 43 42 
84 2h 48 34 32 42 34 35 45 24 
25 45 24 23 12 31 41 54 51 41 
54 53 43 14 13 43 14 15 31 34 
35 14 71 78 18 31 51 53 13 15 
31 74 15 21 24 14 21 28 62 36 
56 53 63 65 36 65 b6 53 1b 31 
15 31 51 53 13 15 21 b2 35 7b 
37 57 53 73 75 a7 35 2a 27 12 
81 a7 18 31 51 53 13 15 31 15 
31 51 53 13 15 71 5a 17 b1 3b 
35 b5 3b 31 b1 3b 32 37 36 34 
63 62 86 32 83 63 86 82 62 36 
32 83 87 28 37 23 27 83 48 63 
76 8h 38 62 36 32 53 51 62 46 
82 48 68 46 31 83 86 48 36 43 
83 68 2h 86 38 34 63 84 68 38 
43 63 86 83 48 63 26 81 28 27 
87 38 67 36 86 38 31 63 68 26 
38 23 63 86 8h 81 38 32 53 82 
58 38 23 3h 83 5h 38 23 5h 32 
83 6h 26 38 23 63 86 7h 68 36 
32 73 3h 73 76 72 62 67 26 36 
83 2h 38 63 67 86 37 23 68 26 
36 83 25 72 1h 27 52 7h 38 63 
62 76 73 72 32 37 23 63 86 1h 
68 36 32 73 23 27 37 32 73 32 
73 23 27 37 67 86 14 4h 68 26 
36 73 3h 63 62 86 32 73 32 13 
41 24 47 24 68 26 46 84 76 3h 
63 37 63 62 16 32 73 32 73 61 
76 36 23 36 23 75 48 24 45 14 
35 63 35 63 18 62 86 46 84 32 
63 64 26 34 23 27 12 63 46 42 
62 36 37 23 67 26 57 64 56 34 
53 63 46 42 62 36 48 24 76 28 
48 64 47 54 34 83 64 86 81 62 
46 32 43 63 26 21 61 36 76 28 
62 63 76 26 32 74 75 45 6h 63 
86 25 32 34 53 24 52 32 43 24 
32 53 2h 23 42 68 24 1h 86 32 
42 35 13 68 26 38 43 81 63 86 
24 32 24 52 68 16 68 16 32 83 
36 83 63 68 36 68 26 31 43 25 
42 25 12 35 13 64 86 83 63 46 
28 32 28 32 64 86 83 63 56 81 
48 68 36 85 21 32 62 56 21 54 
57 12 13 87 18 6h 26 38 68 46 
23 82 23 82 81 78 64 36 62 36 
26 75 85 18 28 52 45 31 63 54 
81 31 43 24 52 32 43 68 26 18 
27 12 64 86 81 61 46 34 73 63 
46 28 32 63 16 24 61 8h 32 46 
24 63 1h 12 16 26 32 35 81 2h 
63 48 52 27 12 87 21 45 31 1h 
58 72 74 13 45 31 87 27 5h 74 
73 18 43 81 1h 32 61 23 5h 14 
ah 38 41 83 3a 16 37 61 7h 12 
1h ah 2a ah 7a bh ah 
