0
1h 48 4h 16 84 87 28 21 2h 51 
28 47 27 65 67 6h 46 27 2h 4h 
8h 82 87 27 32 38 35 3h 37 34 
28 72 75 7h 3h 25 63 62 6h 61 
64 32 56 53 63 76 56 57 67 65 
75 36 35 65 43 46 41 42 61 31 
45 76 73 72 32 62 74 73 76 36 
73 46 74 7h 76 5h 78 48 53 57 
52 72 54 57 47 24 27 34 37 23 
26 36 73 76 36 73 72 67 63 73 
43 62 67 27 26 76 72 34 37 36 
32 47 46 76 13 14 34 67 63 73 
76 36 17 1h 3h 5h 5h 2h 8h 2h 
5h 43 47 37 85 84 54 83 53 85 
85 43 45 84 8h 7h 7h 58 54 38 
34 35 45 85 84 54 13 18 38 13 
1h 14 1h 7h 1h 34 6h 8h 84 6h 
4h 6h 4h 6h 4h 2h 6h 4h 2h 4h 
6h 6h 4h 6h 4h 5h 2h 2h 5h 6h 
5h 
