1
6h 23 12 61 6a 63 6h 61 46 41 
41 54 51 52 61 46 43 63 76 73 
78 43 75 7h 64 21 26 28 2h 2h 
2h 68 26 23 42 43 64 86 16 23 
82 12 62 18 68 a6 28 2a 21 a1 
3a 32 a2 3a 34 81 a4 18 2a 24 
81 a4 18 32 81 3a 37 18 a7 54 
27 81 32 45 6a 23 56 18 12 64 
82 81 21 28 45 36 18 32 54 62 
81 36 45 a3 18 2a 54 26 81 a6 
45 32 3h 31 54 3a 36 37 3h 45 
13 54 18 38 45 43 53 54 57 34 
58 28 43 45 47 57 37 42 45 25 
73 42 37 46 26 73 34 12 47 14 
24 73 52 37 56 26 73 35 12 57 
15 25 73 42 37 45 25 73 34 12 
47 14 24 12 1h 7h 71 76 36 13 
17 37 13 1h 7h 7h 15 a5 51 3a 
53 13 41 42 12 54 31 34 14 53 
51 31 52 43 45 35 41 73 74 34 
53 51 31 75 73 53 45 43 53 14 
15 45 84 8h 8h 3h 58 51 81 8h 
15 18 1h 58 15 12 52 31 35 15 
37 81 83 82 32 12 73 51 53 13 
85 81 51 a5 4a 14 18 48 31 34 
14 37 81 83 13 41 47 17 84 81 
41 34 31 41 73 74 34 83 8h ah 
6h 6h 2h 6h 6h 6h 2h 4h 1h 6h 
2h 4h 1h 6h 2h 7h 1h 6h 3h 8h 
2h 7h 1h 5h 8h 2h 7h 2h 6h 2h 
6h 2h 
