1
43 1a 1h 84 52 a8 58 57 3a 35 
34 13 a5 15 2a 24 12 a4 1a 18 
a1 5a 51 a1 2a 21 a1 5a 56 a6 
5a 52 a2 8a 85 a5 8a 87 8h a8 
5a 58 a8 1a 15 a5 1a 16 a6 5a 
56 a6 7a 75 a5 7a 78 7h 72 12 
71 78 a7 5a 57 a7 4a 45 a5 4a 
48 a8 5a 58 a8 85 4a 4h 5h 35 
34 31 35 3h 8h 37 61 6h 13 16 
36 53 54 34 85 83 53 85 a8 5a 
85 a8 3a 35 a5 83 3a 83 a3 1a 
81 87 17 51 53 13 71 78 18 a1 
8a 87 a7 5a 65 61 51 65 62 52 
15 12 52 75 78 58 25 21 51 25 
26 56 a5 8a 87 a7 3a 35 a5 1a 
16 a6 3a 37 a7 83 1a 38 51 57 
17 83 81 8h 7h 82 31 75 a2 57 
48 75 13 5a 31 43 83 a7 48 75 
4a 84 38 57 34 84 75 23 28 38 
57 63 68 6h 38 62 75 7h 6h 53 
57 37 85 83 82 32 52 43 45 35 
63 65 6h 6h 2h 35 13 63 16 31 
36 16 53 51 31 53 54 34 25 28 
58 43 45 35 13 15 35 21 25 15 
83 85 35 21 23 13 51 58 18 51 
53 13 81 83 13 51 52 12 31 38 
18 31 32 12 81 82 12 31 35 15 
23 28 38 21 25 15 83 85 35 21 
23 13 51 58 18 51 53 13 81 83 
13 51 52 12 31 38 18 51 54 14 
25 41 21 51 24 85 83 53 42 45 
25 24 2h 3h 2h 2h 7h 8h 42 52 
54 24 48 45 24 52 35 3h 84 18 
1h 12 71 7h 8h 6h 4h 24 28 48 
42 82 84 24 78 42 76 7h 4h 7h 
86 28 24 2h 84 32 38 28 34 62 
63 23 82 84 24 68 67 6h 87 42 
48 28 32 37 27 43 42 32 83 82 
32 48 43 4h 4h 5h 1h 4h 2h 2h 
7h 2h 7h 2h 7h 8h 7h 3h 6h 7h 
7h ah 
