1
6h 26 83 43 24 2h 3h 54 78 7h 
2h 73 78 5a 57 51 57 56 a1 85 
5a 35 37 57 85 a5 8a 85 86 48 
4h a6 8a 84 85 68 a4 86 58 8a 
58 a8 5a 56 35 a6 5a 85 86 a8 
56 35 3h 4h 7h 7h 35 31 3a 3h 
7h a3 13 87 18 8a 18 a8 38 3a 
43 46 36 a3 14 18 78 3a 63 87 
36 53 51 65 31 43 56 45 35 43 
4h 78 4h 87 41 74 8h 47 a4 84 
3a 73 74 34 83 85 68 35 63 75 
36 13 86 18 38 43 45 35 83 81 
68 31 63 83 68 6h 6h 4h a6 3a 
38 63 6h 61 a8 16 4a 64 41 24 
23 21 32 31 63 21 62 32 83 8h 
81 68 5h 86 28 26 12 86 18 28 
a2 3a 83 81 68 31 63 83 58 52 
82 68 5h 86 38 36 13 86 18 38 
a3 8a 81 68 a1 86 18 7a 27 81 
28 78 67 25 62 72 87 85 68 75 
67 87 28 27 62 64 87 68 6h 16 
3h 13 63 46 84 38 31 53 81 58 
38 53 52 32 83 82 18 32 13 83 
58 56 15 86 18 17 58 75 5h 75 
6h 64 57 35 3h 73 46 37 43 63 
64 16 34 61 76 17 61 86 43 68 
a6 34 36 13 71 37 83 1a 38 13 
73 71 31 37 13 37 13 73 71 31 
46 a3 64 1a 46 31 37 23 2h 64 
a7 46 1a 71 a7 64 5a 15 71 57 
85 8h 18 71 87 28 2h 24 72 2h 
72 2h 12 17 27 42 46 26 12 4h 
21 72 71 21 a2 1a 17 a7 1a 1h 
17 1h 16 86 78 1h 61 87 68 18 
61 2h 82 81 68 21 62 82 18 3h 
13 83 28 18 31 38 73 18 71 31 
83 26 82 5h 85 25 62 82 78 3h 
13 87 31 1h 58 23 17 32 52 71 
73 75 82 57 37 17 2h 28 25 73 
71 85 17 37 24 5h 78 71 73 42 
13 83 52 3h 31 28 26 86 13 3h 
65 62 37 26 56 6h 68 71 84 17 
7h 43 36 6h 6h 7h ah 4a ah 
