1
8h 3a 13 17 61 58 a6 3a 32 a2 
1a 18 13 1h 7h 1h 23 a8 6a 32 
58 58 a6 53 7a 58 54 a7 25 1a 
21 24 31 26 34 14 13 53 71 a5 
3a 43 17 41 31 34 14 13 a1 13 
71 1a 71 a1 7a 74 54 75 74 54 
27 a5 1a 14 61 76 a4 3a 37 32 
34 72 37 a2 6a 16 31 35 63 a6 
4a 15 61 36 a3 2a 34 23 a3 6a 
16 21 27 17 a1 6a 16 31 37 43 
17 51 34 63 15 a6 81 3a 63 18 
a6 4a 41 45 a1 6a 36 43 53 54 
34 35 13 14 51 34 73 15 81 37 
83 13 a1 3a 38 a8 7a 73 a3 1a 
61 a6 1a 31 37 53 17 81 35 43 
18 a1 34 6a 63 a3 6a 65 62 16 
31 63 16 a1 3a 31 43 a1 8a 34 
13 61 36 43 45 35 a8 63 6a 67 
56 54 64 a6 3a 43 16 45 35 23 
a1 3a 63 a2 6a 56 54 64 a6 16 
3a 13 63 61 86 a1 5a 68 46 a5 
3a 64 13 a6 4a 45 a5 61 4a 46 
a6 4a 47 a7 1a 31 a3 6a 67 a6 
1a 67 31 a3 8a 56 57 a8 67 56 
7a 76 75 65 67 a6 3a 65 a6 3a 
53 57 37 13 61 a6 16 31 6a 16 
13 63 61 26 a1 7a 62 46 a7 3a 
13 a1 8a 64 56 a8 7a 76 a6 1a 
31 75 a3 6a 65 67 a6 8a 57 67 
a8 5a 56 a6 1a 31 a3 7a 76 a6 
1a 31 a3 5a 54 35 13 51 35 a4 
3a 63 67 37 a3 53 65 7a 64 75 
a6 1a 57 54 a5 1a 74 64 36 53 
a5 1a 65 41 47 17 26 21 2h 61 
a6 2a 72 74 24 a2 3a 36 83 a6 
5a 38 43 a5 3a 43 a3 2a 42 74 
27 62 56 25 32 37 83 27 82 32 
53 65 36 73 74 34 23 28 62 38 
63 23 a2 6a 46 47 67 a6 2a 52 
56 35 26 82 53 75 28 72 52 a5 
3a 63 a6 7a 47 a4 3a 63 a6 2a 
24 82 a4 6a 28 a2 5a 36 23 85 
82 52 a5 85 2a 25 62 a5 4a 47 
a7 36 1a 23 42 a1 7a 72 74 a2 
3a 63 a6 2a 24 27 a2 47 27 4a 
62 36 23 a4 5a 52 58 a2 5a 75 
74 54 25 28 58 a2 65 36 53 2a 
75 72 52 a5 6a 36 a3 4a 42 a2 
5a 35 63 56 a5 4a 47 a7 2a 27 
a7 3a 63 a6 2a 24 72 a4 3a 63 
a6 8a 27 32 a8 63 2a 62 32 a3 
5a 75 74 54 a5 3a 36 13 a6 5a 
85 31 23 62 36 13 58 25 31 73 
62 56 45 37 47 83 57 85 35 63 
26 32 53 58 a5 38 13 8a 31 83 
85 35 83 a5 38 53 8a 35 83 81 
31 53 a1 35 83 87 85 86 86 58 
36 53 83 58 51 81 38 31 43 81 
48 38 13 3a 83 84 18 34 13 15 
35 13 85 18 16 86 58 36 53 56 
36 13 86 48 31 43 83 18 7h 81 
38 34 23 6h 32 43 83 18 ah 81 
38 34 23 8a 18 32 43 81 48 38 
13 7h 31 83 84 28 7h 82 48 38 
73 6h 37 83 84 18 34 73 65 5h 
37 43 81 48 38 73 7h 74 84 87 
48 38 13 ah 31 83 84 28 47 37 
13 82 48 31 43 83 18 5a 25 6h 
52 45 81 38 35 43 a6 34 53 83 
18 54 25 3a 81 48 52 45 38 43 
53 85 83 18 53 45 81 48 58 15 
a3 51 45 4a 41 41 46 46 42 14 
4h 14 6h 41 34 7h 43 74 7h 43 
14 7h 41 34 6h 43 14 1h 12 31 
1h 31 37 17 31 3h 38 23 6h 32 
63 3h 23 7h 32 73 4h 24 31 23 
17 43 74 4h 34 32 83 42 84 34 
23 85 48 45 24 85 34 1h 48 23 
71 84 78 18 41 32 73 14 81 83 
28 35 15 71 31 43 48 74 6h 38 
13 14 81 34 83 13 41 82 38 32 
43 82 68 82 68 28 34 63 23 83 
82 38 82 38 36 43 86 28 86 28 
13 21 81 38 47 24 83 18 14 31 
84 78 13 61 1h 31 38 43 18 41 
31 83 42 84 87 28 47 14 37 63 
68 48 64 14 81 38 63 26 42 12 
81 46 74 86 16 71 41 24 28 72 
68 46 14 12 81 42 84 14 21 83 
48 64 86 38 4h 83 28 18 31 41 
84 61 27 62 87 68 47 14 18 48 
74 21 82 21 82 83 78 36 26 12 
26 72 82 18 68 61 63 13 4h 84 
31 41 24 83 18 83 18 38 16 81 
86 38 18 31 61 42 64 5h 81 84 
18 84 18 13 41 18 41 81 84 18 
84 28 13 41 13 41 31 46 14 16 
31 41 34 16 14 61 14 61 41 46 
16 14 61 14 61 27 62 12 41 12 
41 46 74 16 21 16 21 61 23 12 
63 23 62 12 61 47 24 34 87 38 
31 36 13 82 48 23 26 52 57 27 
32 84 68 23 62 81 38 12 82 58 
16 41 23 26 46 34 16 51 43 74 
78 15 71 15 71 85 45 64 43 64 
34 36 46 43 64 43 64 62 17 31 
14 31 41 26 32 73 42 14 42 64 
14 61 37 43 23 87 38 24 84 28 
26 72 38 43 38 43 46 74 36 83 
36 83 81 68 61 81 68 38 13 38 
13 83 81 31 38 13 38 13 16 36 
83 24 36 6h 62 63 23 82 81 38 
23 42 47 14 34 31 43 31 63 43 
14 43 14 84 38 27 32 16 82 4h 
71 78 24 23 42 23 62 42 34 87 
28 48 34 42 74 1h 81 83 28 18 
51 1h 81 13 51 47 82 15 74 2h 
38 31 81 58 47 54 47 26 8h 54 
1h 72 78 13 47 85 25 3h 71 64 
58 52 15 85 46 2h 61 58 54 47 
87 16 3h 72 74 68 24 86 4h 61 
45 1h 53 37 7h 7h 6h 5h ah 
