1
26 13 8a 26 2h a2 3a 53 a5 6a 
68 a8 18 61 6a 65 65 64 63 26 
25 65 26 a2 6a 76 87 a8 7a 87 
a8 1a 14 15 61 36 a4 63 26 3a 
62 36 a6 3a 32 32 13 a2 31 7a 
87 a8 13 6a 31 62 16 a2 63 86 
5a 31 68 56 a6 13 5a 52 a2 31 
6a 62 16 a2 63 76 6a 36 61 26 
87 62 86 76 78 13 a8 31 6a 86 
a8 13 4a 47 a7 31 6a 86 a8 13 
1a 17 13 61 67 36 17 81 63 46 
18 64 a1 36 31 61 36 3a 31 3h 
73 87 38 43 41 31 23 41 4h 3h 
73 87 8h ah 3a 73 78 38 73 71 
31 73 74 34 73 76 75 27 25 75 
27 36 23 73 57 53 73 57 52 72 
37 32 72 37 35 23 27 25 37 13 
14 34 23 53 52 32 35 73 72 75 
47 25 35 23 74 27 37 53 57 37 
53 52 32 73 72 32 73 75 27 23 
25 73 47 41 71 27 57 52 72 75 
87 a8 25 7a 27 57 52 72 75 27 
75 27 57 52 72 75 37 32 35 23 
73 27 52 75 37 32 43 25 75 47 
37 53 52 32 43 4h 4h 8h 81 a1 
2a 25 a5 7a 73 27 a3 72 37 2a 
73 27 a7 5a 57 a7 5a 52 a2 7a 
72 a2 7a 75 27 a5 72 57 3a 75 
27 25 75 37 a7 3a 13 18 38 53 
52 32 13 17 37 23 25 35 83 87 
37 53 52 32 83 81 31 23 84 32 
53 82 35 73 71 31 43 48 24 38 
23 25 43 14 17 47 24 54 52 42 
45 34 32 53 42 54 34 53 58 5h 
5h 56 5h 2h 25 24 54 25 23 28 
53 85 a6 52 85 2a 28 52 45 43 
53 85 a5 28 58 52 45 48 24 58 
25 45 24 3a 38 42 84 a4 3a 83 
a8 7a 7h 7h 3h 7h 7h 76 27 83 
8h 6h 72 47 4h 24 85 8h 42 34 
35 3h 6h 6h 8h 8h 23 45 24 34 
23 2h ah 7h 1h 5h 1h 5h 1h 5h 
1h 5h 1h 5h 1h 4h 1h 1h 6h 4h 
1h 6h 3h 8h 6h 8h 
