1
8h 4a 71 75 85 82 68 46 48 4h 
41 71 58 48 68 47 a4 2a 37 63 
a2 3a 35 32 3h 37 a5 38 3a 73 
72 a3 8a 85 a5 3a 32 53 a2 58 
3a 83 a3 8a 58 a5 4a 34 38 23 
85 45 32 84 a3 2a 48 24 a4 27 
3a 23 73 72 32 37 53 58 38 43 
42 32 a4 13 8a 85 31 a5 23 2a 
27 a7 5a 37 53 a3 4a 84 58 45 
a4 3a 38 53 83 85 a3 4a 34 35 
38 45 23 a4 3a 23 a3 4a 54 58 
48 24 26 28 a8 6a 68 a8 2a 2h 
26 27 32 34 63 76 24 72 62 36 
73 74 34 63 64 34 63 13 6h 26 
42 64 16 36 31 23 42 34 a3 61 
7a 73 16 a3 73 61 7a 17 ah 76 
57 8a 61 75 17 7h 87 a7 6a 76 
78 17 a1 68 56 8a 65 86 a6 7a 
67 68 26 42 78 17 64 16 12 62 
86 72 87 67 86 61 86 16 18 14 
1h 81 61 68 76 71 87 61 86 85 
76 57 1h 78 67 68 56 78 57 67 
86 2h 24 a4 68 56 8a 65 86 87 
67 86 85 65 86 a7 68 26 8a 62 
86 a6 5a 56 a6 5a 58 53 51 57 
5h 52 45 1h 52 85 17 2h 58 15 
75 71 51 57 85 17 58 45 1h 54 
85 a5 2a 42 a4 7a 71 a1 2a 42 
a4 6a 65 a5 2a 42 a4 1a 17 a7 
2a 42 a4 6a 68 46 a8 24 6a 46 
2h 64 26 23 82 63 86 26 12 1h 
1h 15 81 4h 43 a3 8a 8h 78 72 
82 78 75 85 28 25 85 78 5h 87 
68 61 76 81 78 52 87 58 28 25 
72 71 47 21 42 61 46 26 12 8h 
76 57 21 52 72 67 8h 28 25 62 
85 18 64 16 72 17 67 56 58 68 
26 24 82 64 86 26 72 82 68 62 
56 82 58 68 26 28 68 26 27 82 
67 86 26 82 85 68 62 76 82 78 
65 16 87 28 25 85 78 28 12 62 
46 6h 46 6h 46 8h 87 28 21 42 
3h 62 76 78 57 7h 27 24 82 62 
16 3h 74 27 28 52 78 57 27 82 
61 76 72 87 62 56 78 57 67 26 
27 67 86 26 72 76 26 72 78 67 
28 62 72 67 65 26 27 82 67 16 
7h 72 78 27 78 57 56 76 47 26 
82 26 82 74 87 27 62 27 62 51 
65 25 72 25 72 52 57 27 61 51 
45 21 72 21 72 86 48 27 42 82 
78 52 65 87 18 56 45 7h 81 28 
76 27 87 68 25 62 3h 82 38 8h 
18 8h 78 75 27 85 18 12 82 58 
71 27 71 27 26 52 82 68 78 17 
7h 37 35 75 27 23 52 7h 37 53 
23 52 72 87 86 18 86 18 78 27 
25 82 75 67 28 12 62 72 87 86 
58 76 57 87 68 54 25 56 25 85 
78 74 57 84 68 75 67 57 61 46 
51 45 65 76 87 18 68 76 71 57 
61 46 56 85 76 17 36 71 37 82 
18 52 65 63 53 65 75 27 82 18 
78 57 64 16 54 85 74 27 58 25 
75 87 86 58 75 47 62 61 46 76 
47 21 81 38 8h 58 52 15 52 15 
85 68 74 17 64 56 84 28 65 26 
67 46 21 42 62 56 85 78 81 48 
51 65 26 28 12 51 38 63 16 65 
16 2h 52 57 15 75 25 82 67 86 
26 72 71 67 21 52 76 57 21 32 
63 17 15 84 18 64 76 58 68 46 
51 45 71 37 65 25 73 8h 86 52 
17 35 61 36 56 25 12 71 57 53 
73 67 65 16 75 17 27 32 53 25 
72 67 36 81 38 68 56 21 82 68 
56 26 82 85 78 53 23 62 54 15 
26 12 82 68 64 36 64 36 86 28 
57 35 21 62 81 78 26 42 53 65 
43 23 56 87 42 6h 75 18 87 18 
58 75 62 86 32 81 38 57 25 58 
25 85 71 34 84 18 23 12 82 58 
27 43 83 78 82 48 58 35 67 53 
8h 26 35 84 78 34 54 35 62 46 
87 28 45 43 53 63 76 54 67 82 
45 2h 76 38 62 36 86 28 34 21 
42 87 68 62 76 82 18 67 53 2h 
26 75 34 64 81 57 23 16 7h 38 
61 83 7h 15 42 46 38 63 23 51 
8h 17 36 32 24 64 71 4h 15 48 
83 5h 32 24 1h 46 63 4h 37 7h 
3h ah 
