0
2h 86 26 46 42 4h 42 52 35 73 
76 13 83 82 15 16 15 71 73 87 
86 8h 78 72 7h 17 82 18 1h 78 
37 16 51 73 57 17 51 58 45 18 
41 4h 74 78 67 48 64 74 67 71 
67 68 78 67 18 76 47 48 64 78 
67 47 64 67 6h 8h 2h 8h 8h 17 
21 25 15 21 46 24 14 71 87 18 
41 42 64 12 31 46 34 14 71 87 
18 41 43 74 13 81 48 74 14 71 
76 47 41 71 34 87 18 71 43 57 
52 72 84 18 17 16 76 21 27 46 
17 54 51 41 64 86 48 14 21 42 
74 71 87 68 12 76 17 27 21 47 
24 14 12 61 86 18 42 71 72 74 
12 87 61 76 27 18 31 24 74 13 
67 61 81 86 16 18 78 41 42 12 
37 31 71 37 35 75 17 15 21 75 
47 27 17 81 68 16 24 21 25 15 
61 86 18 71 74 75 67 14 31 76 
37 37 3h 36 3h 63 6h 86 5h 36 
8h 43 8h 5h 5h 8h 5h 34 25 72 
8h 83 82 87 28 38 73 27 32 83 
87 37 28 23 21 25 83 18 2h 72 
6h 81 38 78 73 83 87 37 48 27 
42 82 78 73 83 48 45 85 24 68 
25 62 82 38 45 74 34 37 47 43 
24 26 46 73 52 83 54 58 24 52 
82 48 42 82 54 58 48 34 37 47 
54 51 41 74 73 43 84 81 78 41 
34 38 37 87 47 83 54 78 73 83 
58 48 34 5h 3h 53 65 37 47 24 
56 25 45 24 21 72 73 23 52 54 
24 35 32 52 35 73 57 25 23 42 
53 45 25 12 42 34 37 47 54 52 
42 15 14 54 75 73 53 15 18 1h 
58 45 48 58 64 65 45 34 37 47 
34 3h 73 74 34 53 56 36 45 43 
53 75 47 34 35 45 23 24 34 23 
28 42 38 48 28 53 54 34 72 57 
43 42 65 27 64 54 65 37 43 45 
35 64 63 6h 37 63 6h 76 8h 5h 
8h 67 86 5h 47 8h 84 6h 76 48 
74 6h 5h 86 47 8h 6h 7h 8h 75 
7h 5h 8h 2h 3h 84 76 4h 6h 8h 
1h 7h 
