1
6h 6h 1h 1a 72 14 74 57 85 14 
68 18 15 a8 1a 61 61 68 76 78 
71 74 75 27 68 26 76 57 52 a5 
75 4a 46 a6 4a 47 a7 52 6a 67 
25 a7 52 6a 64 a6 64 56 57 67 
86 27 68 26 5a 62 86 72 68 56 
54 51 27 a4 72 6a 16 15 65 86 
27 68 26 76 72 62 74 64 56 51 
61 86 24 68 26 27 67 86 47 68 
46 76 74 64 67 16 15 65 46 25 
2h 64 76 46 47 67 64 86 74 68 
16 12 71 41 47 62 16 14 64 a1 
46 6a 76 47 64 86 a4 6a 86 81 
61 86 85 47 a1 65 46 76 74 64 
67 56 58 6a 86 47 a6 74 8a 58 
a5 47 6a 65 86 74 68 76 46 47 
67 64 86 74 68 16 58 a8 61 86 
85 65 16 6a 86 47 68 16 15 65 
46 a5 64 86 74 68 76 46 47 67 
64 86 74 68 56 1a 81 65 76 46 
47 67 64 76 64 76 46 47 67 18 
21 64 56 12 51 61 86 74 68 76 
46 47 67 64 86 74 68 a6 56 5a 
58 a8 47 1a 74 68 18 71 41 47 
17 14 81 86 16 81 85 15 61 a1 
74 5a 58 a8 68 47 6a 86 74 68 
16 18 21 68 26 16 71 41 47 17 
14 81 74 18 a1 47 6a 74 62 46 
a2 64 26 7a 62 76 a6 46 4a 47 
a7 67 6a 64 86 a4 74 5a 68 56 
52 62 46 a2 67 46 8a 64 86 81 
61 86 82 62 86 74 68 16 12 62 
46 a2 67 46 8a 64 86 82 74 a6 
47 8a 8h 8h 2h 78 84 78 48 47 
87 84 78 84 38 3h 3h 7h 7h 1h 
71 34 17 31 38 53 a5 85 3a 31 
63 a1 36 43 3a 43 a3 58 4a 47 
85 a7 58 3a 37 43 a7 34 73 85 
37 13 2a 31 73 58 37 23 2h 4h 
4h 85 a3 58 5a 25 26 2h 56 45 
4h 48 4h 7h 3h 7h 3h 7h 7h 6h 
73 7h a4 3a 73 57 65 62 52 75 
37 83 84 34 73 57 25 26 56 75 
37 23 21 31 73 57 65 61 51 75 
37 43 48 38 73 57 15 16 56 75 
37 a3 5a 75 78 67 58 65 75 87 
a8 3a 53 56 45 36 43 45 45 4h 
7h 4h 67 6h 6h 5h 2h 84 8h 86 
8h 2h 65 16 1h 83 58 5h 5h 2h 
2h 2h ah 7h 4h 6h 8h 1h 3h 1h 
3h 1h 
