2
3a 7b a7 43 4a 4h 47 b7 4b 47 
83 a4 84 82 61 6a 61 6h 7h 34 
64 86 b4 3b 38 b8 3b 36 3h 6h 
35 b5 6b 65 b5 8b a6 3a 83 b3 
8b 86 b8 3b 38 b8 5b 53 b3 5b 
51 56 b1 4b a4 1a 16 25 a6 52 
3a 36 13 a6 31 23 5a 54 32 63 
65 35 63 61 31 53 51 31 53 58 
52 15 13 53 15 16 56 35 36 56 
a5 6a 63 a3 6a 61 a1 3a 31 a1 
3a 23 25 35 a3 1a 13 a3 1a 16 
a6 2a 26 28 b8 48 2b 36 26 21 
25 84 32 31 21 48 73 84 72 32 
48 73 78 38 23 28 38 72 73 74 
7h 6h 8h 1h 34 17 63 67 61 71 
76 16 36 17 13 73 67 63 73 67 
61 71 37 31 71 37 36 76 13 16 
36 17 13 73 67 63 73 67 61 71 
37 31 71 87 84 74 17 13 73 17 
16 76 37 36 76 37 31 71 63 61 
31 67 13 17 37 63 13 16 36 31 
61 73 16 76 71 61 31 67 13 17 
37 63 13 16 36 31 61 73 71 76 
16 36 17 13 73 67 63 73 67 61 
71 37 31 71 37 36 76 13 16 36 
17 13 73 67 63 73 67 61 71 37 
31 71 57 25 12 13 23 12 16 26 
32 36 26 32 31 21 63 61 31 62 
13 12 32 63 13 16 36 31 61 23 
16 26 21 61 31 62 13 12 32 63 
13 16 36 31 61 23 21 26 16 36 
12 13 23 62 63 23 62 61 21 32 
31 21 32 36 26 13 16 36 12 13 
23 62 63 23 62 61 21 32 31 21 
42 48 28 12 13 23 12 16 26 32 
36 26 32 31 21 63 61 31 62 13 
12 32 63 13 16 36 31 61 23 16 
26 21 61 31 62 13 12 32 63 13 
16 36 31 61 23 21 26 16 36 12 
13 23 62 63 23 62 61 21 32 31 
21 32 36 26 13 16 36 12 13 23 
62 63 23 62 61 21 32 31 21 b2 
72 17 13 73 17 16 76 17 1b 15 
b5 75 17 14 14 1h 1h 1h 3h 3h 
8h 3h 8h 3h 8h 8h 5h 8h 4h 6h 
4h 6h 4h 6h 6h 6h 8h 2h 8h 8h 
4h 5h 4h 5h 4h 5h 5h 8h 5h 5h 
4h 2h 4h 7h 8h 4h 4h ah 
