1
2a 56 72 85 65 ah 15 6a 67 a7 
5a 57 a7 2a 26 a6 8a 18 21 21 
24 a2 8a 82 81 87 86 78 a2 83 
48 1a 42 82 a1 78 6a 75 85 68 
a8 35 6a 64 53 a4 35 8a 84 a8 
84 68 7a 78 53 a8 5a 58 a8 38 
5a 57 83 a7 38 6a 67 36 67 16 
15 65 76 86 87 67 68 26 78 62 
76 12 67 56 52 62 36 38 13 53 
56 5h 51 25 23 53 45 46 56 35 
32 52 85 87 57 25 23 53 65 64 
54 35 32 52 a5 2a 23 a3 7a 78 
a8 3a 32 a2 1a 15 16 17 87 a5 
78 15 61 41 46 16 14 81 7a 18 
21 23 13 21 64 12 61 41 46 16 
14 71 a1 81 3a 32 18 a2 81 8a 
87 a7 17 2a 23 71 a3 17 1a 64 
18 21 a8 46 3a 31 32 64 12 78 
13 61 41 46 16 14 61 a2 87 3a 
16 31 78 a1 87 3a 3h 6h 2h 35 
3h 23 31 23 78 32 73 83 87 37 
38 23 78 32 63 12 36 13 23 21 
31 32 13 87 31 43 64 36 13 32 
13 23 21 31 32 83 73 78 38 37 
23 13 12 32 31 23 31 63 46 34 
23 87 32 13 32 a3 78 6a 21 46 
87 a4 12 1a 78 13 21 23 13 21 
87 12 61 6h 78 a2 87 1a 31 12 
31 21 23 13 12 71 18 41 46 16 
21 31 32 12 13 21 13 61 a6 87 
1a 21 78 12 61 32 a6 87 4a 23 
78 48 42 a8 1a 61 68 18 21 32 
13 41 4h ah 3h 23 2h 45 41 24 
25 45 24 6a 26 46 24 21 41 34 
35 45 34 36 73 46 74 34 53 56 
36 43 47 64 37 63 43 64 56 45 
34 36 73 46 74 34 63 65 35 43 
47 64 37 63 43 64 61 76 41 74 
64 36 31 73 61 76 36 43 46 74 
36 73 76 7h 7h 2h 7h 8h 8h 8h 
5h 5h 8h 5h 8h 5h 8h ah 1h 6h 
1h 6h 1h 6h 1h 1h 5h 8h 8h 1h 
8h 8h 5h 6h 5h 6h 1h 8h 5h 4h 
1h 5h 5h 3h 
