0
17 25 64 6h 34 31 38 56 51 53 
5h 53 5h 2h 61 6h 4h 68 68 32 
62 16 53 15 65 23 16 18 1h 17 
1h 14 14 68 32 31 56 21 58 25 
68 36 52 35 65 25 15 76 12 71 
61 86 38 52 73 7h 8h 7h 68 56 
26 25 65 62 52 16 13 63 81 25 
86 16 52 51 21 25 15 12 52 61 
68 46 25 18 41 61 26 56 52 62 
65 46 43 4h 63 47 56 26 25 65 
62 16 13 63 52 71 76 16 41 42 
41 71 71 67 62 16 72 37 61 56 
73 87 65 86 76 87 82 72 67 62 
56 72 87 65 36 78 37 67 26 34 
3h 62 76 74 17 64 86 71 37 68 
31 71 36 37 3h 53 67 46 35 43 
63 46 41 61 54 56 46 34 31 83 
41 64 65 45 38 26 54 23 2h 28 
45 63 24 2h 84 86 82 62 86 85 
8h 84 65 46 42 62 36 32 62 13 
16 36 13 18 38 13 17 37 63 68 
38 26 23 63 76 71 61 26 24 64 
16 17 67 36 34 53 64 26 23 25 
35 32 83 65 46 38 13 64 76 73 
71 31 61 56 37 53 63 26 52 65 
36 35 65 83 86 8h 5h 1h 17 36 
73 52 5h 1h 37 83 87 8h 37 23 
25 2h 1h 35 23 2h 8h 27 68 67 
16 21 87 28 2h 4h 7h 4h 7h 4h 
4h 7h 4h 7h 7h 5h 7h 5h 7h 5h 
3h 7h 1h 8h 5h 6h 5h 5h 1h 
