1
7h 2a 2h 7h 3h a3 43 7a 78 a7 
1a 14 18 24 12 16 1h 1h 41 48 
18 41 a2 8a 81 a1 6a 61 56 a1 
8a 83 a3 8a 48 25 41 28 58 48 
52 58 45 15 4h 84 5h 48 74 78 
48 14 51 45 64 86 48 a4 7a 37 
34 74 67 86 78 17 51 75 67 86 
78 a7 6a 86 a8 1a 51 a5 6a 86 
a8 3a 37 a7 6a 86 a8 1a 51 a5 
6a 86 a8 4a 47 a7 4a 34 34 a4 
6a 86 a8 1a 13 53 51 31 a3 6a 
86 a8 1a 31 a3 6a 86 a8 5a 54 
15 31 53 85 74 58 75 45 47 57 
54 15 31 53 85 74 58 a5 47 6a 
86 74 a8 47 2a 25 74 a5 47 8a 
82 74 a2 47 1a 31 a3 74 2a 28 
47 a8 74 2a 28 24 12 31 23 62 
82 86 26 28 12 1h 68 14 6h 1h 
17 61 65 ah 8a 81 a1 3a 34 24 
12 18 28 42 a4 1a 31 3h 3h 6h 
4h 24 62 2h 42 41 21 82 4h 47 
ah 74 6a 86 47 68 16 28 12 62 
86 17 81 61 86 4h 68 26 27 82 
67 86 85 26 52 4h 25 82 52 58 
28 25 82 25 12 16 81 26 82 12 
81 52 18 61 5h 16 81 51 58 18 
15 81 15 81 51 58 18 15 21 28 
25 82 12 81 58 15 21 28 62 85 
15 61 21 62 65 86 25 82 62 16 
15 81 65 86 8h 8h 85 48 5h 84 
28 21 42 81 48 43 54 36 86 58 
48 74 26 52 7h 25 82 85 78 25 
72 82 78 76 86 28 26 72 86 78 
28 62 8h 26 52 87 68 7h 25 62 
82 68 ah 86 28 26 52 86 58 28 
52 73 87 82 58 4a 24 74 37 28 
42 48 54 28 52 73 57 15 27 82 
47 84 24 82 87 48 42 74 82 78 
75 85 28 45 24 84 38 25 42 45 
64 25 62 71 67 83 68 42 64 84 
28 27 42 87 38 68 48 74 28 72 
42 84 74 27 24 82 74 87 27 42 
83 58 5h 24 72 73 47 23 42 72 
47 43 24 27 32 47 34 36 46 74 
26 72 42 34 76 27 26 52 76 57 
27 52 51 21 72 71 57 21 52 72 
17 ah 71 67 8a 28 76 17 43 14 
25 12 42 34 18 15 85 81 28 78 
57 27 82 87 58 27 52 82 78 43 
74 84 78 71 27 81 48 41 34 81 
68 72 67 87 28 43 64 82 78 74 
37 4h 46 14 2h 41 64 25 62 42 
64 67 63 73 76 37 47 24 27 52 
6h 25 72 42 74 73 27 24 32 74 
37 27 42 ah 24 72 73 47 36 8a 
48 78 67 27 82 84 58 ah 85 48 
28 72 42 84 82 58 42 14 73 17 
47 24 36 7a 71 67 42 14 73 17 
47 24 36 7h 42 64 71 27 85 28 
78 27 24 82 87 58 7h 85 48 78 
57 43 14 1h 36 17 15 5h 63 6h 
86 83 78 63 87 1h 76 38 31 81 
38 67 16 18 71 68 17 ah 86 81 
61 76 75 17 83 58 13 73 68 2a 
81 37 36 32 62 72 18 ah 26 4a 
87 21 61 23 78 ah 14 86 32 12 
42 68 8a 27 21 85 12 72 2h 54 
2h 23 4h 36 3h ah 6a ah 5a ah 

