2
6h 2a 8b 54 83 a8 6a 68 62 72 
56 52 53 a3 5a 51 a1 65 6a 6h 
1h 76 73 b1 4b 43 63 a6 4a 56 
45 46 47 42 47 a2 34 b3 5a 8b 
85 b5 8b 48 34 83 48 b4 5b 54 
35 b4 83 58 75 5b 85 38 53 75 
b5 8b 38 b3 7b 71 75 47 4h 1h 
7h 87 38 73 17 1h a1 71 37 4a 
84 78 37 47 34 35 45 84 78 75 
37 85 48 34 74 87 58 75 37 35 
3h 58 a8 4a 47 84 85 45 84 a7 
48 34 4a 34 3h 36 83 1h 38 73 
1h 37 83 5h 38 53 1h 38 53 8h 
85 38 73 1h 37 83 58 35 83 12 
38 73 2h 37 53 3h 83 35 83 53 
8h 82 78 5h 87 38 35 73 85 78 
38 23 4h 54 ah 32 53 4a 84 87 
58 38 73 43 54 4h 84 6h 48 34 
37 83 57 45 74 38 73 43 84 a4 
8a 38 37 43 87 58 5h 34 73 87 
68 61 81 78 37 a3 4a 43 74 87 
38 a8 4a 84 83 78 43 74 84 18 
16 86 48 47 34 75 a5 43 24 8a 
38 42 34 84 58 57 87 48 43 74 
83 78 48 64 61 41 84 87 38 75 
a5 83 28 7a 57 82 58 78 a7 5a 
85 48 14 16 46 84 58 b5 75 37 
7b 37 b7 3b 83 48 64 61 41 84 
38 53 a5 4a 84 83 28 35 45 24 
84 18 16 86 48 42 74 82 68 47 
64 84 58 53 83 48 46 74 86 38 
47 34 84 58 35 43 48 74 38 23 
47 24 34 83 85 35 43 42 74 32 
63 61 31 53 a5 47 24 8a 18 16 
86 28 48 b4 8b 82 78 74 27 84 
28 78 47 b8 74 87 8b 82 48 b2 
72 67 61 71 47 87 28 8b 78 74 
27 84 28 78 47 b8 74 27 7b 27 
21 71 87 b1 78 47 7b 47 b7 4b 
54 35 b3 7b 73 87 b3 78 37 8b 
73 87 81 38 71 37 87 28 b1 7b 
73 27 2h 2h 25 82 58 1h 84 38 
34 13 3h 43 45 35 23 85 18 17 
87 18 32 13 83 78 73 83 18 16 
86 38 37 87 38 32 73 78 38 23 
73 87 83 73 27 21 32 38 28 32 
37 83 82 32 73 83 28 23 83 68 
71 67 17 5h 71 7h 17 16 86 18 
bh 2b 32 2h 32 2h 32 37 63 27 
62 32 73 72 32 13 1h 3h 23 27 
37 23 26 72 73 23 62 72 57 7h 
57 7h 37 32 72 57 45 24 23 43 
24 26 52 3h 25 62 42 34 42 54 
75 27 73 27 37 32 53 3h 73 45 
24 72 57 32 75 4h 23 27 54 37 
53 43 74 72 37 42 54 41 73 15 
2h 34 57 37 23 47 32 5h 24 26 
46 bh 73 75 62 64 57 37 24 7b 
75 43 46 36 57 7h 62 64 71 46 
26 bh 63 65 17 35 71 5b 14 58 
8h 41 bh 12 2b 1h bh 6b ah 8a 
bh ah 
