1
67 6a 61 56 51 58 a8 28 25 6a 
62 6h a2 32 4a 38 42 4h 3h 4h 
46 42 41 34 31 63 68 38 78 73 
7h 83 a6 5a 51 57 61 52 38 a6 
35 85 83 53 58 15 61 38 5a 26 
25 65 83 a6 4a 14 61 38 a6 4a 
24 26 46 54 56 35 46 24 53 25 
45 34 84 83 43 48 34 48 24 12 
a1 83 2a 12 a1 38 5a 83 54 85 
a4 35 38 58 53 85 3a 58 35 a5 
85 3a 23 58 32 53 83 85 35 38 
23 58 32 13 21 85 2h 58 2h 28 
3h 73 2h 72 32 73 a8 7a 76 27 
23 52 73 87 25 82 72 57 87 85 
75 78 27 25 82 75 87 27 82 83 
23 72 73 57 23 52 53 23 52 73 
87 25 82 72 87 83 86 78 57 3h 
75 87 1h 78 67 17 16 76 71 57 
61 75 87 6h 78 57 7h 27 28 62 
78 67 27 32 3h 3h 35 7h 76 87 
3h 78 57 53 85 73 87 57 a5 2a 
72 78 67 28 62 72 67 64 74 27 
24 82 74 17 1h 14 3h 41 4h 28 
12 14 24 82 1h 28 32 3h 38 1h 
83 18 8h 8h 6h 36 38 68 36 3h 
83 86 36 83 5h 85 35 83 8h 8h 
18 16 26 12 2h 62 5h 26 12 53 
45 1h 41 1h 41 ah 32 7a 67 23 
6h 32 3h 63 14 61 62 31 ah 46 
43 63 16 12 31 62 46 13 41 61 
36 31 23 8a 48 61 26 36 13 84 
28 1h 82 68 62 46 2h 64 16 14 
21 64 26 16 41 4h ah 5a 65 62 
46 52 64 ah 25 26 56 45 7a 67 
54 76 ah 45 3a 67 54 76 ah 43 
8a 65 34 56 ah 47 1a 68 74 86 
ah 43 6a 34 6h 45 4h ah 5a ah 
2a ah 
