1
8h 21 42 56 7a 76 53 74 51 58 
5h 54 a5 75 72 3a 32 67 a2 6a 
68 a6 76 78 13 1a 17 a1 3a 37 
a1 31 3a 3h 31 3h 68 63 61 6h 
31 73 63 65 75 81 37 35 75 83 
13 87 17 18 78 38 37 13 15 35 
73 75 27 35 23 85 32 13 72 17 
16 37 23 42 34 23 58 32 13 12 
1h 1h 24 12 71 76 27 16 21 71 
27 85 8h 72 17 12 61 72 67 17 
41 a1 24 14 12 71 76 27 16 21 
71 47 3a 23 71 27 37 43 13 14 
34 31 73 72 17 13 21 73 27 17 
21 2h ah 5h 58 2a 2h 21 2h 8h 
32 71 23 42 23 82 8h 4h 86 8h 
8h 2h 3h 32 24 32 31 63 21 62 
32 63 78 27 41 72 67 37 23 27 
82 37 83 23 72 68 76 26 72 78 
67 14 76 37 28 62 68 16 28 12 
73 17 46 27 62 47 27 32 64 76 
64 76 23 42 47 27 32 64 16 23 
52 5h 7h 5h 7h 5h 7h 31 71 87 
8h 8h 1h 63 86 8h 56 5h 3h 3h 
8h 13 48 4h 31 63 6h 46 4h 61 
46 4h 4h ah 2h 6h 7h 8h 3h 1h 
1h 5h 1h 5h 4h 5h 
