1
4h 41 61 86 8h 4a 48 46 36 43 
42 84 83 81 87 43 a4 8a 28 a8 
2a 2h 42 a4 8a 84 a8 84 28 8a 
78 74 84 78 7h 6h 47 a2 74 7a 
75 75 37 83 58 54 84 38 73 a7 
57 2a 25 24 a5 8a 78 72 17 82 
18 14 84 28 74 27 87 38 a3 8a 
78 72 17 1h 4h 6h 82 18 14 81 
68 63 6h 1h 83 28 13 16 82 68 
65 62 68 36 a8 61 56 1a 65 36 
13 21 a3 12 51 6a 26 15 21 61 
a6 36 7a 27 63 72 17 12 81 72 
87 17 21 85 28 18 71 75 27 15 
21 71 87 81 28 71 57 36 75 37 
67 63 76 63 46 4h 7h 4h ah 17 
2a 12 72 47 42 72 47 41 71 27 
21 71 27 24 12 74 17 27 12 41 
24 72 71 57 21 52 72 17 14 74 
27 25 12 75 17 27 42 47 27 42 
41 21 72 71 21 72 74 17 24 12 
72 17 41 74 27 21 52 71 57 27 
12 14 24 72 75 37 25 32 72 17 
35 3h 71 27 25 12 75 17 27 42 
47 27 42 41 21 72 71 21 72 74 
17 24 12 1h 72 17 47 41 71 74 
27 21 52 71 57 27 52 53 23 72 
73 17 23 12 14 24 12 74 17 27 
a2 6a 76 71 57 61 56 58 68 16 
78 17 67 a6 2a 72 71 87 21 82 
85 25 32 75 37 27 32 35 25 72 
75 17 25 12 72 a7 6a 26 21 52 
61 56 26 52 53 23 62 63 46 23 
42 62 16 46 41 61 64 26 21 52 
61 56 58 68 16 28 12 14 24 82 
64 86 85 65 16 25 12 62 a6 7a 
27 21 52 71 57 58 78 17 28 12 
72 a7 6a 26 21 52 61 56 26 52 
a5 7a 67 62 86 72 87 82 72 17 
62 16 76 a7 6a 61 56 a1 65 16 
8a 58 61 36 85 38 68 36 32 62 
86 82 18 62 16 86 a8 7a 67 61 
56 71 37 3h 65 16 38 3h 61 36 
3h ah 5h 5h 2h 2h 4h 4h 34 35 
83 85 18 1h 5h 7a 27 2h 2h 23 
a3 7a 37 32 72 47 4h 4h 3h 53 
84 58 5h 5h ah 7h 2h 2h 4h 2h 
1h 3h 4h 2h 4h 2h 6h 2h 4h 8h 
4h 
