1
3h 2h 2h 34 52 52 5a 5h 5h a5 
4a 47 a7 4a 46 47 41 48 45 14 
15 45 34 32 31 43 a4 8a 18 14 
84 a8 7a 67 a6 5a 35 31 51 38 
a5 6a 76 23 a7 84 3a 23 a3 2a 
26 2h 4h a6 1a 51 a5 4a 84 a8 
3a 36 13 a6 2a 31 a3 8a 26 24 
a2 1a 51 42 48 a5 1a 84 24 28 
a2 6a 21 62 a2 3a 83 43 48 38 
34 a3 5a 15 a1 63 2a 23 a3 82 
5a 15 a1 28 42 2a 62 67 27 42 
a2 82 7a 76 a6 8a 84 8h 82 8h 
a4 6a 67 a7 2a 24 a4 7a 76 a6 
7a 78 a8 6a 68 a8 4a 42 a2 1a 
51 a5 2a 24 a4 8a 86 a6 4a 42 
a2 8a 87 a7 6a 67 a7 2a 24 a4 
7a 76 a6 8a 85 48 42 82 48 4h 
45 64 67 47 24 28 48 24 25 62 
45 64 24 62 67 2h 62 8h 85 a2 
58 6a 63 76 3h 85 67 56 8h 78 
65 76 74 86 78 72 82 78 42 87 
68 62 76 82 78 68 76 6h 76 73 
75 72 17 5h 71 37 32 72 17 3h 
71 37 7h 17 2h 71 47 48 14 78 
17 47 14 ah 41 74 71 27 41 24 
23 43 14 73 17 47 14 6a 16 18 
46 14 28 5h 82 3h 17 31 32 12 
71 38 73 13 61 71 27 28 78 37 
31 23 71 27 37 13 64 26 5h 31 
73 76 17 36 13 73 67 5h 76 37 
31 63 71 67 62 46 37 53 3h 73 
72 17 32 13 73 17 16 31 37 53 
15 71 31 63 73 17 13 21 73 27 
17 31 64 26 53 15 71 76 37 16 
31 71 67 7h 17 13 41 53 75 67 
62 36 72 37 67 56 53 63 76 75 
37 65 26 73 27 14 51 1h 31 15 
31 67 36 16 71 72 67 12 41 57 
63 76 73 57 35 65 36 76 27 14 
21 71 67 63 16 73 47 61 56 5h 
63 16 12 31 62 36 16 31 37 63 
61 26 15 35 73 13 21 61 36 37 
23 8h 67 16 13 71 63 76 16 31 
74 27 3h 72 47 32 63 67 26 37 
23 63 76 8h 67 36 32 73 62 76 
36 23 74 67 64 26 36 43 73 87 
5h 78 67 62 46 53 72 57 56 76 
37 76 37 35 63 65 35 63 73 27 
64 36 34 23 64 56 64 56 32 53 
63 86 1h 31 68 46 61 46 16 13 
61 13 41 15 41 65 36 65 36 31 
23 61 56 61 56 16 32 53 72 57 
37 13 3h 63 61 26 17 37 13 62 
76 14 71 74 13 41 63 46 16 31 
36 74 27 45 35 63 13 21 6h 56 
54 64 12 31 34 23 65 46 45 65 
46 15 81 64 18 73 46 ah 31 57 
64 56 54 64 56 74 87 32 83 12 
81 12 81 65 26 61 26 16 36 43 
76 47 12 41 15 41 28 75 67 35 
23 83 82 32 38 63 62 32 53 72 
57 68 56 61 56 16 76 27 36 23 
14 21 18 21 38 63 78 27 3a 63 
17 41 7h 72 67 37 23 64 76 71 
87 32 13 45 14 81 71 27 34 53 
72 87 35 13 45 65 31 78 46 1h 
23 57 18 51 54 16 81 32 63 65 
86 16 21 34 53 12 61 82 62 46 
12 41 15 81 34 76 18 23 3h 67 
41 23 76 27 37 63 61 26 15 35 
73 76 57 36 53 73 67 68 78 37 
54 62 73 15 26 3h 47 51 37 83 
86 82 62 68 26 36 73 75 27 31 
83 7h 67 63 16 73 57 74 15 65 
4h 37 31 56 71 57 67 16 13 71 
63 17 4h 76 75 65 2h 31 34 57 
56 43 13 76 ah 62 65 25 3a 54 
3h 51 38 15 45 87 ah 56 52 78 
25 65 5a 83 5h 38 ah 81 1a 8h 
ah 5a ah 
