1
63 7a 78 7h 56 5h 14 15 a1 71 
7h 3a 38 a8 7a 47 43 27 a4 6a 
62 a2 7a 73 17 a3 7a 27 42 74 
17 a7 2a 42 a4 1a 12 1h 3h 5h 
24 13 12 a1 7a 71 a7 8a 71 87 
a7 8a 84 a4 7a 74 17 a4 71 37 
7a 37 a7 3a 31 34 54 51 1h a5 
6a 63 62 65 16 5h 61 76 75 17 
65 16 76 a7 6a 61 26 a1 62 16 
2a 61 26 a6 7a 67 62 36 72 47 
63 46 76 47 a4 7a 47 a4 6a 67 
26 a7 62 46 6a 46 42 62 76 a2 
67 16 6a 76 72 62 16 a6 7a 67 
61 26 71 27 67 26 a2 7a 76 37 
a6 73 67 62 72 47 6a 36 74 57 
63 56 76 87 87 51 8h 5h 75 ah 
57 8a 75 8h 68 57 86 38 37 87 
68 61 26 81 28 68 a6 8a 82 18 
a2 81 28 1a 82 18 a8 1a 13 a3 
8a 83 18 a3 81 38 4a 83 48 a8 
4a 46 48 42 48 14 1h a6 4a 41 
45 14 a4 1a 71 75 15 a1 4a 41 
24 a1 42 14 2a 41 24 a4 2a 28 
a8 4a 48 14 a8 41 24 4a 24 a4 
2a 26 a6 4a 46 14 a6 41 24 1a 
42 14 a4 1a 51 57 17 a1 4a 41 
24 a1 42 14 2a 41 24 a4 2a 2h 
27 2h 27 3h 72 8h 27 3h 72 8h 
27 3h 72 8h 86 1h 12 17 21 17 
21 71 72 12 17 21 68 3h 86 17 
21 37 12 81 61 68 18 16 21 23 
82 26 82 13 81 21 82 84 18 12 
31 82 38 18 21 61 62 12 16 81 
83 28 86 28 13 21 81 38 24 12 
14 31 81 48 28 62 2h 82 84 38 
35 13 85 48 28 42 31 83 82 48 
62 36 13 15 21 35 23 13 41 28 
32 38 73 28 72 14 71 57 21 82 
31 83 23 12 17 27 32 38 43 15 
81 21 82 83 18 12 71 75 15 21 
81 38 28 12 18 71 28 72 12 81 
34 73 68 16 21 23 82 13 81 21 
32 1h 18 31 37 43 21 62 1h 26 
82 17 81 21 72 83 18 13 71 21 
32 82 68 2h 86 78 5h 23 12 18 
31 28 32 12 81 34 73 5h 18 21 
24 82 14 81 21 42 83 18 13 41 
21 42 83 18 12 31 82 38 18 51 
5h 53 83 13 21 85 28 18 51 6h 
15 81 82 38 12 31 81 68 8h 18 
13 21 83 28 18 51 3h 15 81 82 
38 12 31 85 38 37 53 87 58 38 
23 15 61 36 73 53 83 85 38 85 
38 37 23 13 71 24 72 12 41 82 
38 52 83 58 28 25 8h 82 38 31 
23 81 28 27 52 87 58 38 13 27 
52 61 36 83 82 18 32 13 14 71 
27 34 23 84 78 17 61 46 14 71 
72 82 78 38 23 38 23 13 41 27 
32 75 35 43 13 41 25 32 31 83 
21 82 32 13 87 68 8h 28 31 73 
16 23 52 23 52 82 18 14 21 84 
58 12 61 1h 21 28 42 18 41 21 
82 38 23 12 14 81 24 82 12 41 
87 28 32 83 68 16 41 81 28 27 
32 8h 18 23 72 32 14 21 84 38 
12 71 81 28 23 62 2h 12 83 68 
17 31 27 32 17 61 81 48 81 48 
23 12 14 24 32 81 48 81 48 46 
74 23 72 43 74 24 12 28 12 82 
81 28 81 48 26 12 26 12 84 38 
84 38 21 42 43 84 23 1h 38 84 
4h 42 38 23 84 3h 42 68 61 81 
68 24 12 18 43 16 81 21 32 37 
45 1h 53 64 27 46 35 1h 72 74 
53 61 37 16 45 25 8h 73 51 54 
62 35 15 47 7h 58 53 37 87 26 
7h 71 64 15 46 5h 63 3h 7h 5h 
6h ah 
