1
21 7a 7h 54 71 a8 7a 7h 4h 72 
a7 4a 57 47 4h 56 a5 8a 87 a7 
2a 26 28 23 a6 46 8a 82 8h 7h 
86 34 3h 73 7h 54 a2 12 8a 8h 
a8 45 8a 28 81 28 18 12 82 81 
a8 54 8a 78 a7 45 8a 28 81 28 
18 12 82 81 a8 54 8a 28 45 81 
38 37 87 a8 54 8a 28 45 18 12 
82 81 a8 54 8a 28 45 81 68 63 
83 54 28 45 18 12 82 81 54 a8 
45 7a 21 78 54 a8 12 3a 21 36 
a6 12 3a 21 45 32 38 35 31 23 
13 12 32 31 21 73 71 31 27 23 
73 57 54 74 37 32 72 43 47 37 
a3 7a 75 a5 27 8a 72 87 81 71 
a1 27 8a 72 18 17 87 58 54 84 
78 71 81 27 28 78 47 45 75 67 
63 73 87 82 72 18 17 87 58 54 
84 78 71 81 47 48 78 a7 8a 85 
a5 18 8a 18 17 87 a8 87 18 8a 
18 12 82 a8 82 78 8a 78 72 82 
a8 82 18 7a 17 87 38 36 86 18 
31 73 78 38 17 13 73 17 1h 71 
57 54 74 17 12 72 16 1h 27 21 
71 47 45 75 17 12 72 61 67 63 
73 13 27 21 71 57 54 74 17 12 
72 31 37 17 36 31 61 63 13 16 
36 71 76 16 47 41 71 a7 1a 15 
a5 41 5a 51 54 14 a4 1a 21 2h 
ah 5h 1a 31 35 15 23 21 27 17 
37 21 23 28 2h 13 81 82 12 31 
32 12 73 71 72 12 32 41 43 13 
a1 3a 34 a4 23 3a 23 27 37 a7 
23 3a 23 a3 2a 28 a8 3a 38 a8 
23 1a 32 71 73 78 38 18 23 21 
31 23 2h ah 26 42 4h 8h 2a 42 
46 26 12 13 23 81 87 17 82 71 
72 12 78 31 34 14 87 81 71 27 
21 71 47 43 73 17 12 72 87 83 
73 27 21 71 87 84 74 18 12 82 
17 13 73 28 23 83 41 47 17 68 
61 81 78 74 84 57 58 78 37 32 
72 87 85 75 28 27 87 18 16 86 
41 48 18 31 23 72 71 21 87 84 
74 12 13 23 48 47 87 62 68 28 
72 74 24 67 62 72 87 82 72 48 
47 87 68 65 85 78 74 84 27 28 
78 27 25 75 62 67 27 82 85 25 
68 62 6h 6h ah 82 48 1a 84 71 
72 12 48 47 87 41 78 71 81 57 
5h 58 54 84 58 52 82 48 42 82 
68 6h 7h 3h 2h 3h 2h 3h 4h 3h 
3h ah 2h 8h 5h 5h 2h 2h 1h 1h 
6h 3h 2h 2h 1h 3h 5h 3h 2h 3h 

