1
4h 2a 43 84 81 58 57 a7 57 56 
8a 85 84 87 8h 6h 58 a8 5a 54 
a5 8a 85 a5 7a 78 a8 7a 71 a1 
8a 81 a1 5a 58 a8 5a 75 75 73 
63 73 23 28 2h 68 a7 8a 82 a2 
8a 87 68 a7 67 6h 6h 1h 5a 5h 
27 26 25 65 46 26 24 75 64 72 
84 78 52 58 57 a5 28 27 82 3a 
28 72 82 87 27 28 a2 23 12 15 
25 72 6a 36 27 12 63 16 26 52 
14 1h 56 a1 26 72 5a 35 28 62 
53 65 87 56 85 75 78 58 57 35 
87 53 65 25 32 78 23 62 64 36 
24 32 87 23 52 63 76 25 72 68 
56 54 35 64 36 56 35 27 32 52 
35 38 58 65 62 36 52 15 16 56 
25 23 53 25 28 32 35 38 3h 17 
58 28 12 31 21 32 3h 8h 8h 4h 
8h 4h 8h ah 73 8a 37 83 37 83 
73 78 38 37 83 37 83 a7 38 73 
78 38 73 5a 45 41 51 75 35 83 
85 35 83 87 37 53 57 37 53 58 
75 38 43 57 45 35 73 78 38 73 
46 37 53 56 75 36 73 53 85 83 
53 85 87 57 35 37 57 35 38 73 
58 45 37 43 42 32 73 78 38 73 
52 75 35 83 85 35 83 87 37 53 
57 37 53 58 75 38 43 4h ah 1h 
5h 1h 7h 1h 8h 85 61 6h 75 7h 
2h 7a 87 58 57 45 4h 4h 74 84 
78 a7 4a 47 14 1h 7h 1h 8h 2h 
2h 78 71 7h 7h 7h 4h 2h ah 6h 
8h 6h 1h 6h 1h 6h 3h 5h 
