0
4h 5h 7h 7h 45 65 43 4h 78 7h 
6h 73 74 27 28 2h 41 71 87 83 
73 57 52 72 57 52 65 46 42 82 
8h 43 84 86 83 48 54 51 41 84 
85 38 45 34 84 38 32 82 48 42 
14 82 68 65 85 18 15 85 68 45 
14 18 48 51 54 58 14 18 1h 48 
4h 14 64 65 86 85 65 46 45 14 
65 45 36 34 64 36 3h 31 63 46 
43 63 14 16 46 84 13 21 48 24 
23 43 13 84 81 41 84 86 18 14 
51 84 38 15 31 81 28 38 32 82 
83 18 12 82 41 48 46 86 24 28 
48 16 24 31 23 12 81 42 82 34 
58 12 31 41 64 85 38 46 24 83 
28 21 81 41 28 24 84 28 32 83 
48 43 83 24 28 48 24 27 47 34 
38 48 74 72 42 34 32 42 84 82 
42 34 3h 3h 13 5h 3h 3h 23 28 
38 23 24 34 53 5h 5h 8h 8h 56 
5h 5h 4h 84 82 48 5h 2h 84 28 
27 87 48 47 87 4h 28 28 24 2h 
4h 62 3h 54 83 1h 26 1h 72 5h 
6h 38 53 27 82 5h 1h 28 6h 1h 
7h 75 72 81 8h 21 6h 6h 6h 17 
68 7h 72 1h 3h 27 5h 86 4h 6h 
7h 6h 7h 
