1
3h 42 4a 4h 62 32 53 5h 85 68 
a6 4a 4h 41 42 64 61 6h 6h 76 
73 41 84 87 47 84 a1 4a 84 85 
8h 78 54 87 68 64 76 84 78 68 
a6 5a 56 a6 8a 87 38 a7 83 78 
58 7a 75 a5 8a 85 38 a5 83 18 
8a 18 15 85 38 a5 83 18 3a 81 
38 35 85 18 a5 81 28 8a 28 24 
84 18 a4 81 48 1a 84 18 41 4h 
42 a8 24 1a 14 a4 8a 81 28 a1 
82 48 8a 48 42 82 18 a2 81 48 
8a 48 46 86 18 a6 81 28 8a 28 
26 86 18 a6 81 68 4a 64 84 18 
62 81 68 28 26 86 82 48 46 14 
86 18 48 a4 8a 81 28 a1 82 68 
8a 68 62 82 18 a2 81 68 8a 68 
64 84 18 a4 81 28 8a 28 24 84 
18 a4 81 68 8a 68 a8 7a 67 86 
87 18 67 16 86 58 a5 8a 68 61 
76 81 78 68 56 a5 8a 87 18 a7 
81 28 6a 26 86 28 26 28 2h 2h 
27 32 ah 7a 2h 72 78 28 72 a8 
27 12 7a 21 72 74 17 4h 71 67 
a2 76 17 6a 71 67 68 36 78 37 
63 16 a8 61 36 6a 46 48 68 16 
a3 61 36 1a 63 16 a6 1a 1h 13 
17 16 31 1h 31 36 43 16 41 31 
63 5h 36 13 14 61 34 63 13 61 
5h 16 31 36 43 16 41 31 63 53 
56 36 35 13 14 61 15 61 34 63 
13 51 3h 15 61 31 63 8h 36 13 
16 41 36 43 13 81 1h 31 34 63 
14 61 31 63 5h 36 13 16 41 36 
43 13 61 51 56 16 15 31 34 63 
35 63 14 61 31 53 3h 13 16 41 
36 43 13 61 56 15 31 34 63 14 
61 31 63 4h 84 1h 13 41 18 51 
13 41 81 84 14 18 31 48 4h 15 
31 36 43 16 41 31 63 53 56 36 
35 13 14 61 15 61 34 63 13 51 
5h 56 36 35 63 13 61 56 15 31 
36 43 65 4h 15 61 8h 16 51 56 
16 81 1h 61 65 15 61 5h 51 3h 
23 1h 16 51 32 53 13 61 65 26 
3h 13 51 31 62 56 13 16 31 16 
51 75 17 61 4h 54 13 51 41 84 
4h 14 71 47 14 3h 52 65 36 23 
41 24 6h 56 15 34 63 65 46 57 
37 83 86 84 64 82 62 46 51 36 
6h 45 23 65 26 48 74 36 83 56 
53 4h 35 14 32 63 52 36 74 6h 
65 23 52 75 45 41 24 46 24 34 
53 17 3h 43 71 57 65 36 54 4h 
13 48 3h 65 84 73 31 42 68 58 
8h 23 14 86 47 62 38 2h 85 74 
52 47 8h 76 6h 23 2h 7h ah 3a 
ah 1a ah 
