0
3h 2h 42 4h 84 62 81 8h 6h 8h 
63 85 81 68 65 65 76 75 73 7h 
75 67 46 48 43 68 46 42 4h 74 
76 87 46 84 83 43 58 54 84 58 
73 57 87 48 47 54 87 58 5h 51 
5h 5h 6h 3h 48 64 61 76 41 74 
64 76 78 17 1h 68 46 48 24 68 
26 46 25 24 21 71 37 32 3h 8h 
72 67 65 26 75 27 23 25 73 17 
63 16 12 62 86 72 17 16 18 76 
17 1h 6h 5h 68 6h 16 1h 7h 2h 
3h 14 27 2h 28 26 32 3h 35 3h 
3h 3h 4h 41 64 63 86 43 84 64 
86 83 8h 8h 63 46 43 54 63 56 
46 54 51 5h 35 3h 41 64 61 36 
41 34 64 36 38 3h 3h 3h 3h 7h 
2h 5h 1h 4h 1h 4h 1h 6h 1h 1h 
8h 1h 8h 
