2
42 1a 1h 1h 41 57 4b 41 b2 4b 
48 4h 14 13 43 14 1h 76 71 75 
27 45 b4 2b 24 61 b4 6b 64 67 
6h 65 25 65 b6 16 1b 12 1h 31 
51 53 74 b2 13 15 21 35 61 62 
a6 12 53 47 3b 74 3a 21 53 47 
b3 74 6b a6 12 65 b6 47 3a 74 
6b 76 46 47 67 64 a6 21 74 65 
26 16 12 b1 62 53 47 3a 74 3b 
26 53 47 a3 74 1a b1 31 35 15 
1b a1 47 1a 31 74 b1 47 3b 74 
a3 62 47 6a b6 51 5b 56 b6 5b 
16 74 b5 1b 15 31 3h 2h b5 7b 
65 36 b7 1b a1 8a 23 12 a8 5a 
51 61 47 65 a5 2a 32 a3 1a 16 
a6 b1 74 2a 5b 32 a3 b5 1a 31 
7b 23 12 71 72 7h 23 74 27 b1 
37 32 72 73 27 73 27 37 32 72 
73 87 3b 78 27 23 73 27 24 21 
25 74 37 34 74 37 34 35 34 23 
85 7h 87 57 38 63 4h 75 36 53 
2h 82 37 83 81 23 82 2h 72 25 
82 81 58 87 58 78 75 67 ah 76 
57 87 85 68 7a 86 58 75 67 4h 
76 57 85 68 4h 86 58 75 67 ah 
76 57 85 68 7a 57 58 78 57 76 
57 67 65 75 76 57 76 87 86 76 
57 87 58 52 82 78 72 57 82 58 
78 57 87 5h 78 5h 52 65 52 65 
25 26 56 52 65 52 65 25 87 2h 
78 4h 87 4h 78 bh 87 5b 52 65 
25 26 56 52 65 52 65 25 26 78 
5h 52 65 26 52 15 41 54 65 26 
52 65 87 bh 78 26 52 15 41 54 
65 26 52 65 87 5b 65 25 26 56 
52 65 52 65 25 26 56 78 1h 52 
65 52 65 25 26 56 52 65 52 45 
1h 54 65 25 26 56 52 65 52 65 
25 26 56 87 5h 65 62 52 65 67 
16 57 15 65 26 13 71 21 61 56 
53 15 63 16 27 61 26 76 16 56 
75 28 72 15 61 65 15 61 62 56 
12 51 61 56 58 15 16 21 56 25 
15 61 65 68 56 16 51 52 65 61 
26 18 58 45 16 41 51 65 27 42 
56 15 12 71 23 53 65 17 41 21 
42 67 46 26 72 8h 27 62 64 76 
24 72 62 46 52 15 82 64 86 14 
81 54 25 21 51 25 58 45 68 16 
68 16 12 41 51 25 65 86 ah 65 
16 14 81 64 56 58 68 46 15 41 
61 86 6a 16 14 51 85 18 51 27 
42 62 46 57 45 65 76 86 18 21 
25 72 5h 27 62 67 86 28 72 62 
56 54 75 3h 64 86 85 65 26 28 
52 65 46 58 25 42 62 56 85 68 
36 6h 86 3h 13 51 1h 21 65 86 
24 82 14 51 52 12 41 65 26 65 
26 14 51 52 12 41 65 46 1h 51 
64 26 61 26 16 15 61 15 41 62 
36 bh 63 56 62 56 14 21 16 21 
61 65 46 52 12 57 35 78 18 21 
64 53 12 46 6b 25 21 86 51 85 
16 12 31 62 65 36 16 51 57 25 
27 12 31 34 6h 61 26 57 45 62 
16 15 21 65 76 28 72 62 56 18 
21 87 28 18 8h 52 71 62 76 16 
21 25 62 15 81 28 16 6h 52 51 
86 15 81 61 67 56 17 18 71 54 
85 43 63 17 58 36 6h 71 75 36 
18 63 5h 81 86 35 67 53 7h 36 
64 3h 45 4h ah 2a ah 1a ah 5a 
bh 7b ah 8a bh ah 
