2
5h 34 16 8a 3b 34 85 8h 84 24 
83 87 68 61 81 28 2h 81 68 64 
61 a6 2a 82 53 68 63 83 78 73 
83 46 48 68 64 76 71 7h 76 84 
8h 58 56 76 27 25 26 75 28 37 
32 72 37 38 78 37 16 73 27 28 
32 78 37 27 12 62 61 21 26 16 
72 73 23 61 47 16 42 72 61 47 
48 78 16 27 28 78 61 32 16 37 
27 61 62 12 16 26 21 61 72 73 
23 16 47 61 42 72 16 17 67 61 
71 76 16 a7 61 4a 43 46 54 5h 
57 5h 53 25 23 53 42 47 4h 27 
46 35 61 32 52 16 34 61 35 45 
16 24 25 45 61 32 16 34 24 61 
32 3h 31 3h 8h 7h 8h 7h 8h 7h 
8h 8h 1h 8h 1h 8h 6h 84 16 1h 
48 4h 42 53 54 34 58 5h 1h 2h 
1h 1h ah 43 48 38 15 71 84 83 
43 87 34 37 47 83 74 4a 38 74 
78 48 13 16 1h 1h 3h 8h 1h 1h 
ah 6h 8h 6h 8h 6h 8h 6h 8h 6h 
2h 5h 6h 6h bh 
