1
2h 1a 1h 42 4h 56 41 47 a5 2a 
27 24 a7 27 1a 17 81 a7 4a 47 
84 53 a7 1a 17 81 83 a7 48 41 
4a 54 5h 58 a4 5a 57 65 68 58 
a6 34 3a 35 32 a5 73 7h 3a 37 
3h 32 36 8h 8h 38 73 a3 7a 76 
a6 3a 36 a6 45 7a 73 a3 54 7a 
72 45 a2 54 3a 32 45 a2 54 73 
45 8a 37 54 83 81 31 45 a1 54 
23 45 6a 32 54 63 6h 45 a3 54 
8a 86 45 38 36 86 54 73 45 78 
38 54 53 43 45 35 34 54 83 87 
37 45 68 54 63 83 45 68 62 82 
54 38 32 82 45 73 54 78 38 45 
43 53 54 34 35 45 83 87 37 54 
28 45 23 83 54 a8 45 3a 32 54 
a2 45 73 54 1a 37 45 13 18 38 
54 a8 45 73 54 1a 37 45 13 54 
a3 45 1a 17 1h 54 51 41 45 15 
14 54 a1 45 3a 31 54 a1 45 73 
54 8a 37 45 83 81 31 54 a1 45 
73 54 8a 45 78 38 54 53 43 45 
35 34 54 83 87 37 45 68 63 83 
67 54 38 37 87 45 23 54 28 38 
45 23 27 37 54 83 87 37 45 68 
65 63 64 34 76 73 63 76 72 62 
36 32 62 73 76 36 43 54 35 63 
67 37 46 43 53 54 34 63 a6 3a 
35 45 a4 73 3a 73 a3 4a 54 a5 
3a 37 a7 23 1a 32 13 16 36 a6 
23 1a 32 13 14 34 a4 71 73 13 
71 3a 31 a1 73 6a 37 63 64 34 
a4 73 6a 37 16 13 63 17 26 21 
61 36 37 67 23 27 37 26 73 76 
36 13 72 16 36 27 71 73 12 71 
31 21 23 13 12 32 31 21 23 13 
27 17 12 72 32 37 27 61 72 63 
13 27 61 72 62 12 67 31 32 12 
76 73 63 71 76 16 31 36 16 73 
71 31 a3 78 7a 7h 7h 7h 6h 6h 
2h 37 63 61 31 76 73 7h 2h 4h 
63 27 2h 26 21 61 46 43 4h 4h 
63 45 16 12 1h 1h 4h 5h 62 54 
16 18 68 45 31 54 36 16 45 41 
51 54 14 15 45 61 63 13 54 26 
45 21 61 54 26 28 2h 2h 68 45 
4h 16 18 68 31 3h 26 2h 7h 1h 
8h 3h 8h 3h 8h 2h 8h 8h 5h 8h 
4h 8h 8h 5h 6h 4h 5h 5h ah 
