0
1h 3h 26 76 12 1h 32 87 35 3h 
3h 15 41 43 43 85 8h 7h 76 81 
84 83 78 74 7h 75 47 41 71 27 
21 71 27 24 74 24 27 2h 6h 5h 
2h 7h 6h 5h 14 12 42 41 21 24 
67 61 62 68 62 6h 6h 71 36 37 
67 38 26 28 32 78 67 53 56 57 
67 25 37 86 82 62 73 85 26 25 
65 72 75 25 16 12 62 35 14 26 
24 64 53 52 32 35 46 43 63 41 
25 46 16 14 64 61 41 52 36 31 
61 53 57 37 56 53 63 58 27 36 
38 68 53 56 36 53 5h 53 2h 4h 
8h 42 4h 43 4h 47 4h 5h 1h 14 
15 12 52 42 15 13 53 14 1h 15 
1h 1h 7h 2h 7h 2h 7h 2h 7h 2h 
7h 3h 7h 3h 3h 43 8h 3h 8h 3h 
8h 3h 8h 6h 5h 6h 
