1
4h 6h 78 72 4a 47 42 a7 6a 68 
48 58 46 41 a1 7a 74 a4 7a 74 
71 76 25 27 21 71 a2 4a 47 42 
72 a2 51 84 15 87 47 51 84 15 
8a 86 8h 51 a6 46 15 84 51 4a 
84 15 8h 51 8h 68 15 86 78 76 
17 86 18 78 57 8h 75 67 81 68 
78 67 8h 87 68 a4 86 78 76 17 
86 18 78 67 8a 76 17 87 68 a7 
86 78 6a 87 68 a8 1a 12 a2 12 
7a 72 a2 7a 87 86 18 76 17 7h 
67 5h 52 65 75 67 2h 76 57 56 
76 a7 6a 65 15 17 18 61 27 16 
51 56 a6 72 1a 61 27 16 31 35 
3h 72 37 31 a5 6a 56 a5 7a 27 
a2 6a 56 a5 4a 43 54 a3 65 46 
74 27 42 54 6a 46 54 a4 6a 46 
a4 7a 27 a2 5a 5h 2h 72 4h 64 
7h 46 4h 64 7h 67 47 64 65 45 
64 5h 54 56 56 75 a4 57 45 6a 
54 65 a5 45 6a 61 63 54 6h 46 
2h 65 46 7h 64 56 76 57 45 74 
67 65 86 54 74 57 68 36 a1 75 
47 45 75 47 41 54 71 57 47 54 
63 76 74 37 41 61 36 76 37 4a 
34 74 67 64 86 74 17 53 15 84 
38 64 16 68 16 86 56 25 76 27 
57 65 83 78 31 24 74 67 84 28 
76 27 87 68 61 81 78 51 25 87 
28 63 76 75 27 87 58 68 36 57 
85 87 28 57 25 25 35 73 65 76 
36 53 6h 67 56 36 53 6h 63 76 
7h 2h 4h 42 2h 1h 2h 52 35 32 
13 3h 73 78 27 57 25 38 73 75 
87 35 83 73 57 1h 75 37 38 53 
78 57 37 83 52 75 72 87 52 15 
52 15 78 17 57 25 57 25 38 73 
35 73 53 52 15 75 27 5h 37 32 
73 32 83 51 25 57 25 75 72 87 
7h 17 1h 51 12 41 46 1h 61 14 
21 15 21 51 52 45 5h 25 27 57 
25 1h 52 75 17 21 4h 64 76 12 
71 51 45 6h 16 54 25 72 61 ah 
17 26 52 71 1a 25 47 43 73 47 
15 31 37 56 48 38 63 78 18 52 
32 7h 21 25 83 87 37 83 84 16 
41 31 73 71 67 31 62 72 1h 13 
16 27 36 23 75 67 53 18 31 68 
78 52 13 8h 36 27 85 81 32 62 
18 58 23 37 7h 26 81 85 72 58 
18 6h 23 87 85 54 74 32 ah 21 
46 45 58 68 12 2a 87 83 73 3h 
34 4h 2h 4h ah 8a ah 
