1
7h 3a 3h ah 3a 3h a5 8a 83 81 
68 a3 8a 8h 81 87 a8 6a 61 6h 
5h 63 64 85 a4 7a 16 18 68 56 
a7 65 16 6a 16 17 a6 8a 86 78 
a6 87 48 7a 84 78 71 81 58 a1 
85 48 8a 48 a8 7a 76 7h 78 57 
3h 75 a7 67 2a 27 42 43 42 46 
24 27 47 26 46 76 2h 67 5h 53 
25 42 41 54 51 58 41 54 76 8h 
67 3h 76 8h 86 87 58 57 15 3h 
51 35 7h 53 15 35 31 51 53 15 
67 7h 51 35 5h 15 13 53 75 67 
56 35 31 51 a5 45 14 13 43 14 
1a 18 a8 48 14 15 45 14 14 15 
1a 1h 21 6h 76 12 61 8h 17 21 
85 6h 12 71 76 16 71 1h 71 5h 
17 21 5h 85 84 28 25 72 71 47 
21 42 72 17 1h 18 21 24 32 3h 
35 ah 14 81 2a 42 18 41 21 82 
43 64 6h 28 12 13 81 23 62 18 
61 21 32 76 87 ah 23 62 12 16 
21 16 31 78 37 17 61 4a 74 12 
81 26 47 34 18 71 74 87 14 31 
78 67 6h 68 28 42 78 47 41 64 
63 71 37 21 82 47 54 5h 28 72 
73 87 23 82 83 23 82 73 17 86 
18 26 52 58 75 67 8h 25 32 76 
37 36 76 37 26 32 72 17 87 28 
23 62 8h 38 6h 83 68 ah 63 4a 
64 34 84 78 71 47 81 48 78 57 
51 71 37 5h 73 87 46 34 86 58 
76 17 43 14 74 37 85 48 15 45 
14 85 68 41 64 84 18 73 47 43 
64 81 38 36 84 18 74 57 8h 48 
75 47 87 68 46 54 63 8h 78 45 
34 46 87 63 1h 74 38 51 47 54 
14 71 78 57 3h 43 47 84 14 71 
75 31 86 57 ah 13 68 17 41 37 
53 86 14 35 78 2a 41 73 62 14 
83 75 41 42 58 ah 37 24 85 35 
14 26 58 7a 43 61 52 57 27 87 
34 16 72 2h 48 73 61 41 81 37 
ah 12 2a 74 18 16 86 47 6h 63 
ah 72 36 27 7a 61 75 16 5h 68 
6h ah 8a ah 5a ah 
