1
8h 6h 3a 46 a2 1a 32 12 15 a3 
6a 65 62 61 63 76 a5 6a 61 86 
86 a1 7a 81 87 a7 6a 61 a1 2a 
26 82 a2 3a 38 a8 3a 3h 4h 6h 
4h a6 8a 86 a6 5a 58 a8 5a 56 
5h 35 a6 2a 24 a4 8a 86 18 a6 
81 28 21 81 68 1a 12 86 18 28 
a8 1a 15 a5 8a 82 85 68 a2 86 
18 6a 81 28 25 85 18 a6 81 68 
1a 86 18 a8 3a 37 83 81 68 31 
63 83 58 52 82 38 36 13 86 48 
31 23 84 28 38 43 48 38 a3 8a 
84 a4 8a 82 68 a2 86 58 3a 53 
83 28 23 83 48 43 83 18 58 51 
81 85 18 85 18 58 51 81 85 a8 
15 3a 34 51 a4 15 3a 32 51 a2 
15 4a 42 a2 51 8a 18 85 18 58 
51 81 85 18 85 38 35 13 85 18 
38 23 24 34 23 25 35 83 81 58 
31 53 83 48 43 83 a8 3a 34 a4 
3a 32 63 a2 36 23 5a 32 53 51 
31 23 a1 32 63 3a 23 21 31 63 
a3 1a 12 a2 4a 42 a2 3a 36 13 
a6 31 53 4a 35 13 47 31 23 48 
32 53 54 15 34 13 14 34 13 54 
31 a3 45 2a 23 54 a3 45 2a 25 
24 27 54 a4 3a 34 24 2h 21 24 
27 12 4h 21 62 2h 52 51 21 52 
58 15 28 42 51 65 24 62 67 27 
12 57 45 21 62 54 65 25 12 68 
16 26 52 58 15 28 12 52 65 62 
16 52 15 65 16 12 32 13 1h 21 
2h 4h 41 1h 7h 37 23 4h 14 21 
31 23 25 12 13 51 23 52 12 31 
56 35 15 21 31 53 51 45 31 43 
53 15 26 32 35 13 25 12 32 53 
54 34 23 16 41 45 43 53 13 41 
51 35 31 51 35 32 43 23 53 15 
13 53 15 12 71 7h 78 7h 52 35 
32 52 35 3h 34 23 25 35 23 24 
26 72 46 36 53 56 36 43 27 42 
32 43 8h 34 23 24 62 65 25 62 
63 23 52 53 23 42 62 64 24 26 
32 35 25 32 34 36 73 46 26 52 
56 26 42 37 63 6h 87 7h 24 72 
87 28 42 6h 56 45 25 42 7h 24 
52 54 75 24 72 52 85 2h 58 45 
27 42 52 45 2h 25 72 5h 54 75 
25 82 85 25 82 87 27 52 57 27 
52 58 45 28 72 54 75 25 42 7h 
24 52 58 45 28 72 54 75 25 a2 
1a 51 57 45 17 61 54 65 15 61 
64 14 51 54 75 14 71 51 45 6h 
54 15 17 41 57 45 15 a1 2a 52 
54 75 24 72 52 a5 3a 23 27 42 
37 63 24 82 36 83 87 37 43 27 
42 32 43 8h 34 23 24 72 34 73 
23 72 78 28 32 38 43 28 42 32 
a3 5a 25 24 72 54 75 25 72 7h 
67 ah 76 1a 61 ah 17 51 3a 43 
15 71 4h 17 51 ah 76 2a 42 67 
ah 24 82 3a 43 28 42 32 43 15 
71 31 23 21 52 31 83 47 84 34 
13 76 6h 31 43 48 14 38 13 25 
43 ah 12 84 17 31 27 82 42 74 
34 73 2a 28 42 12 51 43 24 23 
82 43 84 15 81 15 81 51 58 18 
48 34 28 32 15 42 5h 81 84 1h 
21 23 82 13 81 42 34 15 31 1h 
21 25 32 15 23 7h 31 52 57 27 
52 13 71 72 37 12 73 8h 21 2h 
37 25 73 ah 58 4a 32 85 23 ah 
57 1a 34 75 43 ah 58 3a 85 3h 
52 5h ah 2a ah 6a ah 
