1
24 2a 87 82 81 58 a8 2a 27 82 
a7 8a 83 81 86 28 23 83 28 2h 
8h 38 3h a3 5a 83 58 57 52 57 
65 67 57 65 86 a8 6a 68 a8 2a 
26 a6 3a 32 37 a2 3a 53 25 27 
62 57 65 25 62 a6 5a 52 13 a2 
6a 15 35 31 51 53 a5 13 56 75 
5a 65 31 56 75 76 a5 13 8a 48 
a4 31 5a 67 57 a5 57 65 13 56 
15 35 31 51 53 15 3a 51 35 a5 
15 3a 32 35 a2 1a 13 a3 1a 12 
15 1h 18 1h 84 61 62 6h 12 48 
56 84 51 48 53 13 63 84 71 76 
16 72 7h 48 61 62 12 84 76 71 
61 48 46 86 84 64 68 48 16 17 
67 84 31 48 36 84 35 65 15 48 
26 84 31 3h 62 48 36 34 83 48 
34 a3 63 56 6a 56 51 61 a1 16 
5a 53 15 65 16 13 63 71 76 16 
51 53 13 75 71 51 65 61 51 36 
35 65 86 48 64 56 53 63 15 16 
56 15 17 57 61 67 17 35 36 56 
31 65 61 51 36 a3 15 5a 15 16 
56 a6 61 65 63 53 13 75 31 6a 
76 56 35 15 81 48 14 51 53 13 
65 67 57 31 36 16 35 61 65 15 
36 a3 51 1a 51 56 16 a6 65 61 
63 13 53 41 45 4a 85 18 a1 6a 
86 81 51 58 18 61 25 26 56 35 
3h 2h ah 7h 2a 27 2h a7 4a 4h 
47 43 53 65 67 57 26 2h 8h 85 
15 18 14 58 54 84 81 41 a5 48 
18 14 84 6a 21 26 25 65 15 48 
32 36 31 61 21 84 86 46 48 68 
64 84 a2 8a 86 a6 46 2a 42 48 
28 68 a2 6a 64 a4 84 86 46 48 
68 64 84 3a 36 3h 2h a6 48 3a 
42 43 23 83 82 84 24 34 a2 8a 
38 48 43 83 84 34 a8 2a 32 38 
42 a3 48 28 24 1a 12 16 26 a6 
41 81 84 14 18 48 3a 72 71 21 
84 73 72 32 a3 1a 12 a2 48 3a 
41 81 84 14 18 48 a3 7a 71 a1 
84 3a 83 43 48 38 34 a3 7a 75 
a5 3a 43 83 84 34 38 a3 1a 15 
a5 81 41 48 3a 43 83 84 34 38 
48 18 14 84 a3 2a 21 a1 3a 23 
25 35 12 15 25 a3 81 41 48 18 
14 84 3a 72 71 73 7h 21 72 7h 
7h 6h 5h 6h 5h 6h 5h 6h 5h 6h 
5h 2h 5h ah 74 5h 5h 5h 5h 4h 
1h 13 8h 5h 4h 3h 35 8h 8h 4h 
5h 4h 5h 4h 4h 
