1
7a 74 78 76 a3 7a 7h 87 83 73 
a7 8a 84 84 24 78 a7 12 14 17 
17 1h 5h 42 6a 67 a7 8a 85 a5 
76 84 7a 78 a8 68 6h 3h 7h 7a 
67 6h 6h 65 a6 65 26 42 64 36 
6a 36 32 3h 62 a6 3a 73 27 67 
86 24 68 26 46 42 62 64 86 24 
68 76 74 87 64 86 76 37 34 74 
67 68 26 78 27 67 a6 7a 72 87 
a2 78 57 7a 57 a7 5a 53 a3 7a 
73 87 a3 78 27 8a 72 87 a7 8a 
58 56 a5 7a 75 27 a5 72 57 2a 
75 27 a7 8a 28 2h 21 32 3h 7h 
78 27 23 73 57 4h 75 37 32 72 
a7 3a 37 a7 2a 27 a7 3a 34 36 
73 72 32 83 86 28 27 87 58 36 
53 83 58 57 87 38 37 23 87 58 
35 73 18 37 13 18 51 a8 15 71 
1a 51 58 75 18 71 51 75 a1 57 
15 2a 12 52 75 15 21 25 72 15 
71 21 72 87 28 12 17 51 27 52 
12 51 57 25 21 72 51 75 78 58 
15 28 12 52 75 18 21 28 72 18 
41 27 62 14 61 57 65 15 71 25 
72 12 a1 2a 27 52 a7 25 72 5a 
27 52 56 75 26 42 57 45 25 72 
a6 27 52 51 75 21 72 52 45 5a 
25 27 12 57 15 25 42 a2 4a 46 
a6 2a 26 52 51 75 21 72 52 15 
a6 51 25 27 12 16 26 72 52 45 
5a 25 27 42 57 45 25 72 a5 27 
42 1a 41 21 42 4h 8h 6h 8h 6h 
8h 82 2h 6h 64 4h 8h 28 72 7h 
6h 46 2h 52 2h 52 51 45 21 42 
72 17 43 64 5h 25 46 14 74 17 
52 45 47 34 ah 57 25 24 72 54 
75 25 42 71 67 7a 17 8h 24 52 
57 45 27 42 52 75 43 24 23 72 
52 85 5h 35 45 24 27 32 6h 47 
54 52 75 42 74 54 25 71 47 41 
24 71 67 71 67 17 42 64 14 74 
71 47 71 47 46 24 76 17 76 17 
54 15 75 47 42 64 5h 46 24 74 
17 57 45 42 64 67 47 24 54 75 
23 62 72 52 45 43 24 53 25 45 
74 27 52 54 35 47 27 32 52 75 
46 34 76 56 25 24 72 54 65 27 
62 52 45 ah 54 25 27 42 57 45 
25 72 43 64 74 76 46 26 52 53 
85 47 84 83 54 75 28 42 43 64 
23 62 67 27 62 52 85 4a 24 21 
32 58 75 38 28 12 57 35 26 32 
46 52 76 2h 74 85 23 82 83 23 
62 53 65 25 62 42 34 4h 54 27 
47 84 21 72 71 57 85 45 21 5h 
74 12 17 27 12 26 32 46 74 46 
34 24 72 58 45 38 48 34 58 65 
52 65 25 27 52 27 62 52 75 52 
75 25 27 57 52 75 52 85 5h 25 
57 25 21 72 16 56 26 43 6h 75 
32 64 47 64 54 75 23 57 7h 32 
85 82 83 23 28 32 52 45 46 34 
57 85 4h 24 25 72 45 64 41 76 
26 ah 54 57 12 62 75 67 27 21 
72 16 71 26 4a 57 12 64 61 53 
15 26 32 46 23 73 51 3h 14 32 
67 65 41 71 56 23 6h 34 48 ah 
87 73 1a 15 32 56 23 1h 34 67 
48 76 6h 85 53 8h 32 3h ah 2a 
ah 6a ah 
