2
12 5a 76 7h 8b 56 86 a6 56 52 
7a 71 27 a1 2a 26 a6 2a 26 26 
56 a2 3a 38 48 35 3h 31 38 37 
67 b3 13 2b 23 b3 5b 52 15 82 
51 65 75 76 56 57 15 67 51 85 
25 28 58 52 15 82 51 65 75 76 
56 57 15 28 51 65 b2 57 25 6b 
52 65 64 54 15 b4 74 51 85 28 
52 45 5b 85 28 52 75 47 54 15 
b4 51 45 7b 54 85 28 52 75 76 
56 15 b6 46 8b 64 51 85 25 28 
58 52 15 82 51 85 25 28 46 b8 
64 5b 52 15 82 51 85 25 28 58 
52 15 82 51 85 25 46 b2 64 7b 
17 46 71 57 58 15 78 17 64 57 
15 1h 31 46 4h 13 b1 8b 28 b2 
1b 31 b3 8b 28 b2 6b 64 b4 1b 
31 b3 8b 28 b2 1b 31 b3 7b 75 
37 b5 13 71 47 7b 47 b7 1b 31 
b3 8b 28 b2 1b 31 b3 6b 46 b4 
1b 31 b3 7b 74 87 28 72 17 31 
73 17 46 71 27 b6 72 37 1b 73 
67 64 74 37 b3 71 87 28 72 17 
31 73 27 7b 27 b7 1b 31 b3 7b 
87 b8 1b 31 b3 7b 72 17 82 71 
87 27 28 78 72 17 82 71 87 27 
b2 1b 31 b3 2b 72 78 17 28 71 
27 b7 1b 31 b3 2b 25 12 15 25 
72 87 28 32 53 25 72 87 28 42 
46 26 72 87 28 32 53 25 72 87 
28 b2 7b 72 17 82 b8 1b 1h 81 
2h 12 61 64 14 81 1h 21 28 18 
31 53 15 81 82 12 41 46 16 21 
28 18 61 4h 16 81 82 12 31 53 
15 21 28 18 61 2h 82 16 81 21 
32 53 25 12 18 61 28 62 64 24 
82 14 81 21 82 6h 28 12 18 61 
28 62 12 81 2h 18 31 26 52 15 
31 51 53 23 12 15 81 25 82 12 
81 8h 18 21 28 62 18 61 21 32 
53 25 12 16 81 26 82 12 a1 2a 
28 62 a8 26 82 6a 28 62 61 21 
82 a1 28 62 8a 26 82 a2 3a 53 
a5 2a 28 62 a8 26 82 6a 28 62 
67 27 82 a7 28 62 68 27 82 2a 
82 a2 6a 63 6h 26 35 62 16 17 
67 26 53 62 56 36 35 65 63 76 
71 61 26 53 62 a6 35 2a 28 12 
17 27 12 a8 21 82 53 28 72 71 
2a 12 a2 35 1a 71 a7 53 2a 27 
12 35 21 32 52 53 23 25 82 35 
28 12 72 71 21 27 12 a2 53 1a 
71 a7 35 6a b6 53 8b 35 a6 53 
2a 35 b8 53 2b 82 35 28 72 b2 
17 8b 71 a2 53 1a 35 b8 53 1b 
21 a7 35 27 17 51 3a 15 31 a1 
51 2a 82 15 28 12 13 81 52 53 
23 25 82 35 28 32 18 31 21 82 
51 28 52 53 23 82 13 28 12 15 
81 25 72 18 71 21 82 35 28 32 
52 53 23 25 72 a7 35 1a 17 51 
a7 15 31 51 53 13 15 31 3a 15 
31 a1 51 5a 53 a3 13 2a 12 15 
81 25 82 35 28 32 52 53 23 25 
62 18 26 35 b1 52 8b 25 32 52 
53 23 25 32 a1 23 12 8a 21 82 
35 28 32 52 53 23 25 12 a8 35 
3a 21 82 b2 8b a3 53 8a 83 86 
8h 5h 1h 28 16 31 82 38 35 85 
28 15 31 82 38 18 21 a5 12 81 
83 28 13 41 82 48 8a 28 b5 82 
38 1b 21 25 32 15 41 82 68 a1 
86 18 14 61 1a 61 b8 16 81 84 
68 2b 14 61 23 42 81 58 b3 85 
38 24 32 82 48 8b 28 23 42 83 
48 28 32 b8 23 82 8b 84 38 a1 
83 48 2a 32 84 38 28 42 b2 8b 
83 28 24 12 a8 21 82 84 18 3a 
24 12 82 48 16 51 a3 15 41 1a 
21 26 32 16 41 23 42 47 27 32 
17 41 4h 8h 4h 5h 5h 7h ah 5h 
5h 7h 5h 7h 5h 1h 7h 5h 7h 5h 
6h 5h 5h 7h 2h 6h 5h bh 7h 3h 
6h 4h 7h 4h 6h 7h 5h 7h 
