1
51 6a 61 31 63 64 64 36 a4 63 
62 16 6a 32 16 23 a6 32 1a 14 
23 a4 32 6a 64 23 a4 32 16 23 
6a 32 86 23 84 81 83 85 63 a6 
1a 15 a5 1a 17 67 26 16 28 a2 
51 5a 52 a2 12 1a 31 36 16 31 
38 35 36 18 51 a1 21 2a 25 a5 
15 1a 12 71 a2 52 17 51 21 25 
15 12 61 2a 16 21 a1 51 2a 26 
a6 15 1a 16 71 a6 56 17 81 1a 
71 65 17 61 51 56 16 15 81 82 
12 61 a2 16 51 61 65 15 16 71 
56 17 21 5a 12 51 a1 61 6a 65 
a5 15 1a 16 71 a6 56 17 51 61 
65 15 16 71 56 17 21 5a 12 51 
a1 61 8a 78 16 87 18 15 71 85 
78 18 71 73 74 75 72 7h 4h 57 
65 76 87 81 58 71 57 87 38 31 
81 58 43 85 78 75 27 85 28 34 
78 57 65 76 87 82 58 72 57 87 
68 65 75 76 47 73 17 86 18 78 
57 34 75 67 56 75 27 43 72 a7 
34 5a 65 43 a6 34 8a 81 58 65 
86 58 43 a1 34 65 86 28 8a 28 
a8 43 5a 65 a6 34 2a 27 43 a7 
34 5a 65 43 a6 34 8a 87 58 65 
86 58 43 a7 85 28 34 5a 65 43 
42 a6 24 34 8a 28 2h 2h 5h 38 
23 52 62 65 25 26 52 5h 26 52 
53 23 52 57 5h 5h 3h 6h 4h 4h 
3h 85 8h 3h 1h 68 6h 54 65 37 
63 53 65 76 57 35 36 13 56 15 
35 63 67 37 53 51 65 6h 31 43 
4h 4h 5h 65 41 4h 5h 15 14 1h 
6h 1h 6h 46 56 45 41 4h 4h 51 
65 61 46 42 51 45 4h 8h 3h 4h 
7h 6h 7h 1h 7h 1h 7h 1h 7h 1h 
7h 1h 7h 2h 2h 7h 7h 5h ah 
