2
46 1a 81 6b 65 b5 8b 86 b8 1b 
18 16 12 1h 3h 5h 4h 47 b8 28 
2b 2h 21 26 21 28 24 72 76 26 
52 72 76 76 56 a5 2a 26 a6 42 
2a 12 15 25 72 a4 27 42 1a 1h 
24 61 62 12 b1 2b 26 42 b6 24 
52 2b 52 b2 1b 51 a5 2a 25 72 
a5 27 42 2a 52 51 21 72 a4 27 
82 2a 82 a2 8a b8 2b 28 42 b8 
24 82 1b 28 15 b5 82 1b 81 21 
82 a8 1a 18 a8 41 7a 14 81 82 
12 a7 81 8a 85 a5 15 31 3a 36 
3h a3 2a 25 a5 2a 82 8h 84 78 
7h 37 34 35 43 73 a7 8a 38 34 
53 84 58 57 87 48 37 43 83 a8 
3a 34 73 a4 37 43 7a 34 73 75 
35 43 a5 34 63 3a b3 4b a6 8a 
48 b8 7b 87 84 58 74 57 87 a8 
2a b2 52 8b 58 28 25 85 72 75 
25 47 42 72 b7 8b 28 24 84 52 
58 28 a2 3a b3 53 8b 83 48 b3 
84 38 7b 57 83 58 52 82 48 72 
47 87 b8 7b 74 37 b4 73 47 3b 
74 37 32 72 47 b2 74 57 8b 58 
78 57 a5 7a 57 a5 8a 87 58 78 
75 27 a8 72 47 3a 53 74 57 5h 
bh 37 53 57 58 25 2b 53 25 b5 
35 3b 23 28 38 23 27 42 37 43 
23 82 87 27 32 34 53 24 52 32 
43 57 45 35 43 b7 27 34 53 54 
85 34 83 53 75 4b 57 35 38 43 
58 45 35 73 b5 32 53 4b 27 35 
43 45 72 b3 27 4b 4h 6h 6h 7h 
6h 2h 6h 6h 6h 54 52 42 54 53 
25 24 32 54 35 25 42 46 26 52 
42 84 53 25 23 82 42 34 54 75 
7h 7h 4h 43 24 28 32 48 34 24 
82 72 7h a2 5a 45 43 24 53 25 
45 34 28 52 58 35 45 84 87 47 
54 27 82 45 84 24 52 53 45 23 
72 54 75 74 54 35 24 32 52 75 
78 58 25 23 42 53 45 48 58 35 
28 32 52 45 47 24 57 85 23 72 
43 84 82 87 54 85 75 25 27 42 
45 34 25 32 42 74 78 48 24 23 
52 43 54 58 48 54 28 32 45 34 
24 b2 3b a3 2a 52 57 45 27 82 
54 85 87 57 45 27 82 54 85 25 
a2 5a 58 45 a8 54 75 5a 75 78 
58 45 a8 54 75 5a 65 6h 64 a7 
46 2a 42 62 64 24 26 42 26 42 
62 64 24 26 82 8h 6h 7h 6h 7h 
6h 61 b1 3b 13 16 36 a3 5a 65 
61 51 65 6h 3h 6h 6h bh ah 2h 
4h 4h 8h 4h 8h 8h 8h 1h 1h 1h 
7h 7h 5h 6h 
