1
86 34 8a 87 81 86 a7 1a 16 a6 
4a 41 a1 8a 78 a8 7a 74 7h 27 
a4 2a 82 84 24 28 48 a2 84 8a 
28 24 84 a2 28 2a 24 26 12 56 
21 a2 82 68 8a 68 a8 6a 65 a5 
8a 85 68 a5 86 18 6a 81 68 a8 
6a 6h 64 65 6h 6h 3h a3 16 15 
8a 65 26 83 a8 62 5a 46 83 a8 
6a 46 51 a6 81 4a 48 a8 42 1a 
15 a5 8a 82 a2 68 62 82 46 48 
68 46 8a 86 a6 48 4a 47 4h 43 
46 87 14 16 41 28 24 26 46 86 
14 58 54 51 41 45 15 85 64 68 
62 82 42 68 64 84 58 51 81 48 
46 86 24 28 48 26 24 64 62 42 
46 26 84 86 46 18 15 85 64 68 
62 82 42 18 54 58 51 81 85 15 
45 28 24 26 46 86 24 28 48 54 
51 41 84 82 42 58 54 84 18 14 
84 58 53 83 48 41 81 48 43 14 
18 13 83 81 68 43 64 62 42 14 
82 68 41 34 86 58 43 54 5h 2h 
2h 3h 2h 84 18 38 31 81 83 18 
1h 83 28 62 54 86 38 31 81 28 
62 86 38 34 84 18 14 84 28 62 
86 48 41 81 a8 58 1a 14 a4 1a 
15 1h 1h 2h ah 21 2h 61 6h 62 
1a 12 61 67 26 17 21 61 36 a1 
63 16 1a 17 41 4h 72 a2 62 36 
1a 21 63 26 27 67 36 17 31 61 
36 38 68 16 18 31 68 36 23 42 
48 4h 28 32 16 31 3h 2h 3h 4h 
72 13 71 21 72 73 7h 7h 23 12 
13 71 23 72 15 71 7h ah 3h 3h 
8h 3h 8h 3h 8h 3h 4h 8h 3h 7h 
7h 8h 8h 2h 8h 5h 5h 8h 6h 5h 
6h 1h 
