1
3h 16 1a 34 81 35 36 31 34 3h 
7h 83 72 86 18 37 a4 1a 13 a3 
1a 16 1h 1h 83 81 8h 8h 58 5h 
5h 2h 52 56 86 58 52 65 31 56 
45 85 48 2h 13 a4 31 5a 54 75 
7h 13 a4 74 87 48 5a 65 31 56 
45 47 85 78 13 87 48 78 74 84 
87 68 47 86 48 31 84 58 57 65 
87 48 6h 13 6h 31 2h 13 6h 31 
2h 84 68 13 12 61 81 68 32 1h 
61 67 62 82 68 67 16 12 41 62 
46 16 41 84 68 61 46 81 78 64 
76 86 a8 5a 65 67 46 57 25 64 
26 56 45 25 24 23 43 53 54 65 
63 46 53 75 64 76 56 a5 8a 68 
67 46 87 28 64 26 23 21 23 72 
86 48 46 27 86 48 2h 26 42 41 
4h 41 74 71 41 74 4h 74 ah 47 
34 5a 75 43 74 54 75 78 76 47 
45 34 3h 36 ah 63 2a 32 6h 23 
52 72 87 57 25 27 32 57 35 25 
72 3h 27 52 56 75 26 72 52 75 
78 27 25 32 5h 23 82 52 35 ah 
53 25 28 32 58 35 25 82 4a 84 
ah 24 52 53 15 5a 65 1h 56 45 
23 12 27 12 72 71 37 54 65 6h 
21 73 47 48 34 78 37 47 84 12 
67 1h 76 48 24 21 72 41 84 27 
82 42 74 73 27 43 14 72 67 3h 
41 24 76 37 42 34 74 27 28 12 
1h 78 47 43 84 73 87 47 14 1h 
18 78 71 87 47 84 18 41 74 78 
37 81 3h 41 84 8h 18 14 84 18 
ah 81 68 5a 45 86 48 58 15 41 
64 6h 6h 63 5h 15 36 76 87 85 
68 75 67 87 58 5h 51 75 73 17 
53 71 6h 35 37 16 57 61 ah 15 
2a 76 51 67 ah 12 4a 75 21 57 
ah 16 8a 74 61 47 ah 12 2a 75 
73 53 3h 38 8h 1h ah 3a ah 
