1
4h 83 74 5a 56 5h 53 a6 4a 46 
54 a6 8a 8h 5h 2h 85 85 83 18 
31 3h a1 4a 42 a2 3a 81 38 a8 
5a 53 a3 1a 15 a5 1a 18 1h 13 
1h 1h a8 4a 14 51 58 18 25 21 
51 25 24 a4 74 7h 5a 45 64 56 
15 12 41 64 16 41 52 45 65 64 
14 51 56 35 16 31 51 45 64 56 
35 37 57 15 17 41 57 45 15 61 
56 54 75 14 71 51 a5 1a 17 41 
64 16 71 a1 2a 25 a5 1a 17 61 
a7 16 21 2a 2h 23 72 8h 27 42 
64 26 72 2h 72 8h 27 42 64 26 
72 2h 72 8h 27 42 64 26 72 2h 
72 8h 27 42 64 26 72 a2 7a 7h 
ah 7a 87 83 28 73 47 82 48 78 
67 64 74 87 86 38 76 37 87 48 
64 86 58 51 81 48 64 86 78 73 
27 83 48 72 47 67 64 74 76 27 
46 72 47 87 68 76 74 37 64 86 
38 78 47 64 76 a7 2a 27 42 64 
26 72 a2 8a 83 28 27 42 87 48 
28 72 a3 27 42 7a 24 72 a2 6a 
64 84 86 28 27 42 87 48 26 42 
82 48 a2 84 78 8a 78 a8 7a 67 
26 72 17 15 75 67 26 72 a7 8a 
87 48 a7 84 78 4a 87 48 46 34 
a8 62 7a 26 7h 43 62 72 37 4h 
64 73 67 47 64 48 64 84 86 46 
48 64 48 74 78 67 48 64 74 67 
7h 67 61 62 65 36 7h 37 67 36 
35 63 76 73 27 63 26 28 68 36 
78 37 35 75 37 65 36 62 36 76 
27 31 43 7h 67 61 26 71 27 67 
16 34 13 63 76 72 17 3h 37 23 
63 76 71 37 61 86 32 83 87 82 
72 32 43 78 27 28 78 27 68 26 
76 17 34 13 73 67 62 46 7h 27 
26 12 7h 37 32 83 3h 23 73 67 
21 52 64 16 5h 74 37 36 43 76 
47 37 63 6h 61 76 74 87 8h 64 
16 ah 61 46 2a 42 62 16 ah 61 
26 24 82 86 26 42 82 84 24 28 
62 64 68 46 26 42 84 28 62 64 
86 46 48 68 28 42 62 16 7a 27 
24 82 87 84 61 86 46 76 48 78 
67 27 62 64 76 72 17 28 68 46 
71 57 26 52 72 67 64 16 5h 35 
23 25 42 35 83 87 82 72 32 83 
73 27 23 ah 61 36 76 37 34 63 
67 16 72 48 78 27 37 23 61 76 
73 57 38 68 56 76 17 32 83 3a 
63 65 26 35 83 36 83 63 62 36 
62 86 36 23 36 23 63 62 32 36 
23 36 53 3h 63 32 63 64 26 63 
26 48 71 37 84 64 32 72 16 4h 
23 57 61 26 28 52 72 17 64 86 
71 27 51 21 42 71 47 78 57 64 
32 75 16 6h 23 47 16 32 13 63 
26 27 12 78 68 36 32 83 62 86 
36 23 25 35 63 84 21 36 78 12 
6h 43 87 63 56 52 51 21 25 12 
62 36 38 13 67 56 6h 26 84 62 
76 78 47 84 64 35 7h 26 43 47 
62 56 37 23 26 72 36 27 1h 73 
74 34 8h 62 61 47 43 16 26 73 
ah 38 34 84 6a 41 6h 42 65 24 
14 57 ah 43 48 75 84 34 4a 56 
4h 65 ah 52 2a 5h ah 4a ah 
