1
58 3a 38 32 a8 58 5a 5h 57 65 
16 16 1h 4h 37 63 6h 61 68 56 
54 35 31 51 35 64 63 65 6h 26 
24 64 36 32 62 73 76 72 62 42 
34 56 83 86 85 65 35 83 63 46 
57 64 86 53 73 75 87 83 8h 1h 
1h 85 8h 67 16 13 63 26 42 18 
16 15 21 61 62 46 26 16 12 81 
86 28 24 16 21 41 81 28 48 42 
82 84 68 a6 24 8a 68 a6 42 3a 
35 a5 24 8a 28 48 42 82 84 18 
12 82 68 14 21 24 14 61 64 14 
21 84 28 18 41 a4 1a 41 a4 6a 
68 26 a8 62 46 14 21 4a 12 41 
48 61 56 53 63 16 18 21 68 46 
12 41 61 46 42 62 16 12 31 62 
36 16 31 53 15 61 63 56 36 35 
65 15 21 63 26 16 21 24 14 61 
64 26 14 31 62 36 16 51 56 16 
51 53 13 61 63 13 61 65 26 15 
41 62 46 16 41 42 12 61 62 36 
12 51 63 56 16 31 36 16 31 35 
15 61 65 15 81 a8 1a 61 63 26 
13 21 61 26 24 64 16 14 21 64 
36 12 31 61 56 51 61 56 53 63 
16 13 63 16 15 21 65 46 12 41 
61 46 42 62 16 12 31 62 36 16 
31 53 15 61 63 26 13 21 61 26 
24 64 16 14 21 64 36 35 65 46 
12 41 61 46 42 62 16 12 31 62 
36 16 51 56 16 51 53 13 61 63 
13 61 65 26 15 21 61 26 24 64 
16 14 21 64 36 35 12 51 61 86 
a8 1a 13 41 a3 14 21 4a 12 41 
a1 4a 42 a2 1a 12 31 35 15 21 
a1 2a 24 a4 1a 14 21 a4 12 31 
1a 31 a1 5a 51 a1 5a 53 a3 1a 
13 a3 1a 15 21 a5 12 41 2a 14 
31 35 15 41 a2 14 21 4a 12 41 
a1 4a 42 a2 1a 12 31 a2 13 21 
3a 12 31 a1 5a 51 a1 5a 53 a3 
1a 13 a3 1a 15 21 a5 12 31 35 
15 71 1a 71 a1 6a 56 53 63 86 
a8 6a 36 35 65 76 7h 7h 8h a8 
5a 53 5h a3 7a 17 16 21 76 27 
17 21 24 14 71 74 27 14 31 72 
37 35 75 27 15 41 72 47 17 41 
42 12 71 72 37 12 31 71 37 36 
23 76 27 37 23 24 34 13 16 21 
36 23 13 41 43 13 71 73 27 2h 
13 21 42 13 21 57 5h 56 12 41 
4h 41 4h 4h 24 65 6h 42 74 7h 
27 a1 72 57 56 76 27 2a 2h 4h 
8h 8h 8h 6h 3h 5h 3h 6h 8h 5h 
8h 5h 6h 3h 3h 3h 6h 8h 1h 3h 
6h 8h 1h 6h 7h 1h 6h 3h 6h ah 

