1
3h 3h 61 3a 26 82 84 78 a7 3a 
3h ah 1a 18 a8 2a 21 2h 82 a1 
6a 28 61 a1 56 7a 73 47 a3 5a 
56 5h 52 a6 5a 45 75 46 a4 1a 
46 57 a1 5a 45 41 65 64 54 56 
46 a1 71 64 85 8a 17 84 86 87 
85 a4 52 54 75 71 51 45 25 24 
54 52 45 52 65 4a 56 45 46 56 
45 a6 26 8a 38 54 35 31 51 45 
81 48 58 a5 62 8a 84 28 a4 82 
68 28 26 86 82 68 2a 86 28 25 
2h 32 43 a8 34 83 63 68 38 36 
23 6a 32 63 64 34 83 84 34 63 
a8 48 36 43 83 84 34 38 43 38 
63 3a 63 a3 84 6a 62 a2 48 3a 
84 32 83 a2 43 48 38 34 83 34 
83 43 48 38 34 63 4a 36 43 42 
32 43 a2 82 34 63 3a 83 23 28 
38 32 63 a3 82 6a 63 64 86 84 
18 64 16 86 48 28 24 84 82 68 
61 36 81 38 68 a6 42 36 43 23 
24 34 32 43 32 13 3a 13 a3 24 
8a 42 86 38 31 43 81 48 38 23 
a6 32 13 3a 83 84 18 34 13 83 
28 a3 82 48 28 24 84 82 48 82 
38 4a 83 48 a8 28 1a 17 a7 82 
8a 84 38 a4 83 48 28 24 84 82 
48 82 38 8a 38 37 43 87 48 38 
23 a7 32 83 84 78 34 73 83 48 
28 24 84 82 38 37 43 87 48 38 
43 82 83 48 23 84 78 8a 48 32 
84 38 28 23 24 a7 34 32 43 32 
43 82 83 78 8a 38 34 73 84 78 
38 23 a8 32 43 23 24 34 32 43 
32 83 4a 38 43 a3 23 7a 71 a1 
32 3a 34 83 a4 38 43 23 24 34 
32 43 32 83 3a 83 81 48 31 43 
83 28 a1 82 38 34 23 8a 48 32 
43 83 48 a3 23 4a 46 32 a6 86 
48 4h 3h 74 87 38 36 73 86 78 
38 73 74 17 7a 17 a7 1a 14 a4 
7a 74 17 a4 71 47 1a 74 17 18 
78 47 a8 74 17 4a 71 47 a7 4a 
48 a8 7a 78 47 a8 74 17 7a 17 
15 75 47 a5 74 87 7a 87 a7 8a 
84 a4 7a 74 17 a4 71 47 1a 74 
17 1h a7 17 1h 4h 4h 2h 4h 4h 
2h 1h 2h 4h 2h 6h 8h 8h 2h 1h 
6h 4h 2h 2h 6h 8h 6h 8h 8h 6h 
6h 6h 7h 7h 3h 5h 2h 5h 2h 2h 
5h 6h 7h 5h 6h 5h 
