1
4a 41 43 43 16 14 1h 13 64 a1 
46 8a 28 25 23 a3 4a 43 48 46 
a4 43 54 1a 45 64 63 43 a4 41 
34 54 8a 45 43 84 a4 53 7a 87 
35 a8 53 4a 35 47 a4 53 1a 35 
47 14 53 a4 35 8a 87 53 a7 87 
5a 85 85 48 45 15 14 1h 8h ah 
71 78 18 71 7a 74 a4 14 61 8a 
84 58 a4 86 38 8a 78 65 87 38 
31 81 58 a1 86 58 8a 58 a8 68 
5a 54 a4 86 8a 84 78 a4 64 87 
68 62 48 3a 35 a5 84 8a 28 26 
86 58 53 83 68 62 82 58 5h 1h 
ah 1a 13 a3 1a 21 26 16 a1 3a 
31 a1 3a 38 a8 6a 62 a2 1a 18 
a8 1a 31 35 15 31 32 12 31 36 
37 37 31 3h 35 21 a5 12 3a 73 
21 37 83 85 35 73 12 37 13 23 
16 71 26 17 81 36 32 62 53 51 
31 63 23 26 36 32 73 62 37 63 
58 36 13 18 38 73 15 71 31 63 
23 26 36 32 73 62 37 83 85 35 
73 26 37 23 63 62 32 36 73 26 
37 a3 62 5a 58 a8 26 1a 17 a7 
62 71 26 6a 17 61 26 12 a2 71 
26 3a 17 53 51 31 83 62 81 31 
26 53 62 52 32 56 13 18 38 13 
12 32 71 73 13 81 75 82 12 57 
31 75 35 15 73 7h 4h 2h 4h 2h 
4h 8h 28 a7 82 47 4h 28 71 74 
14 82 71 7h 7h 8h 2h 28 2h 26 
67 6a 72 67 a7 27 8a 87 a7 68 
1a 86 21 26 16 28 61 68 18 21 
61 62 12 16 26 81 62 82 86 26 
16 28 61 68 18 21 61 62 12 16 
26 81 86 82 62 12 68 61 81 68 
a6 2a 21 a1 2a 28 a8 2a 25 21 
62 65 6h 4h 7h 2h 1h 4h 7h 4h 
7h 4h 1h 4h 4h 8h 5h 7h 7h 5h 
1h 4h 4h 5h 1h 1h 5h 8h 3h 5h 
8h 5h ah 
