1
2h 2h 14 73 67 86 84 5a 81 a4 
74 1a 18 47 a8 16 38 18 14 85 
2a 18 17 51 74 26 2h 47 85 18 
a1 2a 12 74 71 41 47 17 14 a1 
2a 25 a2 58 5a 28 42 a5 1a 51 
24 82 81 21 85 a2 1a 15 18 58 
a8 41 71 8a 85 74 14 a5 17 6a 
51 58 18 a1 5a 16 47 a1 8a 74 
81 a1 85 47 83 53 2a 12 74 13 
15 23 81 72 42 47 27 24 74 82 
12 31 35 15 81 86 a6 8a 47 48 
78 74 84 87 a8 47 5a 53 a3 1a 
41 71 74 14 17 a1 2a 47 21 a2 
74 3a 35 85 47 48 78 21 32 31 
21 74 a2 5a 47 25 87 12 13 23 
78 42 72 82 87 27 38 31 81 a8 
2a 24 a4 74 12 13 23 42 7a 47 
27 42 a2 72 4a 46 27 a6 72 7a 
76 a6 26 5a 53 83 62 58 26 51 
53 75 81 78 73 87 62 68 73 28 
26 86 82 37 38 78 73 62 47 4h 
83 26 2h 8h 68 62 82 68 6h ah 
7h 47 7a 47 4h 2h 3h 8h 48 42 
82 54 58 48 a5 24 7a 42 57 54 
5h 6h 74 25 27 57 65 68 58 75 
72 52 67 65 75 87 85 75 87 86 
76 58 67 57 56 76 86 75 28 27 
87 68 65 85 78 72 82 67 68 78 
57 58 78 57 56 76 35 37 57 85 
86 56 35 31 3h 8h 51 75 71 51 
27 25 75 a7 5a 52 a2 25 6a 52 
65 68 58 a8 25 5a 25 a5 3a 37 
a7 5a 52 a2 65 3a 56 31 83 45 
41 51 38 24 83 25 45 38 34 3h 
3h 1h 63 84 8h 83 86 36 58 5h 
63 65 35 36 56 53 63 45 43 53 
64 65 45 a4 8a 58 56 86 35 38 
36 86 56 78 75 85 74 68 67 87 
58 63 54 84 36 25 63 68 52 38 
36 86 83 63 75 73 53 68 67 87 
65 78 75 85 67 28 27 87 62 6h 
ah 1h 7h 1h 7h 1h 7h 1h 6h 1h 
3h 1h 3h 1h 3h 1h 3h 1h 4h 4h 
3h 4h 2h 5h 1h 1h 5h 4h 5h 
