1
2h 4h 72 5a 81 41 53 76 7h 86 
8h 85 87 82 78 58 a8 38 7a 78 
73 27 83 72 87 37 38 78 73 27 
83 72 a7 57 2a 25 a5 38 4a 42 
47 45 46 34 37 36 47 34 87 a3 
78 5a 52 87 a2 78 5a 56 54 57 
35 34 54 25 a6 26 56 85 5a 65 
62 52 85 75 78 58 57 25 26 87 
a8 56 75 87 58 65 1a 15 16 31 
56 a6 3a 3h 23 7h 87 5h 85 75 
78 58 57 85 57 85 75 78 58 32 
73 53 25 83 52 85 87 57 25 37 
52 35 38 23 75 78 58 57 85 57 
85 32 83 53 25 73 52 a5 37 3a 
38 23 a8 32 83 73 78 38 37 13 
5a 75 31 63 57 65 35 23 87 32 
83 73 78 38 37 23 87 32 63 62 
32 53 78 35 a3 87 5a 52 75 a2 
58 75 5a 85 87 57 85 a5 75 7a 
78 a8 58 5a 57 25 a7 52 75 85 
87 57 58 65 3a 63 53 25 78 52 
75 85 87 57 58 25 78 52 a5 65 
3a 87 35 73 a5 37 83 73 78 38 
37 23 87 32 63 8a 36 83 a3 73 
7a 78 a8 38 3a 37 23 a7 32 63 
8a 36 83 78 37 23 a8 32 63 6a 
61 a1 87 31 73 8a 37 83 a3 73 
7a 78 a8 38 3a 37 23 a7 87 3a 
63 63 64 65 63 61 26 25 65 76 
a5 68 76 2a 67 26 21 61 76 a1 
86 2a 68 67 26 87 2h 78 5h 87 
7h a6 2a 2h 72 7h 5h 51 2h 72 
1h 27 82 87 27 82 5h 15 2h 52 
1h 25 72 8h 78 28 52 51 21 82 
87 18 27 12 82 78 5h 87 28 21 
72 81 78 28 52 53 85 87 18 57 
15 23 12 23 12 32 31 21 51 75 
81 78 58 75 23 82 85 18 5h 81 
78 58 15 74 37 7h 37 1h 73 87 
84 18 74 17 73 67 83 48 76 47 
87 a8 2a 72 74 17 24 12 72 17 
18 78 27 28 32 78 37 27 32 83 
28 72 73 87 37 38 78 28 32 72 
37 31 23 27 12 37 63 21 82 36 
83 23 72 87 28 32 37 63 78 28 
12 36 43 4h 21 72 4h 27 82 87 
27 12 8h 21 82 81 21 72 7h 71 
4h 17 4h 71 46 7h 78 17 18 78 
47 6h 74 67 46 74 87 81 71 67 
46 74 17 8h 71 67 46 74 17 8h 
71 67 46 74 17 6h 46 4h 14 74 
17 18 78 17 7h 47 48 14 78 17 
1h 16 71 67 47 14 17 81 7h 18 
71 76 87 16 81 71 67 ah 76 17 
18 61 78 67 17 61 5a 75 71 87 
51 85 75 17 ah 71 57 58 15 78 
17 16 57 3a 71 65 83 17 81 31 
73 75 87 ah 35 13 17 51 37 53 
13 71 56 85 2a 72 75 67 25 32 
15 23 76 51 5h 32 67 37 53 27 
35 ah 72 73 23 52 58 35 76 87 
36 56 27 4a 73 65 62 64 24 54 
37 ah 42 1a 75 43 23 46 57 ah 
31 72 64 34 14 27 7a 45 43 78 
34 54 4h 81 4h 46 1h 62 6h ah 
2a ah 8a ah 
