1
17 41 81 6a 65 67 68 38 65 61 
76 a5 7a 74 73 a4 64 3a 36 37 
3h 37 4h a6 8a 87 12 a7 5a 57 
a7 21 3a 37 53 12 a7 58 21 3a 
83 85 a3 4a 47 a7 8a 8h a7 12 
3a 35 a5 1a 13 a3 23 1a 14 18 
a1 32 3a 31 a1 2a 73 a1 74 3a 
12 a4 1a 63 68 16 a6 38 1a 13 
a3 7a 16 1h 41 a7 8a 14 81 a1 
6a 26 a2 4a 47 a7 2a 62 a6 1a 
18 a8 5a 61 26 12 41 a5 1a 41 
48 42 84 a1 48 3a 84 34 63 a4 
36 13 5a 26 31 53 a3 62 7a 71 
a1 26 3a 62 35 63 a5 23 26 36 
32 13 3a 13 a3 62 1a 71 a7 26 
3a 31 53 a1 35 23 63 62 32 36 
23 36 53 2a 35 13 17 37 53 a2 
62 35 63 3a 63 64 26 23 63 56 
a2 32 65 36 34 23 24 36 53 64 
62 56 36 23 43 42 32 34 23 34 
53 3a 53 58 56 5h 54 25 a3 52 
15 5a 45 42 4h 52 85 a1 58 15 
1a 71 75 15 71 7h a7 17 21 2a 
24 a4 14 51 57 17 41 5a 65 14 
61 51 25 28 63 16 13 21 21 2h 
7h 63 26 2h 4h 4h 7h 4h ah 5h 
82 85 25 82 81 21 82 8a 8h 58 
51 45 81 48 41 81 48 51 45 85 
48 45 4h 14 15 45 a4 24 52 51 
21 52 2a 52 58 75 28 72 52 85 
a5 2a 27 52 58 75 28 72 73 23 
82 53 85 25 82 a3 28 52 58 75 
28 72 52 85 6a 86 56 15 16 56 
25 27 62 57 85 26 32 58 35 25 
32 37 27 52 57 65 27 62 52 65 
68 26 25 72 18 1h 27 52 62 86 
58 25 26 82 56 85 25 62 65 25 
82 18 21 52 56 26 52 58 65 62 
52 85 65 26 25 65 86 18 61 56 
52 62 56 51 85 61 26 21 61 76 
58 75 65 76 73 63 56 53 85 63 
76 58 15 67 16 56 15 18 28 62 
65 86 25 82 62 56 52 62 86 18 
61 26 25 65 26 28 52 68 56 68 
76 28 72 62 86 85 65 26 27 32 
67 36 26 a2 6a 63 56 58 68 76 
a3 67 86 85 65 86 81 61 56 51 
61 36 5a 35 65 36 37 67 56 57 
85 67 36 58 35 65 a6 5a 53 85 
a3 58 45 5a 15 16 56 85 a4 58 
35 5a 35 a5 1a 18 a8 6a 68 a8 
6a 56 53 45 63 16 54 15 14 54 
85 64 86 56 85 84 54 65 64 86 
54 75 68 76 56 75 73 53 65 63 
86 53 75 7h 8h 78 7h 1h 72 7h 
7h 7h 3h 3h 4h 3h 4h 3h 4h 3h 
6h 8h 4h 3h ah 5h 4h 3h 7h 4h 
3h 3h 4h 4h 2h 4h 2h 1h 
