1
61 62 38 7a 74 71 72 74 7h 37 
57 36 34 a6 7a 74 87 a4 78 2a 
27 25 75 a5 67 7a 67 a7 1a 17 
a7 6a 62 63 65 a5 86 7a 68 56 
71 a1 65 86 7a 75 87 67 16 a5 
61 46 6a 16 15 65 46 43 63 26 
a3 62 56 51 61 46 6a 16 15 65 
46 a6 5a 51 a1 4a 43 47 34 4h 
a7 6a 67 16 15 65 26 a7 62 76 
2a 67 26 27 2h 25 5h 4h 45 8h 
5h 7h 1h 21 a6 8a 8h 82 42 46 
14 8h 18 48 14 14 64 3h 46 5h 
64 5h 15 16 3h 37 5h 73 7h 71 
3h 17 37 31 71 32 83 1h 38 1h 
52 71 83 2h 38 1h 83 2h 38 1h 
71 2h 17 51 1h 71 1h 71 2h 83 
5h 17 51 12 51 21 25 12 25 72 
38 2h 72 76 47 26 52 21 52 12 
74 57 17 21 17 51 53 53 56 54 
25 72 25 72 73 47 23 52 23 42 
18 41 21 52 58 15 28 32 28 32 
75 37 27 52 14 31 25 72 71 57 
21 42 75 87 7h 57 52 15 72 17 
57 25 13 71 73 27 57 35 24 32 
52 85 1h 41 58 25 14 31 21 72 
51 45 27 82 7h 75 17 28 12 72 
57 54 65 13 41 71 87 5h 25 75 
17 58 52 35 71 27 25 82 85 25 
12 78 57 78 57 21 52 72 17 14 
61 53 65 15 21 74 67 23 52 13 
41 74 67 47 46 51 35 17 27 32 
52 75 16 31 76 56 25 21 72 51 
65 27 62 52 15 85 81 51 58 25 
27 12 57 15 25 12 58 52 75 13 
61 71 76 16 56 25 17 31 52 85 
5h 75 6h 57 25 21 72 51 65 74 
67 26 82 18 21 42 72 67 52 65 
75 27 7h 57 54 15 74 17 57 25 
13 41 12 41 51 75 73 17 53 25 
72 87 51 35 5h 15 14 21 54 35 
75 47 58 14 31 72 47 24 26 42 
76 47 27 62 64 74 76 47 26 42 
72 87 81 71 27 58 15 58 15 72 
67 51 65 75 27 26 12 56 75 21 
81 5h 17 12 72 67 28 21 62 81 
24 82 83 56 45 75 17 38 18 64 
21 82 18 46 56 81 83 13 73 67 
18 61 71 87 54 15 46 56 14 27 
7h 45 31 32 12 31 65 7h 57 64 
74 18 5h 27 41 45 72 87 15 21 
27 52 17 25 3h 51 54 14 6h 72 
73 45 41 37 27 51 ah 16 14 64 
7a 43 7h 42 78 24 34 85 ah 41 
46 58 64 14 4a 87 4h 78 ah 82 
2a 8h ah 4a ah 
