0
1h 8h 32 86 12 1h 12 1h 5h 1h 
3h 6h 1h 63 6h 6h 31 35 38 3h 
15 31 34 53 14 51 31 83 81 31 
53 58 58 78 52 54 85 34 23 58 
15 32 13 53 15 14 21 54 25 15 
31 34 83 14 21 38 53 51 31 45 
43 53 25 28 58 35 34 13 54 15 
18 58 38 71 45 74 73 7h 1h 41 
54 25 2h 6h 7h 23 87 52 45 14 
78 61 61 87 46 54 85 82 52 45 
72 87 64 86 76 87 81 71 47 54 
65 61 51 86 85 8h 7h 65 27 26 
21 76 27 28 78 27 23 18 12 82 
81 21 28 62 61 86 21 32 68 36 
26 42 47 27 62 63 46 42 62 43 
46 36 34 64 63 26 24 23 43 12 
1h 6h 76 18 1h 1h 4h 4h 1h 1h 
4h 1h 67 46 4h 45 4h 4h 7h 4h 
4h 2h 7h 8h 7h 3h 8h 8h 3h 3h 
8h 3h 5h 5h 5h 6h 1h 4h 
