1
7h 5h 74 7a 75 73 74 a7 5a 57 
a7 5a 57 57 a7 5a 15 13 a3 13 
17 1h 14 51 45 5a 45 a5 4a 47 
42 a7 5a 57 a7 25 3a 52 35 a5 
1a 18 a8 31 5a 51 a1 35 3a 38 
38 3h 3h 7h a8 58 25 1a 52 15 
18 58 a8 71 75 15 21 5a 12 71 
51 a1 75 5a 72 25 a5 2a 72 a7 
5a 57 a7 75 72 52 15 5a 15 12 
52 a2 21 25 15 21 4a 12 51 52 
12 45 71 75 15 45 71 73 13 74 
21 27 17 21 25 15 71 75 15 27 
21 23 27 13 71 73 13 27 2h 21 
2h 2h 5h 5h 6h 5h 67 6h 67 6h 
32 53 25 82 8h 3h 1h 53 51 31 
35 15 13 53 a1 61 46 35 2a 64 
32 52 53 23 25 35 46 53 42 43 
62 54 36 34 64 35 36 56 53 63 
65 35 46 53 43 45 35 65 34 36 
46 54 56 46 54 53 43 64 63 43 
64 65 45 36 35 65 34 36 46 54 
56 46 54 53 43 64 63 43 a4 3a 
36 a6 3a 35 a5 6a 65 a5 6a 63 
a3 56 7a 65 76 71 61 a1 37 3h 
36 4a 63 54 57 47 36 34 64 76 
32 75 65 23 46 32 42 62 34 3h 
56 57 5h 52 73 72 32 62 17 13 
73 16 37 36 76 23 27 37 23 25 
35 73 75 35 67 63 73 61 27 26 
76 24 37 31 71 42 53 24 57 37 
42 53 56 36 24 73 76 36 42 57 
52 72 63 65 35 67 62 72 63 27 
23 73 26 57 53 73 62 25 27 56 
24 74 64 35 46 37 57 64 35 34 
36 46 56 43 65 63 53 64 75 73 
53 46 47 42 72 62 35 26 37 57 
62 35 32 52 36 75 72 52 13 17 
37 85 83 53 87 8h 81 35 37 57 
18 83 15 35 81 51 58 18 73 81 
75 35 18 73 78 38 71 53 58 38 
67 25 23 53 76 25 26 56 17 25 
2h 1h 4h 34 36 46 13 1h 64 61 
41 64 65 45 14 15 45 21 64 61 
41 26 a4 62 56 6a 56 a6 5a 51 
a1 6a 61 a1 16 5a 61 85 86 56 
85 87 57 65 67 57 16 15 65 86 
83 63 56 51 61 75 76 56 75 73 
53 65 63 53 16 15 65 a6 4a 54 
51 41 35 34 54 35 37 57 45 47 
57 14 15 45 14 16 46 54 56 46 
75 74 54 75 73 53 45 43 53 64 
65 45 a4 5a 56 a6 65 7a 56 17 
15 75 12 67 61 71 67 65 75 17 
15 75 31 37 17 a1 4a 74 73 43 
57 54 74 57 56 76 47 46 76 54 
52 42 67 65 75 64 62 42 57 52 
72 34 35 45 37 31 71 34 17 14 
74 38 87 17 51 54 14 25 21 51 
25 26 56 15 16 56 41 45 15 41 
47 17 51 57 17 65 61 51 65 62 
52 15 12 52 71 75 15 81 38 53 
57 37 25 23 53 25 26 56 35 36 
56 73 75 35 73 74 34 53 54 34 
65 63 53 65 62 52 35 32 52 43 
45 35 73 71 31 57 54 74 13 18 
38 45 47 57 43 48 38 75 78 58 
23 27 37 25 26 56 23 65 63 53 
62 75 73 53 26 37 25 65 36 76 
37 35 75 67 65 75 26 27 67 a6 
3a 73 72 32 57 53 73 a7 1a 51 
57 17 31 37 17 53 52 32 71 75 
15 23 71 73 13 72 51 53 13 27 
35 21 71 37 57 35 31 51 75 71 
51 27 25 75 a7 6a 56 52 62 85 
a6 58 15 3a 51 83 85 35 83 84 
34 53 54 34 15 13 53 85 87 57 
35 31 51 43 45 35 43 47 37 53 
57 37 85 83 53 25 82 8h 8h 8h 
6h 1h 1h 7h 1h 7h 1h 1h 4h 7h 
7h 1h 2h 3h 8h ah 7h 5h 7h 7h 
2h 2h 3h 
