1
5h 17 82 1a 16 14 a4 6a 61 a1 
2a 21 28 a1 2a 2h 61 64 23 25 
24 a2 32 7a 72 a2 5a 52 a2 62 
6a 61 86 87 67 82 56 58 58 5h 
4h 7h a5 3a 31 38 a3 5a 45 42 
52 a5 7a 71 76 a1 6a 67 a6 67 
86 6a 86 a6 2a 24 a4 2a 26 a6 
2a 28 a8 6a 68 a8 6a 62 86 a2 
82 62 86 3a 68 36 37 13 a6 31 
3a 3h 23 28 38 43 48 38 43 42 
32 83 82 32 13 41 a4 34 73 1a 
37 13 43 41 31 34 83 14 38 23 
28 38 13 43 41 a1 4a 45 46 4h 
3h 13 2h 31 ah 13 6a 64 a4 31 
6a 86 13 68 16 36 31 83 61 38 
a3 16 8a 61 8h 82 6h 26 2h 82 
62 86 6h 86 7h 68 46 43 63 a6 
8a 8h 83 86 8h 68 6h 16 6h 16 
2h 61 a6 8a 28 26 86 18 1h 1h 
17 2h 23 1h 32 1h 15 3h 51 3h 
15 34 1h 43 4h 64 6h 62 76 6h 
76 75 65 76 7h ah 1a 1h 1h 21 
8h 28 18 21 23 13 81 83 58 13 
51 81 38 4h 14 83 58 65 41 7h 
16 34 37 47 34 61 76 74 17 64 
36 62 36 26 18 41 78 47 17 81 
46 74 76 87 46 54 17 61 85 78 
23 62 12 61 87 28 21 52 8h 78 
72 67 24 84 18 17 41 87 48 45 
18 8h 34 51 81 58 28 12 63 28 
7h 76 82 21 32 67 16 43 61 7h 
14 86 85 38 65 45 83 73 1h 36 
34 58 57 51 71 43 62 8h 37 1h 
24 73 43 15 2h 36 38 57 68 75 
8h 54 83 45 3h 51 1h 3h 5h ah 

