2
25 67 23 28 46 4a 4b 46 a6 7a 
71 7h a1 6a 67 a7 3a 31 a1 6a 
63 61 41 46 a3 6a 46 74 73 43 
64 a6 2a 24 26 28 62 46 24 32 
37 27 62 46 24 b2 4b a2 64 3a 
46 b4 3b 34 b4 6b a4 8a b6 7b 
74 a8 5a 47 52 53 b7 6b a2 6a 
62 16 a2 61 6a 68 46 8h 64 86 
b2 68 46 8b 64 86 b6 7b 74 54 
51 81 84 85 75 8h 4h bh 6b 61 
86 71 71 1h 18 bh 81 8b 48 45 
85 48 a7 84 38 4a 83 48 42 82 
48 a2 84 78 8a 58 52 82 48 5h 
84 38 a7 83 78 3a 87 38 36 3h 
37 a8 4a 43 74 a3 47 34 7a 43 
74 76 37 46 34 74 67 a7 4a 43 
74 76 87 a3 46 34 78 37 47 64 
3a 73 46 54 53 43 84 85 38 45 
34 84 68 37 43 47 64 84 78 38 
23 2h 28 bh 82 3b 83 87 48 37 
63 84 28 2h 87 48 43 74 83 78 
48 74 27 42 84 87 38 47 34 84 
78 72 82 48 43 74 83 78 48 34 
8h 87 38 36 53 86 28 35 23 46 
74 24 27 47 37 63 87 68 42 74 
38 73 43 84 86 38 72 46 74 24 
27 47 37 63 87 68 42 64 84 78 
34 73 72 32 13 82 18 38 13 1h 
7h 1h 7h 1h 87 83 48 73 47 4h 
34 71 67 81 28 43 24 84 58 76 
57 87 48 42 34 82 38 48 b4 8b 
83 68 b3 86 38 6b 83 78 75 37 
85 38 78 57 b6 75 17 7b 17 16 
76 87 83 68 73 67 87 38 b7 83 
78 3b 87 68 16 81 38 b8 4b 84 
83 78 43 74 76 57 61 41 34 81 
58 78 37 47 b4 3b a3 4a 84 85 
78 45 64 87 28 46 24 84 b8 7b 
78 47 42 84 72 57 b4 75 47 48 
54 6b 78 57 47 84 b6 48 64 7b 
46 24 75 27 47 84 b5 48 54 2b 
45 24 23 2h 6h 2h 2h 43 84 b3 
52 4b 84 b4 25 7b 73 47 52 74 
57 27 25 75 72 37 b7 52 8b 48 
25 84 78 73 47 83 58 82 18 74 
17 87 48 25 84 28 58 52 82 85 
18 16 1h 5h 1h 1h 86 48 12 84 
78 76 47 86 38 74 37 87 18 1h 
ah 4h 7h bh 3h 6h 4a 34 3h 32 
63 6h 7b 67 68 26 2h 78 27 25 
2h 82 8h 75 17 1h ah bh 7h 4h 
3h 6h 2h 5h 8h 5h 5h 1h 
