1
7h 5h 85 87 82 5a 28 53 5h 56 
a3 82 7a 28 76 75 78 51 a6 15 
8a 82 51 a2 5a 57 25 28 58 a5 
15 2a 25 21 2h 4h 46 a2 4a 84 
a4 3a 51 82 a3 4a 42 a2 7a 15 
75 72 a5 8a 8h 3h a7 83 2a 28 
a8 24 27 47 8a 87 a7 6a 68 a8 
6a 65 a5 8a 85 78 a5 8a 78 74 
84 38 a4 72 1a 83 28 a1 2a 72 
82 57 58 78 a7 8a 27 85 a8 4a 
85 72 48 42 82 a8 1a 82 18 12 
a8 7a 17 15 1h a1 41 4a 43 45 
34 4h 34 5h 43 24 3h 42 34 32 
42 34 23 5h 32 2h 5h 57 2h 75 
7h 37 72 37 31 35 27 3h 23 73 
72 67 6h 76 27 37 32 63 4h 24 
74 72 67 64 26 37 23 21 63 61 
67 26 31 62 46 41 61 26 43 24 
64 26 5h 62 36 a4 63 26 2a 2h 
2h 32 34 73 24 72 32 43 1h 34 
23 27 42 37 43 23 12 2h 32 34 
73 24 72 32 43 14 31 23 27 42 
37 43 23 72 3h 27 42 32 13 1h 
14 24 34 73 21 72 32 43 41 31 
23 27 42 37 43 23 72 46 74 5h 
24 32 36 43 53 54 34 35 43 35 
43 26 12 34 13 23 42 47 34 27 
12 32 13 63 23 43 74 26 72 42 
34 36 46 24 27 32 47 14 23 52 
2h 72 41 74 24 32 31 43 21 52 
34 53 43 47 14 75 25 12 3h 37 
13 42 54 7h 45 24 23 12 43 14 
71 37 24 32 72 17 34 23 18 51 
78 57 17 51 24 72 34 63 27 62 
32 73 71 67 18 38 23 27 62 37 
63 15 71 74 14 51 72 57 17 21 
23 52 1h 71 72 47 7h 27 1h 31 
36 43 16 41 31 63 25 62 32 13 
12 51 32 43 15 41 75 47 31 23 
21 31 23 26 12 67 37 13 23 12 
16 31 32 63 12 71 64 76 16 21 
34 83 26 24 82 32 83 64 14 21 
23 62 13 51 85 67 36 27 32 62 
76 31 23 21 72 62 16 15 65 26 
35 43 18 41 62 46 24 16 51 36 
53 13 61 64 14 31 58 38 53 18 
41 27 52 67 46 16 71 47 14 61 
67 46 17 41 61 46 25 12 16 71 
26 72 12 61 35 23 21 62 31 73 
26 72 32 13 12 32 63 13 21 23 
13 21 26 32 16 31 21 32 37 13 
12 61 32 53 1h 21 35 23 13 61 
21 32 76 16 36 53 26 52 17 61 
32 63 67 37 23 25 62 35 73 72 
76 26 36 53 16 51 27 62 31 63 
67 37 63 64 16 34 73 74 34 73 
24 82 37 83 61 86 36 73 2h 62 
37 13 26 82 85 35 73 18 51 18 
51 21 42 2h 62 61 46 21 42 62 
16 37 43 18 68 26 23 72 32 62 
16 15 41 31 23 65 26 36 13 27 
52 31 53 6h 61 76 16 35 63 17 
37 53 14 81 64 86 74 62 86 26 
16 71 23 62 38 41 68 28 12 17 
41 21 72 63 46 26 12 17 27 6h 
71 72 74 12 8h 27 41 26 32 82 
61 64 26 14 74 87 62 86 73 27 
73 47 26 32 26 32 74 67 63 73 
47 26 32 26 32 41 38 43 71 67 
68 78 17 26 12 34 72 86 2h 63 
67 37 43 23 72 31 86 34 26 78 
43 6h 82 87 27 62 13 14 26 7h 
31 62 27 42 13 71 32 34 23 75 
47 58 65 86 15 74 32 68 41 2h 
87 14 78 2h 43 5h 56 81 34 68 
1h 47 82 25 7h 53 38 5h 86 6h 
4h 8h ah 
