2
47 8a 4b 68 a4 8a b4 8b 8h 8h 
ah 4h 8a 8h a6 7a 78 76 a8 2a 
26 b2 7b 73 a7 8a 83 a3 6a 65 
a5 7a 78 a8 1a 1h 13 73 87 83 
73 18 61 57 51 56 16 76 47 45 
75 67 61 71 27 2h 24 25 25 82 
b8 1b 21 b2 1b 16 26 21 62 21 
62 12 16 26 21 32 b1 23 62 7b 
17 26 42 71 47 42 42 84 18 61 
86 48 41 64 14 84 b8 16 4b 46 
b6 41 64 61 41 64 8b 18 14 84 
a8 16 4a 84 18 68 61 81 86 48 
41 46 34 16 86 38 48 64 61 41 
34 32 42 14 16 46 84 82 18 42 
14 84 68 64 84 68 61 81 48 41 
81 48 46 14 18 48 b4 16 8b 86 
a6 81 68 61 81 68 4a 14 18 48 
b4 16 8b 48 14 64 61 41 46 84 
81 86 38 16 46 34 37 84 68 b6 
73 8b 68 b6 37 4b 47 14 b7 41 
64 61 81 68 1b 18 48 a4 16 8a 
86 b6 81 68 61 81 68 4b 14 18 
48 a4 16 8a 86 81 68 48 14 61 
46 84 81 28 41 24 84 18 16 86 
28 27 87 68 61 81 48 47 14 16 
87 18 68 48 14 64 61 41 46 14 
46 84 86 81 68 48 14 61 46 84 
86 28 46 24 84 18 23 12 82 68 
62 82 68 61 81 28 21 81 28 26 
12 18 16 28 42 43 14 64 23 12 
62 42 46 84 82 42 64 84 28 24 
84 28 26 86 18 28 12 1h 5h 5h 
61 68 18 51 5h 2h 42 48 28 42 
46 84 82 86 26 46 34 28 62 68 
28 62 43 64 24 82 84 24 82 86 
26 42 46 26 42 48 64 62 42 b4 
68 1b 61 81 86 16 18 61 18 61 
81 86 16 18 21 26 28 62 12 61 
86 18 21 26 52 68 18 51 5h 5h 
4h 64 25 62 42 54 58 65 48 64 
63 6h 62 6h bh 36 16 31 54 35 
15 31 3b 3h 3h 3h 6h 2h 8h 3h 
3h 3h 7h 7h 8h 7h 8h 7h 7h 8h 
5h 8h 5h 8h 1h 8h 8h ah 6h 2h 
2h 7h 4h 7h 4h 7h bh 
