0
3h 17 47 82 42 4h 68 56 18 38 
16 42 4h 3h 3h 34 31 31 73 75 
71 35 63 68 38 53 51 31 63 6h 
2h 61 6h 2h 61 27 26 23 42 83 
41 46 84 34 38 48 43 64 76 47 
14 24 21 41 28 52 51 5h 7h 4h 
67 84 83 43 24 76 25 45 67 24 
2h 1h 7h 1h 7h 1h 1h 32 38 28 
12 71 72 7h 7h 1h 27 21 82 83 
71 87 23 82 72 87 84 74 37 32 
72 47 48 78 37 38 53 78 17 35 
13 73 27 28 78 37 31 71 83 87 
37 83 28 32 73 72 17 32 13 73 
17 15 75 37 35 75 23 28 27 87 
82 72 32 83 73 27 23 73 87 84 
74 27 24 74 82 37 34 74 87 8h 
8h 6h 5h 4h 43 46 48 68 38 56 
5h 5h 3h 1h 51 34 53 57 51 75 
35 13 15 35 83 84 8h 1h 17 34 
13 1h 6h 1h 1h 3h 4h 5h 4h 5h 
8h 7h 2h 4h 5h 4h 5h 4h 7h 4h 

