1
43 1a 52 72 47 34 31 32 54 58 
57 a3 53 51 2a 25 a5 2a 28 a8 
5a 58 a8 35 3a 32 31 a2 52 1a 
15 a5 1a 12 a2 3a 31 a3 5a 52 
73 42 a4 7a 75 a5 35 7a 72 78 
74 37 32 72 52 83 57 54 85 74 
87 35 83 73 57 53 85 73 87 24 
57 85 81 82 83 68 67 38 a8 6a 
68 64 6h 86 42 68 16 18 68 16 
24 2h 4h 42 8h 86 16 17 24 2h 
a1 6a 68 6h 86 a6 3a 37 a7 6a 
68 16 a8 61 26 6a 26 a6 7a 73 
a3 6a 62 86 a2 68 36 7a 63 76 
a6 3a 36 a6 3a 37 83 a7 38 13 
8a 31 83 a3 6a 67 a7 3a 38 13 
a8 31 63 6a 76 73 63 46 42 62 
a6 76 3a 36 37 13 a6 31 23 7a 
32 73 a3 6a 63 a3 7a 75 87 8h 
4h 4h a5 7a 67 65 86 75 87 83 
67 86 85 87 18 65 76 35 67 16 
15 71 75 15 21 86 28 18 21 24 
14 81 84 28 14 21 81 28 a5 82 
18 12 31 82 38 18 21 7a 87 83 
28 18 21 73 87 81 28 71 27 87 
68 28 26 86 82 78 76 17 86 18 
78 27 16 81 86 28 16 21 14 21 
25 27 4h 5h 4h 5h 4h 5h 4h 46 
5h 64 4h 5h 53 3h 6h 46 5h 64 
6h 62 2h 35 3h 6h 26 32 3h 73 
78 47 38 43 46 36 43 76 47 38 
43 35 63 71 57 7h 67 7h 17 14 
61 74 67 17 41 ah 14 71 76 47 
16 41 71 67 68 78 17 14 61 74 
67 17 41 3a 63 ah 14 71 73 47 
13 41 71 37 2a 52 2h 52 2h 32 
72 57 7h 17 36 23 57 26 52 54 
21 62 14 74 71 67 27 12 42 15 
71 45 3h 23 35 43 23 52 23 52 
76 57 16 31 37 17 61 23 72 23 
72 16 31 37 17 61 23 62 8h 73 
7h 12 31 37 17 21 26 72 16 71 
34 21 75 63 8h 42 67 37 83 1h 
37 53 24 82 13 71 78 18 31 76 
47 17 81 26 72 16 81 23 82 12 
31 62 13 61 74 27 71 27 17 68 
1h 71 72 37 12 41 71 27 86 26 
28 62 72 17 15 61 73 27 21 32 
71 57 27 12 18 34 83 23 72 45 
27 82 2h 72 54 24 18 5h 32 41 
45 86 36 26 74 15 ah 53 42 67 
61 54 65 34 56 16 43 32 7a 25 
41 63 67 24 54 76 36 1h 42 45 
67 63 54 24 73 3h 41 45 15 38 
ah 52 87 54 78 2a 81 4h 18 6h 
83 8h ah 3a ah 4a ah 
