2
4a 5b 5h 87 b7 5b 52 a2 5a 51 
45 4h b1 4b 48 4h b4 5b a5 25 
2a 28 a8 4a 42 a2 1a 14 a4 1a 
13 15 b3 5b 58 b8 5b a5 4a 45 
15 14 1h 6h 8h 63 6h 6h 65 64 
b6 16 71 7b 75 75 15 71 73 75 
7h 87 81 71 87 82 83 85 72 67 
62 86 72 87 8h 1h 28 67 26 12 
61 82 36 38 68 76 36 37 67 63 
16 73 61 86 83 78 21 87 58 63 
56 86 38 12 83 18 28 21 81 82 
38 12 83 b8 21 6b 65 26 b5 16 
3b 61 62 36 37 12 67 26 b7 61 
26 8b 28 68 36 18 63 16 12 31 
62 36 16 b1 82 3b 31 37 34 31 
28 1h 82 a4 28 3a 35 83 32 83 
87 18 37 63 81 28 5h 36 53 82 
58 38 13 51 35 83 81 78 15 35 
13 87 68 31 23 3h 13 86 28 2h 
31 73 87 18 1h 71 37 53 58 38 
73 17 a1 3a 83 85 35 73 72 32 
53 58 38 53 51 31 83 81 31 53 
54 34 23 a2 3a 13 18 38 43 45 
35 83 81 31 23 27 37 13 18 38 
13 15 35 83 85 35 73 72 32 53 
58 38 23 a2 8a 85 a5 1a b1 3b 
63 61 76 31 23 26 36 73 23 27 
37 32 63 67 62 76 36 73 27 32 
63 67 56 37 53 63 76 72 62 36 
38 73 68 76 36 83 85 35 63 67 
46 7h 64 26 b2 6b 26 b2 8b 28 
23 63 26 27 67 36 83 28 21 81 
38 63 76 71 61 36 83 28 24 4h 
2h 6h 36 31 61 76 2h 67 56 6h 
76 5h 67 56 6h 76 3h 73 63 76 
78 37 36 53 76 57 54 74 67 34 
63 73 57 68 36 38 53 68 46 52 
45 47 57 45 67 46 53 45 65 36 
32 13 3h 13 3h 73 65 76 75 65 
16 35 13 72 17 81 37 53 67 56 
36 73 71 31 63 65 26 78 57 56 
52 62 72 57 32 13 67 16 36 73 
75 27 7h 67 61 56 71 27 54 25 
26 53 45 36 32 63 73 67 65 36 
37 53 72 62 16 73 17 67 36 54 
15 63 76 75 47 58 68 36 74 17 
57 15 34 13 53 45 2h 65 76 73 
27 3h 72 57 54 35 74 27 74 27 
31 23 51 25 35 13 75 47 75 47 
31 43 73 57 73 57 42 52 72 37 
72 37 35 13 75 17 37 53 23 25 
35 32 73 71 57 72 57 31 53 73 
17 54 35 34 13 54 25 54 25 45 
31 23 71 27 37 43 4h 53 57 35 
57 15 1h 42 4h 74 43 74 34 37 
23 bh 32 73 43 47 24 6b 36 42 
74 64 76 43 46 24 72 87 7h 27 
42 84 4h 34 46 24 72 87 85 7h 
67 73 67 58 76 27 42 34 85 43 
64 34 58 67 26 76 36 43 36 83 
72 87 35 83 73 67 7h 37 31 63 
71 57 71 67 37 23 62 16 6h 16 
18 68 26 7h 47 84 58 75 73 87 
53 85 45 34 36 32 63 32 7h 53 
27 47 24 62 35 2h 76 53 42 35 
67 8h 74 53 26 76 46 35 ah 58 
51 81 6a 17 6h 14 62 41 71 23 
bh 15 18 32 81 51 1b 26 1h 62 
ah 24 4a 2h bh 1b ah bh 
