1
6h 5h 28 18 1a 54 12 17 a7 6a 
16 1h 16 81 a7 2a 21 a1 21 8a 
82 a2 5a 47 57 37 34 83 8h 58 
52 35 18 53 75 74 54 15 85 81 
82 48 47 87 84 74 87 38 51 52 
35 37 12 85 38 32 3h ah 23 21 
74 83 78 48 47 87 84 28 74 82 
78 12 87 68 8a 28 81 78 48 47 
87 84 28 74 82 68 64 84 18 a4 
64 81 28 18 12 82 81 28 81 78 
2a 87 28 a8 18 3a 38 23 a8 32 
73 2a 37 23 26 36 23 25 a6 2a 
2h 12 16 26 a2 12 71 6a 62 17 
21 a1 3a 13 16 71 62 32 73 13 
71 75 15 31 35 73 15 21 37 63 
12 61 31 23 21 31 23 26 12 13 
16 36 26 72 31 73 23 62 61 21 
32 37 63 27 62 32 13 12 32 13 
16 71 36 23 17 81 32 83 82 32 
73 12 71 31 83 86 78 7h 4h 36 
13 18 71 38 73 7h 7h 2h 27 32 
a3 13 61 4a 16 41 a1 4a 45 a5 
1a 15 61 a5 16 41 6a 14 61 a1 
6a 63 a3 7a 17 13 61 73 67 6h 
ah 46 17 41 61 46 48 4h 43 4h 
5h 5h 4h 4h 4h 3h 5h 2h 1h 5h 
2h 1h 2h 5h 3h 6h 3h 5h 2h 2h 
8h 2h 8h 8h 5h 3h 5h 3h 3h 3h 
8h 5h 7h 5h 7h 5h 
