1
8h 41 58 58 5h 56 15 1a 18 38 
31 a3 1a 15 14 a5 1a 16 14 21 
27 28 52 14 51 53 13 51 58 a5 
4a 15 41 42 43 12 a2 3a 31 35 
15 31 a5 13 21 1a 21 25 15 31 
a5 13 61 1a 61 a1 6a 6h 65 61 
67 63 76 14 67 26 23 63 26 52 
65 36 41 63 a6 14 2a 52 41 a5 
14 1a 16 31 a6 46 7a 13 71 72 
7h 25 15 21 a5 12 81 1a 31 64 
13 81 87 17 21 a7 12 41 1a 61 
46 a6 1a 41 46 a4 2a 21 a1 2a 
62 64 24 a2 8a 82 a2 8a 84 85 
82 81 48 5h 84 7h 48 7h 84 1h 
48 a8 7a 27 a2 7a 7h 76 72 46 
7h 27 2h 64 a2 72 17 7a 17 a7 
46 1a 31 64 13 81 84 14 31 86 
38 18 41 46 16 81 83 78 13 21 
87 28 18 21 26 16 81 86 38 16 
31 81 58 5h 57 5h 5h 2h 12 13 
71 23 72 12 31 75 37 17 21 25 
32 15 31 21 72 71 37 34 21 32 
31 3h 13 8h 18 38 13 8h 83 18 
17 31 38 63 18 61 62 12 81 32 
83 13 21 87 28 26 86 58 1h 31 
85 68 13 61 81 38 37 13 12 61 
32 63 13 21 23 13 61 87 38 32 
82 38 31 23 28 38 13 23 82 83 
23 42 8h 38 26 32 82 38 31 23 
28 12 38 63 21 62 32 83 12 14 
81 31 23 83 18 13 61 8h 38 16 
31 81 28 38 13 18 61 21 82 84 
24 12 34 63 82 68 38 43 5h 34 
23 21 52 2h 12 32 83 13 51 5h 
86 38 2h 57 83 68 23 72 5h 27 
32 86 38 28 62 32 83 82 58 32 
53 83 28 4h 82 38 35 23 85 28 
38 23 26 82 83 58 1h 31 21 52 
36 53 23 62 4h 83 18 12 31 82 
38 18 21 35 23 13 81 26 32 36 
53 26 42 46 26 42 35 43 23 62 
18 51 2h 32 34 83 24 62 24 62 
38 63 23 82 15 61 28 32 31 83 
21 62 38 43 4h 31 83 85 18 35 
13 83 18 12 31 38 53 84 14 21 
81 58 38 13 12 51 8h 81 28 38 
13 15 71 26 52 1h 61 25 82 81 
78 35 13 23 72 25 72 52 57 27 
87 58 16 31 36 43 16 41 31 63 
28 62 42 34 13 12 61 24 34 23 
21 82 85 18 38 73 72 32 83 81 
28 31 23 83 18 25 12 8h 38 35 
43 85 48 38 53 21 82 57 8h 18 
37 53 81 58 38 13 16 81 36 43 
36 43 85 48 15 61 68 18 61 31 
83 31 83 84 58 34 13 34 13 16 
51 81 68 38 43 1h 38 43 15 81 
13 81 31 38 43 3h 53 8h 35 13 
18 71 7h 75 8h 57 84 58 78 75 
85 87 58 46 5h 75 5h 64 6h 46 
5h 64 ah 45 2a 54 ah 46 1a 64 
ah 42 3a 24 ah 45 8a 54 ah 41 
1a 4h ah 7a ah 
