2
38 64 56 6a 7b 78 a6 81 7a 57 
18 a5 81 8a 83 81 82 a3 24 7a 
42 71 7h bh 24 a1 81 68 4b 86 
7a 47 68 b2 86 3b 74 37 24 b7 
68 3b 86 a3 68 6a 42 b6 24 5b 
51 b1 42 7b 76 24 b6 42 37 24 
7b 37 42 b7 24 3b 3h 34 31 43 
42 32 53 5h 52 a2 82 45 28 3a 
23 54 25 35 23 24 34 23 b2 85 
4b 43 58 b3 5b 53 45 b3 54 15 
5b 15 b5 83 1b 38 1h 83 3h 17 
a7 4a b7 5b 57 45 b7 6b a5 6a 
64 a4 7a b4 1b a7 1a 14 a4 7a 
b4 3b 83 a7 3a b3 5b 58 45 b8 
54 75 5b 75 b5 3b a3 5a 57 45 
a7 54 75 4a 57 45 41 51 45 a1 
54 15 3a 51 35 a5 3a 38 a8 5a 
58 45 a8 54 75 3a 43 57 45 46 
35 43 41 63 a4 36 5a 63 53 45 
a3 54 75 5a 75 a5 7a 71 a1 5a 
51 45 a1 54 75 5a 75 a5 7a 87 
b8 7b a7 5a 57 45 a7 54 15 5a 
15 a5 1a 17 a7 5a 57 45 a7 54 
15 5a 15 a5 1a 13 a3 5a 53 45 
a3 54 75 5a 75 a5 7a 73 a3 5a 
53 45 a3 54 25 5a 25 82 a5 28 
1a 21 25 24 28 5h a2 1a 14 51 
a4 15 5a b4 84 4b a1 4a 84 b4 
15 5b a8 48 4a b1 5b 85 a4 54 
65 48 68 63 4a 3h 1h a4 6a 16 
18 68 16 1h 12 41 3h 14 71 7h 
72 47 3h 74 27 8h 72 47 3h 31 
8h 13 74 37 7h 47 8h 74 87 7h 
87 1h 41 74 27 48 14 21 71 87 
7h 87 7h 47 48 78 17 12 41 72 
47 17 41 46 16 41 45 4h 74 76 
27 46 24 74 27 25 32 75 37 27 
42 45 74 72 37 42 34 74 27 24 
74 37 25 42 45 25 42 47 34 27 
32 42 74 4h 74 72 87 42 84 74 
27 7h 47 48 24 78 27 47 54 5h 
23 72 73 87 23 82 72 37 8h 73 
27 26 32 76 37 27 32 8h 23 72 
73 87 23 82 72 37 bh 73 27 28 
32 78 37 27 32 1b 71 72 87 12 
81 71 27 bh 72 17 18 21 78 27 
17 81 23 82 4b 34 28 72 18 51 
74 15 24 87 ah 41 42 12 81 71 
27 24 52 57 27 42 43 74 75 72 
57 47 54 53 43 74 72 37 27 23 
25 12 35 75 45 34 74 67 18 31 
7a 67 7h 67 62 72 47 41 24 71 
27 47 14 28 12 13 81 23 82 12 
31 4h 34 1h 71 43 24 62 68 28 
26 32 86 74 87 46 23 62 67 46 
12 7h 34 51 78 67 4h 24 15 81 
71 67 17 27 52 18 71 86 76 78 
57 27 52 16 71 72 87 46 24 14 
51 21 42 41 54 78 17 27 12 14 
71 72 87 2h 78 47 27 82 43 64 
2h 72 46 34 45 27 53 8h 74 32 
68 47 64 84 78 72 67 5h 45 47 
24 84 78 76 58 23 67 bh 85 32 
87 48 57 65 23 84 56 72 1b 48 
75 31 84 25 76 48 41 62 ah 57 
14 26 56 84 13 62 7a 45 38 61 
67 17 27 54 83 71 1h 42 75 38 
48 28 57 bh 81 1b 74 82 83 23 
47 3h 35 ah 71 53 17 7a 38 76 
83 6h 32 3h bh 2b ah 6a bh ah 

