0
7h 6h 46 43 4h 43 23 83 82 62 
82 72 42 52 42 38 47 34 84 83 
85 65 43 83 68 63 83 65 65 28 
26 86 28 25 85 68 65 85 26 18 
17 62 16 1h 15 85 17 51 58 68 
16 15 65 31 36 16 81 58 15 31 
34 14 61 64 14 56 51 61 86 85 
38 65 36 86 18 51 85 38 37 87 
18 13 21 83 28 18 61 67 26 17 
21 61 56 35 63 86 81 28 61 26 
2h 2h 2h 4h 4h 5h 5h 3h 4h 42 
27 32 3h 25 72 7h 47 54 27 32 
45 34 3h 5h 7h 3h 5h 7h 74 32 
53 5h 47 4h 1h 6h 54 51 41 56 
54 64 16 58 14 64 85 16 58 18 
68 15 76 71 61 46 48 68 16 17 
67 51 56 16 41 46 16 54 51 5h 
3h 5h 1h 8h 48 73 7h 7h 6h 6h 
2h 75 71 51 74 75 7h 7h 3h 8h 
7h 8h 1h 8h 1h 8h 4h 8h 8h 6h 
2h 6h 5h 
