0
6h 24 67 6h 7h 63 68 6h 7h 16 
17 67 36 37 67 46 41 42 61 86 
81 58 5h 61 86 83 48 4h 47 63 
86 87 58 53 5h 46 54 65 67 57 
26 25 23 65 46 42 62 14 16 46 
14 13 12 43 64 14 63 16 12 13 
81 43 83 8h 4h 74 76 7h 13 61 
67 17 36 47 31 34 61 36 46 34 
32 42 64 62 42 16 12 34 31 62 
41 36 34 64 16 14 64 31 36 3h 
3h 2h 2h 7h 16 31 3h 2h 2h 38 
23 24 34 23 18 21 31 23 26 36 
23 2h 4h 8h 1h 16 21 2h 7h 7h 
4h 8h 6h 72 7h 7h 7h 75 71 37 
43 46 4h 47 64 67 6h 1h 34 63 
6h 76 73 63 46 43 74 63 76 7h 
75 7h 2h 3h 8h 3h 3h 5h 3h 3h 
1h 5h 4h 5h 6h 5h 
