2
6h 13 25 7a 7h 75 3b 32 b2 32 
31 8b a3 2a 21 a1 4a 45 41 b1 
3b 34 35 b4 8b 87 85 b8 5b 45 
b4 3b 34 53 43 45 35 34 73 54 
37 b3 45 1b 13 b3 54 1b 12 45 
b2 54 3b 32 45 b2 54 3b 13 17 
14 12 1h 8h 37 13 17 51 b7 15 
71 5b 17 51 b1 3b 13 15 41 43 
45 35 15 71 34 73 13 51 54 14 
31 37 53 17 51 31 43 41 31 43 
45 35 13 15 35 13 14 71 34 73 
13 51 54 14 31 37 17 53 51 31 
43 41 31 43 45 35 13 15 35 43 
45 45 46 b6 74 5b 47 54 b4 5b 
51 b1 4b 41 b1 74 5b 47 54 b4 
5b 35 43 45 35 74 73 43 b4 5b 
54 b4 3b 37 b7 73 5b 37 53 56 
36 b6 73 8b 37 53 5h bh 8b 58 
35 43 46 36 b3 4b a4 3a 53 54 
52 34 a2 23 7a 32 73 25 a3 52 
5a 35 37 57 13 15 35 13 16 36 
53 56 36 75 73 53 a5 25 8a b8 
52 5b 15 18 58 71 75 15 31 35 
15 73 71 7h 7h 6h 2h 31 87 83 
73 27 b2 7b 37 38 78 23 b2 27 
5b 32 53 b3 7b 27 b2 7b 57 51 
71 85 87 57 35 31 51 73 78 38 
25 2h 8h 27 21 71 23 27 37 13 
17 37 13 12 32 73 72 32 73 71 
31 27 21 71 63 67 37 63 68 38 
73 78 38 27 23 73 17 13 73 17 
12 72 37 32 72 b7 5b 35 31 51 
83 85 35 83 86 36 53 56 36 45 
b3 54 85 8b a8 3a b3 53 25 21 
51 35 7b 53 27 15 17 12 72 71 
21 51 27 25 75 17 15 75 17 12 
72 57 52 72 57 51 71 65 67 57 
65 63 53 75 73 53 27 21 71 65 
67 57 65 64 54 75 74 54 37 35 
75 37 34 74 57 54 74 25 17 15 
12 52 51 21 71 25 27 57 15 17 
57 15 12 52 75 72 52 75 71 51 
27 21 71 25 27 57 15 17 57 15 
12 52 75 72 52 b5 7b 71 b1 37 
3b a3 5a 25 21 51 b5 2b 75 27 
b7 8b 78 72 82 67 68 78 67 6h 
4h 4h ah 3a 83 87 37 58 43 48 
45 85 35 84 63 67 18 12 32 a3 
8a 28 a2 8a 58 54 84 28 21 81 
48 45 85 18 a1 5a 54 a4 6a 16 
12 62 b6 a6 3b 53 8a 35 28 21 
81 23 28 38 23 26 2h 2h bh 4h 
1h 5h 1h 5h 1h 1h 7h 6h ah 28 
2h 2h 4h 8h 4h 8h 4h 8h 4h 3h 
4h 1h 4h 1h 4h 1h 7h 6h 6h 4h 
7h 1h 7h 
