2
18 4a 4b 16 43 41 54 a5 2a 23 
52 53 62 63 56 75 a6 b6 4a 4b 
41 b1 a1 3b 4a 34 b4 3b 31 b1 
4b 41 34 3h 6h b1 4b 74 7h 73 
74 7h 57 53 21 73 a5 2a 27 23 
2h 5h a7 4a 42 54 64 a2 6a 63 
6h a3 43 4h 14 1h 71 2a 41 24 
a4 2a 72 a7 1a 12 a2 4a 47 a7 
1a 14 a4 5a 25 24 54 b5 2b 15 
25 a2 b5 8a 28 42 45 25 82 a8 
4b 4a b4 2b 32 36 26 82 b8 5b 
54 b4 8b 28 a2 52 8a 25 b8 52 
4b 42 45 25 b5 84 a8 1b 8a 48 
24 17 b7 42 54 52 42 84 a8 5b 
5a 57 a7 8a 48 24 b7 42 84 2b 
27 48 74 b4 8b a8 4a 42 74 a2 
47 84 5a 25 27 57 15 b8 51 85 
48 14 8b 58 15 45 84 b8 1b 1h 
16 a1 4a b4 8b a8 5a 54 85 a4 
58 25 5a 85 b8 2b 82 58 15 14 
54 85 28 a2 1a 81 58 75 72 52 
b5 75 2b 25 27 82 57 28 52 72 
75 25 27 82 57 28 52 b7 25 32 
1b 81 23 82 12 81 8h 18 51 6h 
15 61 63 13 81 6h 18 61 62 86 
16 81 84 86 58 54 65 84 68 58 
45 5h 85 86 38 56 35 85 68 38 
36 86 83 58 56 35 86 38 31 81 
68 51 65 61 51 65 81 68 58 15 
63 46 a2 51 85 83 18 53 15 13 
53 15 83 18 58 15 64 86 12 41 
52 45 68 46 56 35 5a 35 38 58 
65 15 81 83 13 81 82 58 12 41 
85 48 18 51 56 35 16 31 51 65 
2h 56 15 13 61 53 65 15 31 68 
46 5h 13 81 51 35 64 86 84 38 
64 16 32 82 38 52 35 85 38 61 
56 58 15 68 36 37 14 81 54 85 
15 31 37 63 56 58 45 6h 36 5h 
85 86 48 56 45 85 68 8h 68 63 
46 5h 56 25 7h 52 45 7h 83 68 
65 36 85 38 68 56 2h 65 86 83 
58 63 56 86 38 54 25 ah 52 45 
8a 68 65 26 7h 85 28 68 36 8h 
82 58 63 56 86 38 54 25 7h 52 
45 2h 83 68 65 26 7h 85 28 68 
36 26 23 63 62 86 83 58 63 56 
86 38 54 35 32 52 35 82 48 5h 
65 68 26 58 25 65 86 5h 52 85 
65 76 6h 56 58 75 68 76 56 85 
78 57 65 68 26 87 6h 86 57 85 
84 78 76 86 48 58 75 6h 65 68 
56 57 67 2h 85 86 23 68 26 36 
21 31 63 31 73 58 75 35 73 58 
53 85 53 85 74 84 54 35 54 35 
87 18 37 13 83 78 61 36 61 46 
48 68 46 56 85 56 85 87 48 57 
65 57 65 84 18 83 18 38 31 83 
31 43 56 75 56 75 65 67 57 56 
75 56 75 34 73 34 73 54 65 54 
65 37 13 67 16 36 73 12 82 68 
82 48 85 48 58 53 85 53 45 57 
45 87 38 87 38 26 54 25 34 23 
65 63 76 84 78 47 67 36 84 58 
74 63 85 47 7h 36 78 47 63 46 
76 87 58 8h 78 8h 68 87 38 64 
76 64 76 53 75 65 36 83 48 3h 
85 48 32 43 83 58 62 83 5h 26 
28 68 36 57 35 65 86 34 73 68 
56 53 85 63 46 67 58 74 ah 36 
35 54 6a 85 46 63 46 58 35 34 
67 57 4h 83 76 75 54 64 38 4h 
85 46 67 81 2h 73 16 34 61 51 
48 87 ah 72 13 16 24 61 31 4a 
15 18 58 8h 81 1h 4h bh 7b ah 
1a bh ah 
