2
2a 65 21 6b 67 53 63 83 81 8h 
8h 6h 48 a6 5a 52 a2 8a 85 48 
a5 4a 42 41 46 4h a4 64 6a 61 
b6 4b 78 41 b4 41 a4 87 2b 4a 
24 78 b4 87 6b 78 36 34 64 87 
56 5h 3h ah 2h 78 6a 87 26 2h 
5h 3h 78 72 7h 6h 82 36 28 32 
63 26 82 68 76 7h 75 75 27 82 
78 37 35 63 75 26 27 67 36 37 
3h 4h 78 68 76 36 72 86 43 68 
47 37 86 83 63 68 38 36 86 73 
74 34 68 27 86 23 73 57 52 72 
68 67 63 73 83 26 38 27 67 83 
86 36 38 68 63 83 76 75 65 38 
47 83 46 76 38 27 42 83 64 62 
42 38 16 83 14 64 38 56 57 67 
83 46 41 61 38 24 83 26 46 38 
34 84 83 43 48 38 64 62 42 83 
16 38 14 64 83 76 75 65 38 46 
41 61 83 24 38 26 46 83 a4 38 
6a 62 83 a2 38 26 83 1a 62 38 
16 83 a6 38 5a 57 83 a7 38 6a 
61 83 a1 38 16 5a 61 83 56 38 
a6 83 4a 38 54 53 57 65 64 54 
26 25 65 86 38 63 56 52 62 15 
16 56 15 17 1h 3h 57 83 65 67 
57 38 26 83 25 65 38 16 14 1h 
1h 18 64 56 5h 15 1h ah 6h 7h 
2h 7h 2h 7h 1h 7h 7h 7h 7h 8h 
8h 8h 7h 8h 5h 4h 3h 4h 3h 3h 
4h 8h 8h 4h 3h 4h bh 
