1
8h 2h 8a 83 58 52 51 51 53 5h 
75 7h 7h 7h 6h 6h 8h 8h 5h 75 
7h 87 85 a8 78 3a 37 a7 3a 32 
83 82 a8 32 3a 32 a3 8a 58 52 
82 15 18 58 a5 7a 75 17 16 1h 
51 a1 5a 85 87 68 57 15 86 18 
58 a5 8a 81 38 a1 83 68 8a 18 
15 85 38 a6 83 68 3a 86 38 a8 
3a 34 13 18 1h 2h 14 61 64 14 
51 53 13 61 46 14 21 28 18 61 
46 14 a1 51 45 6a 54 65 6h 86 
82 62 46 a5 64 56 45 64 26 6a 
26 a6 5a 45 a4 8a 28 a2 5a 45 
a4 6a 68 26 a8 62 46 6a 56 64 
86 82 62 46 a5 64 26 8a 62 56 
45 64 86 a6 8a 28 26 86 58 45 
84 38 31 81 58 45 84 68 62 82 
58 45 84 a8 5a 45 a4 6a 68 46 
a8 54 3a 43 35 43 63 56 54 35 
64 26 53 25 58 25 85 82 52 62 
36 58 45 64 86 53 85 65 36 43 
64 26 25 65 36 43 64 26 28 68 
36 43 64 56 58 68 36 43 64 56 
52 35 62 86 53 85 65 36 43 64 
56 58 25 85 82 52 62 46 34 63 
86 56 35 43 54 25 26 56 35 43 
54 25 28 58 35 43 54 65 68 58 
35 43 54 25 27 57 35 43 54 65 
67 36 57 85 8h 3h 83 78 37 43 
64 86 78 67 a6 5a 85 78 57 25 
26 2h ah 3h 8h 8h 23 53 25 2h 
12 8a 48 21 62 65 36 12 15 25 
21 42 82 48 45 85 28 25 42 4h 
85 48 4h 8h 4h 5h 7h 5h 7h 7h 
2h 7h 1h 7h 7h 5h 5h 4h ah 5h 
6h 1h 4h 5h 3h 1h 5h 7h 5h 
