1
38 2a 34 26 12 51 38 36 3h 53 
75 78 a8 6a 68 a8 75 3a 37 3h 
4h a3 5a 37 23 a5 2a 28 18 23 
25 81 a5 18 2a 32 35 73 25 72 
81 27 82 37 83 23 a2 86 5a 25 
32 12 36 53 21 26 12 35 83 26 
82 32 53 61 35 83 87 37 53 a5 
16 3a 23 27 52 61 a5 16 37 53 
25 62 5a 35 83 21 82 32 53 a5 
16 3a 83 85 48 35 43 73 74 34 
37 43 37 83 85 35 43 73 74 34 
37 43 37 43 73 74 34 61 a8 16 
37 43 37 43 73 74 34 37 63 31 
83 5a 47 16 38 43 73 74 34 37 
53 a3 61 5a 47 58 a8 74 3a 47 
16 38 43 73 74 34 37 43 37 43 
73 74 34 61 a8 16 37 43 37 43 
73 74 34 37 43 61 7a 16 34 73 
72 61 32 43 42 16 32 63 a4 31 
53 24 35 23 43 42 16 32 34 53 
61 24 7a 35 73 a3 16 7a 42 72 
72 47 12 15 74 57 62 75 67 27 
26 76 72 47 62 74 a7 26 3a 62 
37 13 a7 26 1a 13 18 51 a3 15 
61 5a 16 51 a1 62 5a 53 26 a3 
62 1a 13 51 a3 15 81 1a 81 a1 
26 8a 83 62 a3 26 1a 13 51 a3 
62 15 61 1a 61 a1 21 6a 12 64 
6h 68 21 a4 12 1a 14 51 a4 15 
41 21 24 14 12 41 12 51 4a 15 
41 a1 21 6a 12 67 65 16 14 81 
64 86 16 81 85 48 15 41 81 68 
65 46 85 48 68 46 47 4h 67 46 
45 4h 3h 2h 3h 2h 3h 2h 54 5h 
5h 8h 5h 8h 58 43 54 84 18 12 
51 82 58 56 18 51 5h 5h 5h 2h 
3h 2h 3h 2h 3h 2h 4h 2h 4h 3h 
3h 2h 8h 7h 3h 2h 2h 6h 7h 3h 
3h 7h 8h 2h 6h 7h 3h 7h 1h 7h 
ah 
