2
52 67 5a 5b 54 b4 5b 5h ah 7a 
75 a5 31 2a 27 26 82 a7 13 4a 
82 8h a4 8a 85 8h a5 68 4h 42 
31 8a 68 a8 13 6a 6h 65 31 76 
a5 7a 78 75 87 24 13 a7 67 6a 
b6 31 3b 42 35 38 31 24 63 a6 
42 68 b6 78 8a 8b 78 a8 24 4a 
b7 87 3b 78 a4 87 3a 42 35 b3 
45 4h 2h 78 2b 52 b5 87 3b a3 
78 8a b3 8b 78 a8 2a 52 a5 8a 
87 b8 7b a8 7a 74 a4 8a 84 a4 
2a 52 a5 4a 48 b4 7b 73 a7 74 
b7 48 4a 8b 84 b4 2b 52 b5 4b 
48 a4 1a 16 a6 4a 84 b4 2b 52 
b5 4b 48 b8 5b a4 25 7a 27 57 
52 72 75 87 25 74 27 57 52 b2 
48 7b 75 87 25 78 27 57 52 72 
75 87 25 74 27 57 52 b2 48 6b 
61 b1 84 7b 27 b2 48 7b 75 87 
25 78 27 57 52 72 75 87 25 78 
27 57 b5 84 2b 48 25 23 62 46 
86 84 64 68 46 68 16 12 62 46 
86 84 64 68 46 57 68 56 76 75 
65 67 46 86 84 64 68 46 68 26 
21 61 46 86 84 64 68 46 57 68 
b6 84 1b 12 b2 75 7b 48 76 87 
b6 78 47 87 84 74 78 47 78 47 
56 74 57 67 65 75 76 47 87 84 
74 78 47 78 47 87 84 74 56 4b 
65 78 27 21 71 47 84 78 57 b8 
76 27 4b 65 72 87 84 74 87 b7 
56 1b 12 b2 47 65 4b 48 56 b8 
78 7b 65 74 57 b4 84 7b 47 78 
47 87 84 74 78 27 21 71 87 b6 
47 48 78 74 57 67 65 75 76 47 
87 84 74 78 47 78 57 6b 75 67 
b7 57 6b 86 64 86 46 48 68 64 
76 65 16 12 62 46 86 84 64 68 
46 57 68 56 76 75 65 67 46 86 
84 64 68 46 68 26 21 61 46 86 
84 64 68 46 57 68 b6 84 1b 12 
b2 75 7b 48 76 27 21 71 47 87 
84 74 78 67 b7 57 1b 12 b2 48 
5b 56 b6 84 2b 21 b1 76 7b 48 
75 87 b5 65 4b 84 b8 74 57 76 
27 2b 48 21 52 62 65 25 26 42 
82 84 24 28 42 56 28 b2 65 72 
47 87 84 74 78 47 56 4b 84 74 
67 75 67 57 56 76 75 87 b7 65 
8b 81 58 b1 47 86 48 41 81 48 
71 65 84 78 74 67 84 68 78 17 
58 71 57 56 76 47 86 74 87 85 
48 75 47 87 48 65 84 18 4b 87 
48 4h 5h 7h 43 b8 4b 4h 6h 1h 
74 78 17 47 64 63 76 43 84 64 
86 47 46 74 46 14 48 14 78 27 
53 5h 8h 5h 8h 5h 4h 64 81 68 
48 14 64 86 84 18 64 16 17 67 
46 87 48 68 46 47 84 86 18 1h 
46 14 82 18 14 1h 3h 6h 3h 6h 
3h 6h 3h 3h 7h 3h 7h 3h 1h 5h 
4h 4h 5h 7h 3h 5h 7h 7h 5h 2h 
5h 8h 5h bh 2h ah 
