0
6h 21 81 83 73 23 72 81 41 4h 
46 75 43 4h 83 47 41 84 81 78 
71 74 7h 81 57 58 78 47 45 75 
34 37 47 34 36 46 74 76 46 37 
34 3h 74 87 37 26 36 86 78 76 
17 86 18 78 17 13 73 87 83 73 
18 17 87 18 15 85 78 75 17 1h 
3h 1h 85 28 2h 1h 27 2h 2h 12 
17 18 31 27 32 35 37 12 31 3h 
23 25 62 35 63 23 62 68 28 32 
38 28 63 62 61 32 63 64 34 14 
23 24 34 62 63 23 62 67 64 63 
56 57 5h 67 86 13 81 61 76 7h 
84 8h 8h 75 7h 8h 7h 18 14 51 
84 58 57 5h 87 58 52 82 58 17 
51 5h 4h 6h 4h 5h 4h 7h 4h 7h 
4h 7h 5h 4h 7h 7h 4h 2h 4h 2h 
4h 8h 3h 7h 4h 1h 3h 2h 4h 3h 
3h 5h 
