2
5h 7a 7b 17 a4 1a b4 1b 1h b1 
6b 6h ah 8a 83 82 b3 7b 76 a1 
4a 45 48 b6 4b a5 4a 47 48 4h 
6h a7 4a 84 54 67 58 a8 4a 45 
34 31 85 76 41 24 58 a5 67 8a 
58 a5 42 14 13 43 84 76 23 58 
45 14 4a 14 a4 67 8a 58 a5 76 
7a 32 72 a2 62 3a 34 26 a4 74 
62 3a 37 17 17 14 81 64 18 71 
24 17 21 a7 12 71 8a 58 a5 42 
8a 17 41 21 24 14 12 81 42 18 
71 58 a5 17 81 24 18 51 2a 15 
21 a1 41 8a 58 a5 4a 42 a2 12 
8a 58 a5 1a 14 51 a4 24 15 71 
8a 17 81 42 18 41 21 24 14 12 
71 58 17 51 a1 42 8a 85 24 a5 
42 8a 83 24 a3 42 8a 24 8h 38 
42 83 18 51 4h 85 38 5h 15 18 
21 24 14 31 58 13 51 81 85 15 
18 41 42 12 31 58 13 51 53 13 
81 13 81 31 38 18 56 58 8h 13 
81 13 81 31 38 18 13 61 65 15 
31 67 13 21 24 14 81 2h 13 71 
8h 17 31 38 18 31 2h 13 81 83 
13 71 21 1h 17 31 38 18 31 1h 
31 35 15 31 53 7h 35 3h 2h 3h 
34 83 4h 38 73 76 36 83 4h 38 
73 72 32 73 71 67 62 72 57 51 
71 27 26 76 27 23 73 67 63 73 
17 15 75 27 2h 28 28 62 86 6h 
86 6h 86 4h 68 46 6h 86 6h 86 
85 48 65 46 43 63 46 83 28 48 
54 27 82 62 56 46 24 28 12 6h 
65 86 46 74 84 58 3h 85 68 21 
42 47 54 27 52 51 21 52 41 54 
86 58 48 64 67 86 47 14 26 32 
37 27 62 68 16 12 18 28 68 76 
48 74 64 76 15 41 46 84 16 81 
41 64 63 43 14 18 51 48 74 64 
76 15 41 25 82 14 71 61 56 2h 
42 65 86 24 82 62 46 41 24 61 
86 42 84 64 26 24 12 45 3h 65 
46 48 14 24 82 62 36 6h 56 6h 
46 41 24 61 56 52 45 34 4h 24 
13 65 16 42 14 64 26 28 42 68 
56 68 56 41 54 64 86 64 86 21 
82 62 46 62 46 48 14 68 26 68 
26 25 12 65 86 65 86 42 84 64 
26 17 51 14 51 41 27 32 2h 12 
24 52 12 41 12 41 67 26 24 64 
76 12 41 12 41 48 34 18 21 18 
31 67 86 62 86 41 24 46 24 64 
62 46 62 16 48 24 48 24 25 72 
45 84 45 84 67 36 48 54 48 54 
16 71 45 84 45 84 16 81 41 54 
41 54 27 12 24 12 42 58 48 74 
2h 21 82 47 14 21 82 12 18 21 
18 71 25 82 25 82 17 42 2h 51 
54 12 71 48 64 4h 74 67 17 81 
21 28 72 46 14 85 45 74 26 72 
42 54 41 54 1h 18 61 85 48 12 
2h 24 51 85 23 43 18 8h 52 34 
31 41 64 28 12 85 67 56 47 65 
21 1h 54 76 72 48 17 62 8h 24 
71 27 47 13 5h 76 72 34 23 63 
47 7h 31 35 15 5h 53 8h 32 27 
7h 7h 3h ah bh 
