1
63 8a 85 82 72 75 87 85 8h a5 
2a 28 27 21 87 58 52 82 38 a7 
83 58 2a 28 25 85 a5 8a 28 28 
2h 23 12 13 23 82 81 38 21 32 
82 a8 5a 58 a8 2a 23 52 a3 25 
32 5a 23 52 51 21 32 a1 23 52 
58 2a 62 52 53 56 a5 6a 67 86 
a7 68 6a 6h 61 36 a1 81 63 76 
74 64 16 6a 86 18 61 36 a1 63 
16 4a 47 61 86 16 18 68 61 76 
a6 81 5a 35 18 53 65 67 36 57 
35 65 76 74 64 36 81 63 86 16 
18 68 61 36 81 63 56 53 75 63 
76 56 35 18 53 75 73 81 53 65 
63 76 72 53 75 73 87 43 4h 78 
37 18 73 17 87 81 71 78 37 18 
73 a7 81 57 35 34 54 15 8a 51 
85 a5 15 8a 38 51 83 58 18 15 
85 81 38 51 83 48 43 83 58 18 
15 85 81 38 51 83 58 18 15 85 
81 a8 51 3a 34 15 a4 51 5a 58 
45 43 53 25 a8 52 15 1a 81 51 
85 a5 15 6a 16 18 68 36 34 64 
36 58 63 56 51 35 61 36 56 35 
81 53 85 15 18 58 51 35 81 53 
65 63 86 53 45 68 16 43 68 53 
81 a6 35 34 54 15 3a 51 85 15 
18 58 51 35 81 a5 18 3a 36 81 
a6 18 5a 81 56 15 a6 58 15 5a 
15 a5 85 8a 81 a1 51 5a 58 35 
a8 18 5a 35 81 a5 18 3a 37 81 
a7 18 5a 81 57 15 a7 51 65 5a 
65 a5 18 6a 67 a7 81 5a 57 15 
a7 58 15 3a 51 35 81 63 16 a5 
68 16 3a 61 86 61 86 16 18 68 
61 86 61 46 47 67 16 a3 68 16 
6a 86 81 61 86 a6 16 8a 38 61 
83 68 18 16 86 81 78 74 84 38 
61 83 68 18 16 86 81 38 61 83 
a8 16 1a 18 a8 68 6a 61 36 a1 
81 63 16 3a 61 86 16 18 68 61 
36 81 a6 18 3a 81 3h 8h 8h 7h 
8h 38 3h 31 63 68 46 38 43 47 
37 83 67 86 36 43 42 34 63 68 
46 38 43 48 42 45 84 63 86 46 
84 85 68 64 26 84 28 68 46 1h 
64 86 82 48 62 46 86 28 45 14 
7h 41 64 65 26 45 24 86 28 48 
64 68 16 48 14 64 36 23 42 41 
84 21 82 42 84 83 18 43 74 1h 
47 24 23 12 43 14 24 12 13 23 
42 43 14 23 12 42 14 16 46 24 
15 42 14 1h 42 64 8h 28 46 24 
84 68 28 42 48 74 4h 74 75 45 
74 4h 74 3h 28 72 42 84 5h 48 
24 27 82 47 84 24 82 86 48 42 
64 82 68 48 24 61 26 46 84 24 
72 3h 27 62 64 16 86 48 28 42 
46 84 82 68 42 64 84 38 8h 28 
61 26 86 48 28 62 68 16 46 84 
24 82 86 48 42 64 82 38 8h 28 
83 28 24 62 84 78 26 32 8h 48 
28 42 83 82 68 48 24 28 72 48 
74 24 32 4h 23 82 47 84 24 82 
86 48 42 64 82 78 46 34 3h 42 
64 87 28 23 83 28 24 72 84 78 
28 42 61 76 2h 82 86 18 5h 26 
42 48 64 28 62 42 84 67 36 5h 
63 76 3h 48 24 26 82 46 84 24 
62 81 78 ah 87 18 2a 42 48 74 
5h 28 62 64 86 24 82 62 46 81 
38 32 82 48 68 26 23 63 26 21 
82 47 14 64 16 28 52 2h 82 61 
76 86 48 26 12 84 58 8h 48 42 
64 82 68 48 24 67 26 21 72 61 
56 41 54 84 82 18 25 65 46 27 
12 82 18 64 26 28 72 6h 46 42 
84 52 65 26 48 24 64 86 81 48 
61 56 52 82 58 48 24 62 36 6h 
86 46 24 87 28 87 18 47 64 25 
12 46 74 82 68 75 85 78 68 36 
32 62 86 46 24 87 38 28 23 83 
43 64 67 56 45 74 64 76 82 48 
46 34 32 42 64 84 28 67 36 26 
86 48 47 64 87 68 48 34 8h 86 
28 68 62 86 24 64 76 82 78 58 
65 86 87 28 67 46 68 46 21 52 
13 63 56 83 84 78 86 78 28 62 
67 46 27 82 85 78 27 32 75 87 
38 26 32 82 68 82 78 64 26 64 
76 86 28 21 62 81 48 26 42 81 
78 24 62 68 46 28 12 43 14 24 
82 63 56 25 82 62 46 41 34 61 
36 46 14 2h 46 14 87 18 48 64 
48 64 27 82 24 82 42 57 61 56 
24 21 52 83 48 13 83 18 48 34 
25 82 42 74 23 65 76 46 74 28 
62 54 24 82 65 46 65 46 28 32 
28 32 47 34 24 82 24 82 67 46 
48 68 76 43 74 64 86 54 68 36 
26 42 86 2h 42 47 64 48 64 27 
82 86 26 72 48 64 48 64 61 76 
41 84 41 84 67 56 27 12 18 13 
75 83 23 72 52 57 67 26 25 72 
65 76 48 34 48 34 67 36 46 84 
46 84 27 62 68 28 52 75 63 76 
26 82 83 48 23 6h 84 32 38 28 
32 42 84 42 84 24 28 48 42 84 
42 84 67 56 48 24 48 24 67 56 
21 82 24 82 42 48 24 48 14 24 
82 65 28 4h 86 82 75 24 72 52 
48 57 4h 24 47 84 64 76 81 78 
68 46 13 43 84 63 85 27 45 7h 
36 38 32 54 68 56 46 84 82 68 
42 86 7h 24 2h 68 65 85 23 ah 
37 56 58 71 85 65 4a 12 57 58 
78 23 ah 86 34 85 43 6a 37 52 
71 25 3h 58 8h 14 1h ah 4a ah 
5a ah 
