1
8h 84 26 35 18 28 6a 67 a7 6a 
64 6h 68 63 23 a6 26 26 2a 27 
42 45 25 42 a4 3a 34 a4 3a 3h 
8h 5h 86 8h 2h a2 4a 42 a2 4a 
43 47 42 47 a3 6a 68 a8 6a 62 
86 a2 82 62 56 6a 56 a6 5a 53 
57 51 a1 6a 61 86 8h a1 81 81 
28 26 86 28 6a 68 62 76 1h 67 
26 86 82 78 a6 87 68 62 82 78 
6a 26 87 28 68 26 a2 6a 86 82 
78 62 76 86 a8 6a 67 26 28 68 
26 a7 62 76 2a 67 26 a6 8a 86 
a6 8a 28 23 83 a8 6a 68 a8 6a 
63 86 a3 68 26 8a 62 36 86 83 
28 a6 82 18 8a 68 63 83 18 a8 
6a 16 17 67 46 47 54 1h 15 18 
12 2h 1h 14 7h ah 2a 24 82 a4 
28 52 8a 25 82 87 38 a2 83 58 
5a 25 27 32 57 45 23 42 52 45 
41 24 25 72 45 74 24 a2 82 78 
8a 78 7h 72 a8 27 4a 48 74 a8 
42 74 4a 84 7h 48 a4 24 2a 27 
82 a7 47 2a 82 74 28 72 42 47 
24 a8 42 34 4a 34 a4 27 2a 42 
43 84 23 82 42 a4 74 6a 26 28 
42 68 76 26 82 47 14 67 28 52 
41 54 24 82 76 51 45 41 84 24 
82 51 45 42 64 52 75 45 74 64 
26 54 62 a6 45 8a 48 58 54 25 
84 52 a5 48 4a 47 24 a7 87 4a 
24 25 72 45 74 24 72 82 48 a5 
84 78 2a 28 52 a8 48 2a 72 76 
26 72 73 72 62 7h 78 72 57 3h 
75 87 84 74 57 7h 57 54 85 74 
87 57 45 7h 54 35 78 37 1h 82 
73 47 28 2h 53 85 82 48 78 47 
52 85 87 38 3h 57 45 42 74 52 
75 45 34 72 57 52 35 72 37 45 
34 74 57 54 35 74 37 51 35 75 
37 5h 57 35 3h 36 43 ah 34 73 
75 47 35 43 73 47 41 34 37 23 
47 24 34 73 8a 48 42 74 82 18 
78 17 15 48 24 38 23 43 84 75 
87 1h 47 34 32 73 42 84 85 18 
45 64 37 63 3h 73 75 27 35 23 
73 27 81 38 37 23 87 28 38 73 
7h 78 27 24 74 87 2h 26 ah 62 
3a 83 73 47 87 38 37 43 26 ah 
34 73 83 78 74 37 38 43 78 47 
37 83 46 14 3a 83 87 68 37 63 
83 78 41 54 4h 14 1h 51 1h 51 
8h 78 15 71 81 38 32 53 26 86 
18 76 57 37 53 16 51 31 73 71 
67 87 58 1h 84 78 76 17 86 58 
14 61 74 67 17 41 85 68 5h 14 
71 78 47 18 41 71 87 8h 86 18 
14 61 84 68 62 82 48 12 41 81 
48 45 14 18 21 48 24 26 46 84 
16 81 41 64 85 18 15 61 85 68 
41 54 82 58 8h 18 12 51 82 58 
18 21 2h 26 ah 62 3a 23 6h 86 
32 68 ah 23 7a 86 32 68 ah 27 
4a 83 72 38 ah 26 1a 84 62 48 
ah 27 8a 72 8h 23 2h ah 3a ah 
5a ah 
