1
8h 5h 26 2h 41 47 57 8a 87 27 
a8 1a 15 a5 2a 25 21 26 32 3h 
3h 38 43 45 4h 42 6h 41 a4 6a 
63 46 a3 51 7a 76 a6 5a 54 a4 
14 1a 15 a5 45 4a 41 a1 6a 67 
a7 14 54 51 41 45 15 7a 64 74 
76 51 46 47 a4 15 7a 46 74 78 
7h 51 47 84 74 78 15 a4 51 6a 
64 15 a4 51 6a 68 15 a8 51 7a 
7h 74 87 15 78 27 24 82 74 87 
27 62 6h 4h 3h 51 26 72 78 67 
28 62 6h 86 72 87 67 86 82 62 
86 15 68 36 3h 51 a3 63 16 8a 
65 86 51 a6 15 3a 38 a8 51 3a 
31 3h 83 a1 81 31 83 8a 78 72 
57 82 18 75 47 81 48 78 47 42 
72 87 82 58 72 17 85 18 78 17 
31 83 81 28 31 23 83 28 24 84 
38 34 53 84 18 35 23 81 28 38 
23 26 36 83 86 58 36 13 85 48 
31 43 83 48 46 86 38 36 53 86 
18 35 23 81 32 a8 23 7a 17 32 
13 73 17 a1 3a 37 43 a7 34 13 
3a 13 15 35 73 a5 37 53 8a 78 
35 13 87 18 38 73 75 35 13 71 
57 51 71 87 83 58 73 57 53 73 
27 83 18 72 17 87 38 13 81 78 
71 37 81 38 35 85 18 17 87 58 
53 83 58 13 1h 85 78 73 83 18 
12 13 a3 8a 48 4h 5h 42 54 51 
41 54 5h 3h 3h 6h 3h 6h 3h 6h 
3h 8h 5h 5h 6h 3h ah 7h 6h 3h 
2h 6h 3h 3h 2h 3h 2h 6h 1h 6h 
1h 2h 6h 1h 6h 4h 
