1
17 28 3a 15 37 47 4h 63 23 67 
26 28 16 a8 2a 27 a7 4a 24 64 
a2 6a 61 68 62 64 a1 36 34 64 
5a 56 a6 5a 52 5h 57 58 75 a5 
6a 65 76 a5 67 16 18 68 76 5a 
67 56 a6 5a 57 65 a7 56 75 6a 
65 76 a5 67 56 7a 65 76 a6 8a 
81 a1 6a 67 56 a7 65 76 5a 67 
56 57 67 a7 15 18 58 46 43 63 
8a 81 a1 75 76 56 75 5a 75 a5 
6a 65 76 a5 67 16 18 68 76 6a 
76 a6 7a 72 a2 8a 81 a1 3a 34 
a4 1a 18 a8 6a 62 a6 62 76 5a 
67 56 a6 5a 52 a2 75 6a 62 57 
a2 76 75 65 76 7h 8a 81 a1 4a 
43 a3 1a 18 a8 4a 48 a8 3a 38 
a8 5a 56 a6 76 75 73 7h 8h 17 
1a 16 15 81 38 13 41 47 17 45 
25 a4 52 51 21 25 15 12 52 21 
3a 15 83 81 52 87 17 25 a7 52 
51 21 25 15 12 52 51 21 25 15 
1a 51 52 12 51 a1 21 5a 12 15 
25 21 51 52 12 35 73 57 21 25 
15 12 52 51 21 a5 12 1a 15 a5 
25 41 52 4a 41 25 34 52 73 47 
25 24 54 52 42 45 25 34 52 73 
47 25 a4 52 3a 73 25 a7 52 1a 
14 25 a4 52 81 25 1a 52 51 21 
25 15 12 52 81 84 14 25 a4 52 
51 21 25 15 12 52 51 21 25 15 
1a 31 a2 73 7a 74 a4 14 52 51 
21 25 15 12 52 51 21 25 15 1a 
51 52 12 51 a1 21 5a 12 15 25 
21 51 52 12 35 43 54 21 25 15 
12 52 51 21 a5 12 1a 15 a5 25 
31 7a 52 43 14 25 71 52 78 18 
25 a8 52 87 51 21 25 15 1a 78 
51 52 12 57 a7 27 71 1a 71 75 
15 37 43 74 a2 51 21 25 15 12 
52 57 27 25 75 51 52 1a 25 81 
72 87 17 a2 51 21 25 15 12 52 
51 21 25 15 1a 51 52 12 51 a1 
21 5a 12 15 25 21 51 52 12 75 
78 21 37 12 58 43 74 21 85 87 
57 25 15 12 52 51 21 75 12 78 
58 21 37 35 3h 12 45 74 21 37 
3h 4h 4h 12 1h 36 48 53 58 38 
45 43 53 25 21 2h 3h 34 13 12 
32 52 81 83 13 85 84 54 31 34 
14 85 83 53 81 85 15 31 87 35 
15 78 83 81 78 57 31 53 73 18 
57 81 51 71 85 87 8h 4h 57 85 
8h 8h 8h 2h 4h 2h 4h 2h 4h 2h 
3h 2h 3h 2h 2h ah 4h 4h 4h 6h 
1h 1h 2h 1h 6h 4h 2h 6h 4h 2h 
6h 1h 6h 5h 6h 7h 2h 7h 
