1
8h 25 8a 8h a4 5a 54 a4 1a 13 
71 75 74 75 a3 7a 75 a5 3a 37 
a7 8a 85 35 3h 7h 32 3h 75 37 
36 3h 13 82 18 1h 13 71 37 38 
78 a3 63 5a 57 a7 36 5a 51 63 
a1 7a 71 a1 5a 57 a7 5a 53 51 
a3 7a 73 87 a3 78 47 8a 74 87 
a7 8a 28 25 85 a8 7a 78 47 a8 
74 87 4a 78 47 a7 4a 45 a5 7a 
75 87 a5 78 17 7a 17 1h a7 4a 
41 43 4h 8h 7h 71 87 8h a8 48 
48 7a 57 45 24 25 72 57 72 57 
27 25 75 72 57 72 a7 25 2a 28 
23 2h 26 52 58 28 62 a5 85 26 
82 7a 67 28 62 58 72 67 64 68 
6h 1h 71 57 8h 68 56 76 17 13 
73 67 65 16 75 17 67 56 7h 65 
16 76 57 6h 75 17 67 56 12 81 
86 85 65 68 56 16 71 5h 17 61 
68 76 18 51 67 56 16 71 1h 61 
65 86 15 81 61 56 86 85 65 68 
16 15 81 65 86 16 51 6h 15 81 
61 56 84 28 1h 65 26 14 51 86 
38 3h 15 61 62 56 12 51 61 a6 
8a 18 15 21 85 28 18 a1 7a 87 
82 58 72 47 85 48 78 a7 6a 86 
84 38 64 36 37 67 56 87 58 68 
76 3h 67 86 85 78 65 76 86 78 
73 67 68 56 78 57 67 86 4h 68 
76 75 87 65 86 76 57 83 28 5h 
82 68 63 56 83 58 68 56 54 64 
86 84 58 64 56 86 58 5h 52 65 
68 26 58 25 65 26 5h 56 45 ah 
54 65 62 46 52 45 65 26 1a 21 
ah 61 56 54 35 7a 17 53 45 65 
46 48 68 56 58 45 68 36 54 35 
65 36 12 31 61 56 51 25 61 46 
52 45 72 17 65 16 76 17 13 61 
67 26 7h 73 27 5h 67 86 8h 54 
75 72 37 2h 73 47 ah 74 37 1a 
81 3h 18 31 3h 32 52 85 4h 58 
25 23 53 85 13 81 51 35 ah 53 
15 18 31 58 35 32 52 85 12 81 
51 25 6a 16 18 21 68 26 63 51 
32 3h 16 25 83 61 86 36 13 15 
61 35 83 84 63 56 13 51 61 36 
48 3h 38 13 15 81 35 83 13 51 
5h 52 35 34 23 54 32 8h 45 4h 
23 2h ah 7a ah 6a ah 1a ah 5a 
ah 3a ah 4a ah 
