1
8h 2a 74 27 17 27 57 57 82 83 
85 81 86 46 18 16 86 38 36 37 
86 a8 38 2a 23 26 42 45 a3 2a 
21 a1 4a 41 21 82 84 58 24 52 
82 58 56 54 5h 36 35 84 38 3h 
3h 65 6h ah 31 23 24 62 34 6a 
61 a1 21 63 62 32 53 58 65 81 
31 23 25 62 35 63 6h 6h 8h 4h 
58 23 52 82 68 53 25 23 62 53 
75 5a 75 72 7h 74 a5 47 2a 27 
52 a7 25 32 5a 57 35 25 32 a7 
23 52 53 15 23 12 52 35 6a 16 
53 25 26 32 56 35 25 12 15 25 
12 13 23 52 53 23 52 51 65 21 
62 52 35 65 26 25 32 3h 21 52 
62 56 51 25 26 32 56 35 25 32 
38 63 28 62 32 53 61 26 21 82 
61 76 28 72 35 73 23 52 63 86 
56 85 26 12 58 15 25 72 74 24 
52 51 35 21 32 52 65 34 23 24 
62 34 83 63 76 7h 2h 7h 1h 32 
38 13 28 12 32 83 a7 38 23 21 
82 31 73 6a 86 37 43 4h 68 76 
28 72 7h 3h 1h 1h 4h 1h 4h 1h 
4h 1h 4h 1h 4h 1h 6h 83 8h 16 
31 43 42 32 13 61 46 4h 84 18 
14 34 23 26 36 13 1h 1h 4h ah 
5h 6h 8h 6h 6h 2h 3h 4h 1h 1h 
4h 7h 4h 4h 
