1
24 13 1a 21 21 23 26 28 2h a2 
6a 36 a3 2a 42 46 26 12 46 84 
21 a6 48 46 4h 86 12 51 25 68 
12 51 1a 25 42 45 48 14 a4 54 
1a 1h 12 a1 27 8a 86 72 a6 27 
8a 8h 8h 87 45 28 12 17 1h 31 
27 32 12 41 47 34 17 81 57 18 
51 71 75 15 17 21 24 32 14 71 
51 57 17 15 81 75 18 61 13 a1 
36 31 61 2a 32 31 3h ah 1h 3h 
83 16 1h 7h 38 73 8a 37 53 57 
37 53 15 71 73 13 71 a8 17 81 
3a 18 71 31 37 13 a3 1a 31 37 
83 17 51 52 54 38 23 13 81 a5 
18 31 32 83 12 71 75 38 73 15 
71 3a 73 13 81 a3 18 71 78 18 
31 1a 31 38 23 18 21 31 83 a3 
1a 12 81 a2 18 31 38 23 18 21 
31 83 1a 38 73 7h 12 81 a2 18 
61 62 12 81 2a 18 21 16 71 76 
7h ah 5h 2h 8h 87 2a 2h 8h 4h 
82 83 23 72 73 87 23 82 72 57 
53 73 27 83 68 72 67 87 68 6h 
a6 86 78 76 57 86 38 8a 38 37 
3h 35 a8 53 7a 73 87 a3 78 37 
8a 87 38 35 85 78 75 37 85 38 
78 57 a7 8a 83 78 75 37 85 28 
78 67 32 53 82 a2 76 57 37 53 
7a 73 57 52 72 37 32 63 72 67 
37 23 a3 7a 76 37 32 63 72 67 
37 23 a7 32 73 7a 76 27 a6 36 
23 73 27 5a 25 75 37 35 23 75 
27 28 78 27 38 63 72 67 37 43 
41 31 73 76 57 36 53 73 57 58 
35 37 83 57 85 35 83 82 32 53 
52 75 32 73 53 25 75 37 35 23 
75 27 28 78 27 38 13 72 17 37 
a3 83 7a 38 71 27 a1 72 87 5a 
73 87 82 72 37 a5 72 17 14 74 
67 7a 57 23 75 27 37 32 73 a6 
37 63 5a 36 53 72 35 43 41 31 
23 a5 37 63 3a 63 a3 72 8a 38 
36 53 86 58 38 53 52 85 83 28 
53 25 85 28 72 57 58 35 78 37 
57 85 35 73 75 87 35 23 78 27 
37 23 a2 87 8a 28 32 13 14 34 
23 82 a8 78 7a 73 87 a3 78 27 
8a 72 37 32 72 47 41 71 57 a8 
75 67 3a 53 76 57 37 53 58 75 
73 87 53 85 75 27 82 58 57 35 
87 38 58 75 35 83 85 78 35 23 
83 28 78 27 a2 38 1a 14 a4 83 
7a 87 37 38 23 a2 78 7a 27 32 
43 41 31 23 72 a7 87 3a 23 a2 
78 1a 14 a4 87 2a 32 83 73 82 
58 72 57 87 58 53 75 78 37 58 
35 75 27 32 53 57 25 37 23 53 
75 73 53 25 a2 5a 25 a2 3a 37 
a7 3a 35 73 a5 37 83 8a 87 58 
52 82 78 a8 38 73 72 32 83 8a 
82 48 41 81 28 a8 38 23 27 37 
83 8a 87 28 25 85 78 a8 38 53 
7a 73 75 37 a7 1a 14 a4 7a 73 
27 a3 72 87 8a 83 58 52 82 38 
a8 78 37 32 72 87 7a 87 82 68 
72 67 87 28 a8 7a 76 87 82 68 
72 67 87 28 a7 82 78 3a 63 87 
68 38 63 64 34 83 84 78 34 73 
83 28 74 67 61 6h 3h 8h 6h 6h 
3h 2h 4h 2h 4h 2h 4h 2h 2h 7h 
5h 2h 4h 4h 6h 1h 1h ah 4h 2h 
2h 4h 6h 4h 
