0
3h 17 87 13 53 5h 23 61 6h 82 
8h 64 81 82 85 68 65 6h 7h 3h 
4h 46 45 14 15 64 26 82 48 45 
85 48 24 62 36 81 38 32 68 16 
24 61 56 51 61 56 42 65 86 82 
18 15 62 16 56 51 61 81 28 65 
16 15 82 18 58 51 81 61 56 86 
78 71 81 68 65 16 57 87 18 68 
16 17 67 86 87 18 67 56 81 28 
65 26 24 64 16 84 58 61 26 85 
78 62 76 86 78 71 81 68 61 56 
81 58 68 56 56 53 54 75 78 58 
65 75 73 71 67 36 1h 63 56 57 
35 67 36 56 85 87 57 65 63 16 
53 15 65 16 17 67 16 18 68 36 
1h 63 56 57 35 67 46 53 25 64 
26 23 24 56 35 2h 53 65 63 16 
53 15 1h 21 2h 23 82 7h 17 31 
28 32 12 31 35 15 31 6h 36 16 
21 25 32 15 61 62 36 12 31 38 
3h 53 8h 35 83 4h 38 53 7h 35 
83 4h 38 53 7h 35 83 7h 38 73 
5h 38 73 3h 53 4h 35 83 87 37 
53 4h 35 43 7h 78 5h 34 53 52 
32 73 3h 83 87 37 43 42 32 83 
4h 38 73 78 38 73 3h 83 4h 38 
73 71 31 83 45 47 84 81 41 54 
31 73 45 74 83 58 57 15 8h 38 
34 73 84 18 14 84 18 54 15 85 
48 76 57 36 43 47 37 23 87 28 
51 25 26 85 78 35 73 74 34 53 
84 58 38 13 56 85 86 28 56 25 
73 47 85 48 3h 78 57 31 43 41 
31 83 81 48 31 63 52 65 35 23 
5h 32 63 72 67 72 67 84 28 87 
28 78 38 13 58 15 72 17 14 57 
85 37 83 26 86 36 73 56 75 35 
13 74 57 54 25 74 67 31 63 85 
68 38 13 7h 87 85 48 75 47 87 
58 31 43 56 86 78 41 31 87 7h 
53 48 71 67 84 68 78 47 52 85 
83 18 53 15 85 38 36 86 58 32 
13 85 18 38 53 58 25 38 23 53 
85 71 87 81 71 37 84 18 14 84 
18 54 65 73 47 63 53 45 75 37 
81 68 38 78 57 54 85 74 87 57 
35 83 78 56 87 7h 35 18 75 47 
56 53 45 81 48 58 45 14 51 85 
75 37 81 48 32 53 72 17 35 13 
73 57 53 25 73 27 57 35 81 38 
67 14 34 84 78 54 65 87 68 58 
75 58 45 5h 85 57 85 82 48 26 
56 75 56 45 85 78 31 43 72 57 
14 68 53 85 73 47 82 68 26 56 
35 71 27 31 51 65 67 57 15 62 
82 78 82 18 58 75 76 87 56 15 
26 85 28 68 7h 87 76 57 73 27 
87 38 67 83 68 78 76 86 35 72 
57 82 68 82 68 73 67 87 38 27 
83 28 51 75 58 75 85 87 58 31 
26 76 86 18 83 18 38 72 67 52 
85 72 67 27 26 76 58 25 75 87 
65 84 74 5h 58 47 41 52 15 82 
68 75 27 76 27 31 53 31 63 87 
68 78 54 85 14 58 37 41 8h 75 
13 58 15 35 83 37 43 82 58 31 
73 54 76 3h 15 27 63 84 32 76 
51 48 8h 23 3h 67 72 1h 25 48 
56 84 2h 43 67 31 76 1h 65 5h 
1h 4h 6h 
