1
72 82 87 54 57 8a 82 a2 4a 48 
45 46 4h 5h a8 1a 58 54 5h 5h 
1h 15 12 a1 8a 51 85 a5 8a 81 
82 38 a1 5a 51 45 41 51 45 4h 
34 3h ah 5a 65 35 32 63 65 86 
a5 38 3a 3h a3 83 78 6a 76 a7 
4a 24 87 28 48 54 76 24 25 45 
42 67 84 76 85 45 67 28 24 84 
28 76 23 83 67 48 76 43 83 67 
54 58 48 64 74 76 53 46 47 35 
84 53 83 43 67 58 54 84 58 76 
52 82 67 75 78 56 75 85 75 7h 
1h 48 42 82 74 18 17 1h 87 14 
18 48 41 81 64 18 56 45 14 84 
81 41 a8 48 18 74 81 4a 18 74 
78 48 a8 87 84 74 87 81 71 87 
8a 18 17 87 48 47 87 14 18 48 
a1 81 74 18 4a 81 74 18 a4 81 
7a 71 78 18 a8 47 48 78 14 87 
4a 78 14 a4 87 7a 87 a7 8a 84 
a4 7a 74 a4 87 81 71 48 47 87 
48 41 81 48 4a 14 18 48 74 78 
48 17 14 74 a1 41 87 14 7a 41 
87 14 a7 41 8a 81 84 14 a4 78 
74 84 17 48 7a 84 17 a7 48 8a 
48 a8 4a 47 a7 8a 87 a7 78 1a 
1h 87 48 41 81 74 78 48 74 71 
41 84 81 41 28 24 84 68 56 85 
48 42 82 14 18 48 14 17 47 84 
87 47 18 14 84 a8 4a 41 a1 74 
4a 74 a4 7a 71 a1 4a 41 a1 74 
78 48 17 14 4a 14 18 48 a8 78 
14 87 7a 41 87 a7 74 8a 47 81 
84 14 18 48 41 81 a1 74 71 41 
87 84 74 67 7a 67 57 56 76 75 
65 a6 47 48 78 24 27 7a 27 a7 
47 24 4a 24 2h 1h 2h 1h 2h 1h 
3h 1h 3h 1h 81 26 2h 3h 3h 18 
1h 3h 6h 12 a4 34 3h 81 82 8h 
12 78 74 7h 6h 3h 84 56 5h 21 
27 17 28 26 86 71 76 16 42 48 
28 47 81 87 17 42 43 23 78 71 
73 13 83 64 62 42 67 21 27 17 
68 74 72 78 28 48 61 65 6h 6h 
6h 8h 8h 6h 3h 8h 3h 8h 3h 1h 
3h 3h 5h 3h 5h 
