1
6a 76 7h 7h 71 78 57 5h 58 28 
56 51 41 24 53 25 23 76 26 2h 
72 67 62 72 47 42 72 42 a7 3a 
34 37 53 a4 6a 65 a5 6a 6h 8h 
4h 61 82 8h 7h 71 a7 5a 57 a7 
1a 15 a5 1a 13 a3 5a 53 a3 45 
43 1a 53 15 a5 15 17 1h 1h 1h 
6h 4h 1h 3a 36 31 61 a1 3a 35 
a5 2a 28 a8 65 16 15 65 26 6a 
26 27 67 36 a7 63 86 87 67 36 
1a 71 63 26 17 21 61 46 24 12 
14 31 24 32 12 31 3h 3h 83 82 
6h 86 85 65 36 8h 63 26 84 38 
34 84 38 36 23 21 62 63 46 8h 
18 23 42 62 36 81 48 2h 28 12 
5h 21 42 5h 24 12 7h 21 42 5h 
24 12 7h 63 86 84 38 64 36 86 
58 56 32 53 63 65 35 85 48 78 
74 84 87 28 47 68 46 38 43 63 
86 21 82 81 48 21 32 61 46 23 
42 62 36 38 23 68 16 32 73 3h 
83 61 86 36 23 83 68 63 16 83 
18 68 36 24 12 73 67 86 82 38 
62 36 86 38 34 63 68 26 38 23 
63 86 21 82 62 36 84 18 38 13 
5h 31 73 27 32 83 63 26 24 32 
64 16 38 43 28 42 32 53 3h 23 
24 82 34 83 53 25 72 86 48 2h 
32 84 68 47 38 43 28 42 32 83 
61 46 58 35 23 26 82 36 83 23 
72 2h 32 38 63 28 62 32 83 64 
86 81 48 61 26 31 53 15 62 16 
36 23 28 12 78 37 63 62 86 32 
83 63 56 6h 36 25 63 26 84 38 
34 13 84 58 52 82 48 65 26 65 
26 23 42 82 38 68 56 6h 26 24 
82 64 56 31 53 23 12 68 36 83 
82 38 51 21 25 72 47 24 12 63 
16 26 52 62 7h 26 47 3h 83 68 
38 74 36 73 62 82 61 26 21 61 
76 36 13 25 12 38 13 23 82 85 
38 25 72 31 63 62 16 32 43 32 
43 61 46 81 48 68 16 38 23 38 
23 61 26 36 83 36 83 24 82 24 
12 34 63 34 63 68 16 38 43 38 
43 26 82 84 24 82 32 63 87 28 
27 52 87 48 87 48 23 42 82 38 
85 48 61 26 53 28 32 68 56 31 
53 21 72 28 72 63 86 87 67 86 
26 32 84 68 64 16 84 18 68 16 
82 86 28 74 63 83 48 87 48 65 
46 86 38 35 85 48 23 62 68 36 
28 52 53 23 82 65 86 35 68 36 
28 52 78 25 72 63 86 62 86 26 
28 62 28 32 67 86 67 86 23 82 
62 76 2h 67 36 56 84 68 63 56 
51 86 38 81 48 35 63 15 35 13 
28 72 78 28 52 53 65 36 25 72 
31 73 61 86 23 82 62 36 34 23 
26 82 36 13 24 12 32 63 64 68 
56 2h 34 83 65 46 43 63 46 21 
42 62 36 32 62 16 38 23 28 38 
23 24 82 47 37 83 23 82 61 36 
32 53 27 67 16 28 52 32 83 61 
56 84 78 15 61 46 7h 36 23 21 
52 12 32 63 64 26 34 23 63 16 
21 32 36 43 61 21 42 32 13 65 
26 72 67 56 16 15 65 35 73 74 
34 23 27 42 27 42 61 76 74 64 
32 2h 16 43 32 43 23 24 32 24 
52 37 43 37 53 23 52 61 76 2h 
32 64 16 47 36 43 26 72 34 27 
4h 63 62 32 73 61 26 21 72 61 
27 4h 16 12 14 62 76 36 23 24 
62 34 26 1h 43 4h 62 45 26 ah 
51 8a 64 15 46 ah 52 3a 68 25 
86 ah 51 6a 15 6h 54 5h ah 4a 
ah 7a ah 
