1
1h 1a 82 83 a2 12 16 1h 64 18 
18 31 38 3h 18 21 13 21 1a 21 
a1 46 2a 64 72 74 78 68 6h 75 
72 72 47 48 78 17 25 71 37 71 
57 72 57 27 25 75 72 17 52 71 
87 84 74 a7 25 4a 13 48 52 a8 
25 1a 17 31 52 13 51 21 25 15 
12 31 a7 17 51 12 51 21 25 15 
12 71 52 17 81 84 14 71 25 17 
21 1a 41 48 18 21 26 2h 7h 16 
71 37 38 3h 35 28 2h 7h 2h 17 
61 a1 3a 13 16 71 36 73 13 61 
75 37 35 63 75 67 13 61 71 67 
67 6h 46 67 46 67 36 31 43 61 
56 54 64 a6 56 4a 65 45 46 56 
a6 3a 63 65 35 63 45 36 43 41 
64 61 76 41 74 64 a6 4a 47 54 
a7 45 74 5a 47 54 51 5h 41 74 
7h a1 4a 74 76 57 46 54 74 a7 
4a 45 64 a5 46 14 7a 87 41 84 
74 87 8h 5h 6h 5h 5h a8 78 47 
48 64 78 17 46 14 74 17 7a 17 
a7 4a 47 64 a7 46 14 4a 14 15 
45 74 a5 47 64 7a 46 74 a4 7a 
75 47 a5 74 67 7a 47 45 14 75 
17 47 54 13 51 41 54 a6 45 14 
15 61 45 74 73 87 43 84 74 87 
5a 78 47 48 54 78 57 47 54 16 
71 74 57 a1 75 17 14 51 4a 15 
41 45 84 a1 48 14 74 67 15 81 
1a 41 76 57 14 51 71 47 41 64 
71 57 46 54 53 43 14 73 17 47 
14 13 71 74 57 52 5h 1h 8h 41 
43 64 13 51 5h 75 37 46 34 74 
a7 4a 43 64 a3 46 84 4a 84 a4 
7a 87 86 8h 5h 8h 76 47 46 84 
76 87 42 84 8h 8h 8h ah 3h 6h 
3h 6h 3h 6h 3h 6h 3h 6h 3h 6h 
5h 7h 3h 3h 2h 3h 3h 4h 2h 1h 
2h 
