1
26 3a 32 a2 5a 54 5h 53 58 a5 
83 4a 43 a3 5a 54 a4 35 3a 38 
a8 58 15 1a 1h 18 15 15 1h 2h 
45 41 51 54 14 15 61 68 18 51 
41 45 15 14 54 31 61 6h 45 67 
27 36 37 35 34 54 7h 45 8h 54 
a4 72 7a 74 71 7h 2h 24 ah 47 
3a 73 34 73 71 43 7h 47 37 34 
83 81 31 43 73 74 37 74 17 18 
78 27 27 a2 43 6a 62 67 46 36 
34 13 a2 31 43 63 64 16 4a 61 
46 45 65 46 a5 35 64 56 4a 63 
46 47 35 67 46 53 a7 67 56 57 
67 36 67 56 3a 13 65 16 36 13 
12 41 32 63 62 46 32 43 4h 54 
ah 45 84 82 42 54 3a 83 45 84 
34 23 24 34 53 2h 28 3h 43 82 
34 53 8h 35 83 87 84 4h 48 4h 
42 7h 24 8h 42 82 8h 81 58 5h 
7h 2h 24 2h 23 8h 48 43 14 2h 
41 34 84 38 32 43 48 14 5h 41 
84 34 13 82 48 42 74 82 78 48 
74 8h 84 78 4h 48 74 75 45 84 
85 28 45 24 84 58 31 23 4h 43 
54 84 38 32 43 82 58 34 53 83 
48 43 24 8h 38 42 34 35 73 53 
43 14 57 35 37 57 25 87 28 58 
25 41 84 85 18 45 24 81 28 41 
24 84 58 14 85 18 12 51 82 58 
18 21 54 85 84 28 54 25 18 21 
32 83 81 28 31 43 26 72 34 73 
86 78 86 78 68 67 87 37 43 27 
42 32 43 86 28 41 82 48 31 23 
21 72 31 73 76 36 73 26 72 32 
63 45 24 85 68 64 62 42 46 24 
38 23 43 84 36 86 18 46 14 84 
18 15 85 48 45 14 85 68 41 64 
63 43 14 83 18 48 34 27 32 67 
37 27 82 47 64 34 73 81 78 38 
43 21 82 73 83 78 23 72 84 38 
42 47 34 32 42 74 82 18 46 14 
36 23 84 58 8h 48 32 63 67 41 
74 34 23 81 58 8h 18 3h 43 81 
28 34 23 83 48 47 34 38 23 83 
43 74 84 38 34 27 42 82 48 34 
13 2h 47 27 12 84 78 84 78 21 
72 82 48 82 48 31 23 24 34 13 
82 48 82 48 46 14 67 34 73 83 
28 5h 83 48 41 34 42 34 37 13 
47 24 47 24 31 53 51 31 53 42 
74 42 74 24 35 13 76 3h 43 32 
13 46 24 46 54 84 18 38 43 41 
24 31 83 85 18 35 13 42 64 42 
64 31 63 43 24 43 24 81 38 32 
82 58 15 36 13 83 28 26 42 86 
3h 24 68 62 82 68 48 24 48 24 
84 82 42 48 24 48 24 31 53 42 
84 42 84 31 53 87 28 84 28 48 
42 84 42 74 84 28 35 82 4h 23 
28 15 84 18 58 42 51 3h 83 31 
23 27 85 34 1h 42 78 53 15 47 
54 76 87 68 76 26 31 45 87 62 
7h 13 64 58 24 35 81 5h 42 13 
35 46 1h 68 53 28 35 6h 54 ah 
81 45 18 8a 52 87 25 7h 53 5h 
ah 3a ah 7a ah 
