2
2a 62 6b 67 65 64 6h 76 75 74 
7h 65 26 27 82 67 86 87 85 8h 
6h 76 a6 7a 74 a4 84 2a 28 2h 
a8 3a 3h 3h 64 6h 36 31 76 b3 
7b 78 27 21 78 a7 3a 37 a7 3a 
b3 23 4b 42 b2 4b 46 b6 2b 26 
42 b6 4b 48 b8 2b 32 34 63 24 
62 32 63 b8 36 23 26 52 36 53 
23 62 2b 32 35 63 25 62 68 28 
62 38 53 26 52 32 63 b8 36 23 
25 12 71 27 52 32 53 2b 23 62 
b3 26 32 6b 23 52 51 21 32 35 
25 12 32 53 52 32 53 17 b6 71 
3b 63 17 36 53 5h 4h 8h 35 13 
73 71 31 37 53 56 57 65 83 85 
35 38 b3 58 5b 56 25 23 53 65 
b5 85 2b 58 21 52 56 35 26 32 
52 65 31 83 35 63 83 53 58 35 
58 35 36 23 56 15 86 51 85 21 
82 31 83 23 12 53 65 53 65 21 
62 52 35 52 35 36 56 25 56 25 
38 13 28 12 58 65 58 65 32 63 
53 15 17 57 35 36 23 56 15 32 
13 53 25 27 62 57 35 26 12 53 
15 25 82 1h 26 12 17 4h 41 6h 
17 1h 12 14 21 7h 12 61 86 18 
71 1h 71 6h 17 81 6h 18 71 1h 
61 7h 16 21 27 62 17 31 35 43 
26 42 4h 15 61 32 83 81 45 31 
23 64 16 18 14 81 61 86 32 13 
16 81 64 34 83 13 21 63 86 12 
81 62 86 16 21 3h 16 31 36 53 
1h 61 35 63 13 61 68 36 31 23 
61 86 36 13 16 36 53 12 61 62 
4h 35 63 68 26 16 21 38 53 12 
51 4h 31 63 62 86 26 36 13 15 
61 35 63 13 21 62 36 31 23 61 
86 36 13 16 36 53 12 61 62 7h 
35 63 68 26 16 21 38 53 12 51 
4h 31 63 62 86 26 36 13 15 61 
35 63 13 81 21 62 36 31 53 12 
62 46 7h 62 46 73 75 35 37 13 
18 21 16 21 61 62 16 84 34 23 
63 26 31 36 23 28 62 63 86 57 
46 36 26 12 26 52 34 63 31 63 
13 16 31 16 71 25 62 15 61 23 
62 31 32 63 68 26 23 82 63 16 
63 56 67 46 48 24 82 64 56 28 
52 62 36 61 36 34 64 16 64 26 
25 82 65 46 75 32 43 57 63 46 
16 71 1h 31 16 71 3h 63 17 61 
31 23 63 16 13 51 63 56 28 52 
48 62 36 12 31 38 18 21 68 26 
16 51 6h 34 73 72 32 83 67 26 
67 86 36 23 15 81 32 63 61 86 
48 64 16 72 14 81 27 64 26 34 
83 62 56 13 21 26 32 16 41 23 
72 1h 31 27 62 13 61 21 32 38 
13 65 86 15 41 35 43 26 42 32 
43 63 23 13 51 68 56 16 31 28 
52 38 18 61 62 36 12 81 63 86 
16 21 71 72 12 17 61 63 26 67 
26 13 21 61 36 25 82 84 24 52 
34 64 76 6h 76 72 62 16 17 21 
17 21 61 36 25 12 15 41 25 42 
43 26 52 63 13 51 21 32 64 56 
34 24 12 16 31 26 42 13 41 21 
62 76 27 12 13 61 23 62 12 31 
65 46 36 34 64 14 51 2h 63 76 
71 61 36 75 25 12 25 12 52 17 
21 57 17 51 38 43 46 36 83 43 
15 61 63 13 51 64 36 21 32 62 
16 15 71 65 26 15 31 57 21 52 
61 56 26 12 14 24 62 13 71 76 
16 31 27 62 27 42 38 43 23 62 
18 31 38 43 18 41 65 86 25 82 
81 23 12 63 86 18 51 28 52 12 
31 38 36 83 13 71 8h 12 31 36 
23 16 21 25 72 32 83 15 21 15 
61 27 62 63 23 72 68 36 38 68 
56 18 51 62 56 34 73 16 21 63 
13 41 65 86 25 32 25 82 62 36 
14 21 84 24 82 14 51 16 51 61 
63 16 63 56 16 31 16 41 4h 63 
28 62 65 36 62 36 65 86 37 23 
46 48 57 25 82 5h 37 53 28 62 
28 72 35 83 84 75 25 42 32 73 
6h 26 28 52 37 83 63 56 67 27 
5h 76 72 62 36 38 23 75 84 64 
56 67 32 75 8h 26 53 48 62 46 
86 28 23 62 83 26 7h 38 bh 62 
37 87 35 26 1b 78 63 52 72 82 
36 bh 21 1b 67 28 25 85 76 ah 
53 3a 51 bh 62 15 26 6b 58 64 
85 ah 47 7a 53 bh 35 5b ah 5a 
bh 4b ah bh 
