2
23 1a 64 86 5b 5h bh 1b a5 6a 
65 68 16 a5 1a 14 13 47 16 41 
43 13 b1 73 a1 6b 6a 68 a8 4a 
b8 41 4b 42 42 48 b4 14 1b 12 
b2 37 21 41 42 12 73 1b a4 81 
8a 86 a6 16 37 4a b1 21 8b 84 
81 41 84 b1 81 84 86 48 73 84 
78 67 2b 76 84 38 6h 83 48 5h 
38 34 84 83 48 b2 84 58 8b 58 
b8 43 6b 61 b1 34 8b 85 48 b5 
84 38 48 43 83 84 38 3b 84 38 
b8 48 4b 43 b3 83 8b 84 28 b4 
34 82 38 48 43 83 84 28 34 82 
18 6b 81 28 43 82 48 38 34 84 
83 28 43 82 a8 34 2a 43 b6 34 
3b a2 5a b3 43 3b a5 4a b3 1b 
16 b6 2b a4 34 3a b2 4b 43 b3 
2b a4 34 3a b2 5b a3 43 5a 58 
a8 58 2a 34 5h 43 6h 76 bh 34 
2b 27 43 b7 34 2b 43 a7 34 57 
25 43 2a 34 b5 43 7b 72 b2 34 
7b 75 b5 43 2b 25 34 b5 43 7b 
75 73 a5 2a 27 24 34 2h 42 6h 
24 32 42 43 23 24 32 61 8h 16 
1h 15 6h 51 6h 15 61 23 42 b6 
32 34 24 23 42 3b 24 32 b2 42 
3b 37 24 b7 42 8b 24 8h 84 28 
27 32 87 38 36 34 34 28 32 37 
27 52 3h 13 35 13 23 12 4h 21 
32 31 43 21 72 3h 13 27 12 32 
13 5h 25 23 52 3h 25 12 32 43 
74 37 23 21 42 31 43 23 12 3h 
34 13 23 42 72 74 24 27 32 31 
43 37 43 bh 21 42 32 73 3b 23 
24 12 34 13 23 42 74 27 32 31 
43 21 42 32 13 2h 31 43 23 72 
5h 51 1h 27 32 34 13 24 12 32 
43 73 74 34 37 23 21 42 31 43 
27 42 32 13 51 35 13 72 3h 13 
27 31 23 24 12 52 51 21 25 12 
25 12 52 51 21 73 74 34 37 13 
15 35 43 37 43 21 42 32 13 53 
51 31 35 13 35 13 53 51 31 72 
3h 13 15 27 2h 35 43 23 82 42 
34 32 53 42 54 34 23 5h 15 21 
1h 71 1h 41 45 24 15 71 13 71 
28 72 12 81 41 54 2h 45 34 32 
53 5h 42 14 18 21 48 24 14 81 
21 42 41 54 56 46 14 17 47 84 
27 52 14 51 21 42 48 74 7h 28 
12 15 81 25 82 12 71 bh 17 21 
28 52 18 51 21 82 72 78 28 27 
12 15 81 17 81 25 82 12 71 3b 
23 13 51 37 32 53 13 21 28 32 
18 71 18 71 35 73 25 82 83 23 
82 27 52 17 31 17 31 38 53 18 
71 18 71 81 35 83 bh 38 53 87 
17 18 71 18 71 81 87 4b 14 47 
84 23 14 74 bh 32 41 17 41 48 
74 18 48 23 71 1b 34 82 81 21 
82 78 6h 43 14 12 31 28 48 64 
27 62 42 74 13 21 65 35 15 81 
23 82 12 31 36 23 24 82 34 53 
56 36 43 15 41 31 53 28 52 87 
32 63 48 74 87 3h 13 14 71 41 
31 23 25 12 35 13 23 52 48 34 
65 43 64 17 31 38 53 18 51 31 
73 45 84 25 12 37 83 43 84 21 
32 34 13 24 52 35 73 21 42 43 
23 12 16 31 26 52 13 51 47 21 
78 3h 14 32 28 62 21 62 12 37 
41 2h 13 84 47 84 74 25 72 16 
51 31 43 32 63 1h 15 21 56 48 
64 87 17 36 45 28 8h 51 73 74 
62 34 16 25 4h 53 61 48 36 1h 
82 64 27 46 8h 73 61 15 3h 52 
26 5h 64 6h ah 4a bh 7b ah bh 

