2
7h 81 6a 86 7b 74 a3 7a 7h 4h 
72 17 12 72 87 81 82 b8 a8 3b 
38 32 3a b8 3b 36 35 3h 76 13 
17 37 13 15 1h 2h 8h a5 1a 15 
71 73 67 61 63 13 16 36 a1 76 
8a 81 a1 6a 63 a3 87 8a 18 17 
87 b8 1b a1 7a b1 71 8b 58 a1 
3a 85 48 a3 4a 45 46 36 81 58 
54 a4 8a 48 45 85 b8 7b 63 67 
37 36 76 73 63 a7 4a 48 36 4h 
64 43 64 34 36 46 43 64 43 54 
75 27 2h 36 2h 63 bh 36 5b 63 
45 24 25 45 14 12 42 64 34 36 
46 43 64 43 64 34 36 46 43 b4 
63 5b 54 36 b4 63 7b 27 21 71 
27 23 b2 7b 47 45 75 37 36 76 
57 54 74 b7 1b 17 1h 4h 45 b7 
54 6b 63 45 b3 54 1b 13 41 b3 
14 51 41 45 74 5b 47 54 b4 14 
5b 41 a5 14 1a 51 58 18 a1 41 
4a 48 64 a8 46 24 5a 42 54 b5 
18 6b 81 a4 18 5a 54 81 b6 18 
5b 81 5h 51 52 65 2h 56 75 5h 
65 a4 56 75 73 67 53 65 75 67 
61 64 65 84 6a 26 21 61 26 65 
26 24 12 1h 4h 48 5h 84 8h ah 
6a 16 ah 61 56 2a 12 65 16 14 
64 56 24 52 62 86 1h 21 68 36 
12 31 61 26 25 42 6h 16 13 51 
24 32 62 36 15 21 26 32 6h 62 
56 57 35 36 56 25 26 72 32 37 
27 23 62 52 65 67 57 35 ah 65 
26 27 32 1a 51 52 75 65 76 12 
51 56 75 16 71 52 75 15 61 73 
27 5h 16 21 71 67 53 65 75 17 
67 56 57 25 67 36 16 31 51 75 
61 62 76 56 75 71 67 65 16 75 
17 67 56 ah 65 76 71 57 12 7a 
57 56 15 76 27 51 25 12 51 65 
71 67 57 15 65 76 75 87 4h 78 
57 67 56 52 15 62 86 4h 68 76 
13 21 67 26 16 71 76 27 16 31 
71 67 52 65 75 67 61 26 71 57 
51 85 71 87 57 15 62 86 5h 75 
76 17 56 15 12 52 15 13 21 25 
15 61 75 67 17 51 68 56 16 51 
53 65 61 76 51 25 32 78 17 68 
16 76 27 17 61 67 36 56 75 76 
56 85 16 81 51 65 72 87 ah 78 
47 7a 27 23 12 73 67 57 65 21 
72 75 17 25 62 36 18 51 78 57 
17 61 51 75 71 37 26 12 52 15 
17 61 51 25 76 16 26 82 56 85 
25 62 17 81 4h 26 52 51 65 21 
62 67 27 62 57 15 26 12 52 65 
63 26 18 31 28 72 68 76 75 71 
51 61 86 21 42 68 46 84 24 12 
68 16 15 65 16 25 82 67 86 26 
52 13 51 57 17 61 27 82 53 75 
16 71 51 65 62 16 73 13 21 63 
76 28 42 41 21 32 54 85 3h 14 
67 16 37 58 35 75 18 51 68 76 
15 31 56 48 51 45 17 13 61 17 
41 51 85 1h 58 75 73 67 46 16 
53 6h 71 35 37 57 35 15 71 15 
71 73 87 13 51 13 81 71 57 64 
36 75 17 65 86 53 16 81 48 14 
61 71 57 68 16 18 31 68 36 16 
31 71 87 61 53 85 75 17 63 16 
76 57 63 84 54 35 74 37 57 35 
76 75 87 1h 41 4h 78 47 5h 78 
67 84 53 76 48 ah 65 37 84 67 
86 57 45 68 54 2a 76 75 82 65 
46 28 68 73 42 4h 56 37 84 57 
48 7h 85 84 52 73 4h 35 3h 27 
28 78 ah 84 83 43 1a 32 38 28 
ah 87 84 74 6a 41 48 18 ah 83 
82 32 5a 27 28 78 8h 86 6h ah 
8a ah bh 
