1
2h 1h 2h 6a 23 a7 5a 5h 2h 51 
56 86 54 78 56 35 13 51 85 57 
a5 78 7a 75 73 72 74 7h 57 31 
52 45 72 47 57 13 45 4h 54 65 
62 52 31 75 74 54 13 27 26 76 
31 25 13 27 57 31 25 24 54 13 
75 74 54 31 27 13 65 64 54 31 
35 15 13 53 51 31 45 46 56 13 
15 12 52 32 65 23 64 54 32 35 
25 23 53 52 32 45 23 46 56 32 
15 1h 71 67 23 64 74 32 37 27 
23 73 72 32 47 23 46 76 32 37 
27 23 73 21 71 31 67 64 74 13 
17 37 31 71 73 13 47 46 76 31 
a7 13 2a 31 62 87 64 24 78 32 
87 12 13 23 21 78 42 87 46 26 
78 a2 31 5a 35 87 15 13 12 32 
52 53 78 65 23 87 64 54 78 a5 
32 4a 23 46 a6 87 32 8a 87 57 
87 65 23 64 54 78 25 21 51 31 
45 87 46 56 78 35 87 15 13 53 
51 78 65 87 64 54 78 15 12 52 
32 45 23 87 46 56 78 15 87 32 
17 1h 23 2h 25 27 57 42 4h 5h 
65 62 52 65 64 6h 54 25 24 54 
35 37 57 45 42 52 a5 65 2a 24 
a4 2a 62 68 76 73 63 a6 4a 46 
a6 3a 37 a7 3a 31 32 31 3h 4h 
ah 3a 35 83 85 48 4h 35 83 84 
34 68 63 83 64 18 16 86 12 38 
34 84 61 62 12 43 48 38 46 81 
86 16 43 68 61 63 13 83 46 4h 
21 28 48 42 12 81 84 14 28 21 
41 42 82 18 21 82 a8 6a 46 48 
4h 4h 3h 3h 7h 3h 7h 3h 7h 7h 
7h 1h 7h ah 4h 4h 5h 1h 5h 6h 
5h 5h 2h 7h 2h 7h 8h 8h 2h 7h 
7h 2h 5h 2h 
