1
2h 5h 5h 48 7a 43 42 64 71 7h 
58 76 a8 6a 68 47 a8 4a 26 24 
2h 27 a2 3a 38 37 53 a8 5a 5h 
45 47 65 67 68 62 6h a8 3a 36 
a6 3a 57 53 a5 6a 65 a5 3a 36 
3h 3h 43 a6 76 8a 67 8h 76 83 
43 64 4h 84 a3 48 74 67 46 84 
4a 84 a4 8a 85 a5 7a 67 a6 4a 
45 84 a5 48 34 4a 74 67 46 34 
35 45 84 3h 83 43 84 a5 7a 67 
6h 76 a7 6a 76 a7 1a 18 1h 17 
12 ah 76 8a 86 85 5h ah 8a 8h 
5h 8h 78 5h 87 68 67 87 38 18 
34 73 76 36 13 12 71 72 12 61 
62 12 81 84 78 14 71 81 28 26 
86 28 21 81 68 61 81 28 27 87 
18 16 86 18 17 87 68 67 87 18 
12 71 76 16 71 78 72 18 71 21 
27 17 12 71 12 81 82 12 61 87 
16 a8 71 6a 17 21 61 62 16 a6 
1a 61 62 76 12 71 61 76 78 68 
26 7h 27 67 26 21 61 76 71 27 
61 26 76 27 82 78 17 1h 1h 16 
3h 63 6h 31 23 63 26 38 36 23 
86 2h 24 12 16 18 61 21 62 86 
28 12 16 41 26 42 12 61 68 18 
21 24 62 14 61 21 42 63 56 7h 
17 65 46 26 42 71 67 62 46 5h 
64 36 5h 72 17 16 21 76 27 17 
61 24 72 74 67 24 52 24 52 76 
57 27 62 63 46 67 46 12 71 16 
71 61 67 16 67 26 14 71 14 71 
75 37 15 41 15 41 62 46 16 21 
73 47 12 61 67 26 17 41 62 56 
7h 65 76 71 37 8h 61 26 27 12 
67 16 26 72 14 51 56 16 71 21 
62 65 25 62 64 16 24 52 54 24 
52 61 56 73 17 13 41 73 47 46 
72 47 26 16 41 27 62 67 27 62 
61 76 21 72 62 76 75 27 26 12 
76 17 27 62 67 65 76 26 72 71 
67 62 36 25 75 17 27 32 62 76 
14 31 67 26 21 72 61 46 27 82 
8h 21 72 76 17 26 12 72 17 13 
21 27 62 17 61 21 72 78 73 87 
73 87 37 38 78 28 32 64 16 14 
51 64 56 16 41 72 47 57 15 61 
67 46 75 15 81 7h 18 51 64 26 
74 57 54 74 57 14 51 23 42 63 
46 47 41 71 61 46 21 32 65 36 
75 87 26 82 72 67 63 26 27 12 
67 16 26 72 78 73 17 28 62 67 
36 7h 75 17 14 31 74 57 74 57 
13 51 63 46 41 61 46 76 17 76 
17 15 31 75 67 75 67 64 36 16 
41 71 57 1h 75 67 63 56 73 57 
67 36 14 31 ah 61 76 74 57 47 
67 16 13 71 63 76 16 41 74 67 
61 46 65 86 71 87 67 16 15 65 
86 38 63 76 73 57 63 56 54 61 
36 14 15 41 15 41 75 37 67 36 
14 71 76 37 68 18 51 73 47 63 
56 16 31 74 37 2a 52 73 87 13 
61 45 83 73 57 74 87 16 81 25 
62 64 36 24 32 62 46 71 27 21 
42 71 47 25 32 65 16 38 28 12 
62 16 74 27 26 52 68 78 47 61 
56 26 12 74 57 13 81 45 74 37 
7h 67 18 41 54 61 46 16 76 87 
14 81 71 67 64 74 17 12 81 21 
71 47 28 12 65 46 21 42 76 17 
18 78 67 54 25 76 1h 62 47 51 
26 82 75 87 27 62 61 56 64 86 
14 24 72 76 47 26 42 72 67 15 
81 6h 61 26 24 52 42 45 25 24 
52 24 64 ah 12 46 13 51 41 23 
12 62 46 14 21 26 32 64 14 31 
65 21 7a 16 42 47 27 42 61 76 
72 17 62 56 64 71 45 5h 26 27 
67 16 13 71 24 32 74 14 62 5h 
27 41 46 45 65 15 72 8h 56 5h 
21 54 12 ah 47 6a 28 74 82 ah 
45 2a 54 2h 41 4h ah 1a ah 3a 
ah 
