1
35 1a 17 67 46 84 16 13 12 a1 
81 5a 68 52 a2 5a 5h ah 4a 45 
a4 5a 52 a2 75 7a 86 42 72 7h 
75 71 57 a2 75 72 71 68 52 67 
87 86 25 6a 68 52 a8 25 3a 78 
38 43 52 a8 25 6a 6h 6h 68 a6 
52 6a 46 48 64 a6 68 46 1a 64 
16 18 68 a6 68 56 7a 27 25 75 
27 67 16 57 61 56 76 75 65 67 
26 23 63 76 73 17 63 46 53 64 
56 71 37 35 75 17 63 46 53 64 
26 71 27 67 46 26 24 64 62 16 
42 61 46 35 64 76 72 17 62 46 
53 64 56 71 37 35 75 17 63 26 
71 27 24 74 17 53 71 57 64 36 
35 65 16 73 47 53 74 27 61 26 
76 27 24 21 2h 5h 23 2h 8h 81 
8h 5h 8h a2 5a 65 67 16 57 15 
65 16 1h 1h 51 56 45 16 41 51 
45 47 57 15 17 61 57 65 15 41 
68 56 58 45 4h 84 64 86 15 41 
46 84 16 81 41 74 7h ah 4a 14 
18 61 48 64 14 81 61 46 41 84 
61 86 46 84 82 42 64 62 16 42 
14 64 16 12 41 46 84 16 81 41 
74 75 45 14 18 61 48 64 14 81 
62 46 42 84 62 86 14 81 84 58 
57 87 58 51 25 81 28 58 75 71 
51 85 82 48 52 45 46 74 85 78 
48 54 56 25 46 84 52 35 3h 87 
38 47 34 84 38 3h 31 a1 81 48 
41 24 2h 1h 5a 35 37 3h 3h ah 
4h 8h 2h 2h 1h 2h 1h 2h 5h 1h 
2h 7h 1h 2h 7h 1h 2h 7h 6h 1h 
2h 7h 6h 1h 3h 6h 1h 6h 
