2
1a 57 1b 57 52 56 15 a1 5a 57 
a7 6a b2 5b 65 64 86 a5 6a 62 
68 a2 6a 61 36 3h 36 b1 3b a3 
4a 43 81 a3 8a b4 5b 58 b8 3b 
35 b5 3b 38 b8 3b 3h 53 58 38 
45 43 53 45 47 4h a4 14 1h 4a 
41 a1 4a 45 a4 1a b5 14 1b a4 
1a 12 13 a2 b2 4a 42 a2 5b 4a 
54 b4 5b 65 35 36 56 53 a5 2a 
63 25 71 a5 7a 78 a8 18 5a 52 
a2 5a b5 4b 45 b5 7b 74 b4 81 
8b 84 36 b4 7b 75 63 b7 8b 87 
b7 4b 47 b7 17 4b 48 14 36 b8 
74 7b 63 78 15 a1 2a b8 1b 36 
a1 48 12 b1 6a 4b a3 84 36 2a 
21 a1 2a 48 63 a2 5a 64 34 a5 
36 2a 46 43 14 63 a2 12 36 1a 
61 42 84 16 b1 2b 48 63 81 a4 
b2 8a 36 87 8b a7 17 1a b8 7b 
63 21 24 14 21 36 b7 5b 12 71 
b5 4b 17 41 b1 4b 63 a4 74 36 
7a 78 a8 63 48 2a 36 b2 84 1b 
12 81 41 63 48 18 64 b2 81 4b 
54 b6 36 8b 87 b7 17 6b 45 b3 
a4 7b 1a 36 71 a7 63 1a 51 36 
b7 1b 81 63 b5 1b 81 36 b1 8b 
85 b5 4b 14 15 81 45 b4 18 a1 
5b 2a 24 71 a4 2a b5 3b a2 6a 
63 a3 b6 4a 8b 17 42 36 a2 1a 
b8 4b 51 54 14 63 a1 5a 58 71 
36 a8 7a 74 63 a4 8a 85 a5 7a 
75 a5 14 7a 78 7h 36 a8 4h 1a 
51 58 18 31 61 63 13 16 a1 8a 
85 a5 36 1a b1 63 2b 21 b1 4b 
45 b5 36 1b 12 b2 4b 48 24 b8 
21 5b 41 74 58 a8 5a 74 63 67 
37 a5 36 3a 83 85 b5 76 7b a7 
2a b7 67 a2 1b 6a 12 b2 6b a6 
5a 76 35 a3 1a 71 61 67 17 b6 
16 41 4b 64 74 76 46 47 67 a4 
2a 24 a4 76 1a 71 61 67 17 16 
b1 a1 3b 2a 23 a3 76 4a 43 67 
a3 76 4a 24 67 42 64 74 76 46 
47 24 67 42 54 58 b8 76 4b 24 
67 42 84 85 45 24 76 42 74 64 
67 47 46 24 76 42 54 58 b8 67 
4b 24 76 42 a4 67 2a 21 76 a1 
67 3a 34 76 a4 67 3a 31 23 a1 
76 4a 32 13 67 31 83 85 35 13 
a4 31 23 2a 27 26 23 76 a6 4a 
41 a1 4a 24 28 24 58 2h 85 8h 
2h 32 36 13 26 12 32 13 bh 31 
23 21 82 31 83 23 12 2b 32 38 
13 28 12 32 13 16 36 23 26 12 
36 13 23 82 8h 6h 6h 2h 32 31 
83 21 82 32 13 a6 31 23 28 12 
38 13 23 82 2a 32 31 83 21 82 
32 13 a2 31 23 1a 32 13 a3 1a 
81 84 14 31 81 1h 13 21 8h 87 
28 18 31 24 62 bh 13 61 21 32 
62 63 23 26 12 13 61 2b 32 16 
31 21 32 63 26 12 13 61 31 36 
16 26 42 1h 81 82 68 12 61 63 
13 21 83 28 18 31 24 32 36 26 
72 5h 16 81 84 68 14 61 63 13 
61 83 68 18 31 27 32 38 28 62 
18 61 21 82 5h 28 12 16 81 26 
82 83 23 82 13 61 76 81 38 21 
32 31 21 62 81 68 27 62 82 78 
1h 82 18 13 83 18 12 82 38 32 
17 21 81 28 32 13 18 21 38 23 
37 23 17 81 87 17 21 31 43 26 
72 bh 27 62 3b 13 12 41 32 43 
13 21 5h 12 31 34 23 14 21 31 
73 78 38 13 12 41 8h 14 81 17 
21 31 43 26 12 16 41 31 63 23 
72 5h 27 32 36 13 14 61 34 63 
13 41 23 42 12 31 78 52 8h 25 
13 21 24 32 14 31 36 73 87 68 
21 52 2h 12 18 41 28 42 12 81 
2h 24 82 86 78 37 63 12 51 1h 
21 23 42 13 41 21 32 8h 38 36 
43 86 48 38 63 1h 23 82 12 31 
84 68 13 21 24 32 14 71 23 72 
23 72 32 37 27 17 41 23 42 86 
48 28 32 18 61 23 52 3h 31 83 
25 82 32 13 16 21 84 68 24 72 
14 71 54 73 13 41 23 42 15 41 
86 48 76 18 31 28 32 36 26 82 
16 81 84 68 14 71 86 58 24 52 
45 85 68 24 62 63 61 31 21 42 
36 13 16 36 13 86 48 28 62 31 
53 6h 35 83 84 18 34 63 38 63 
83 81 38 81 68 87 48 37 13 37 
13 16 41 81 68 38 73 51 38 53 
54 34 13 34 13 15 81 17 81 35 
43 35 73 78 38 73 13 81 13 81 
31 87 18 17 31 54 13 51 41 87 
38 45 15 14 71 54 18 71 81 83 
18 45 81 78 bh 13 18 31 18 31 
36 43 16 81 16 81 87 48 38 43 
17 81 67 18 61 34 53 38 63 13 
81 73 2b 82 37 15 41 81 38 21 
72 51 36 73 15 23 12 86 18 14 
71 84 58 24 32 84 68 28 62 83 
82 38 45 21 81 48 26 42 67 37 
43 23 72 76 26 32 16 23 12 83 
68 82 58 61 21 85 38 26 32 16 
23 52 28 52 82 61 3h 28 25 82 
25 12 26 12 34 63 61 31 63 37 
43 27 12 58 5h 21 82 85 18 25 
72 81 78 28 12 28 12 82 81 21 
28 12 28 52 bh 25 82 21 82 86 
18 82 18 28 21 82 21 62 82 58 
8b 28 26 12 16 26 52 81 68 81 
68 25 12 28 62 bh 81 82 18 82 
18 28 21 81 34 13 27 31 87 42 
2b 53 1h 18 72 35 73 21 83 3h 
12 58 23 52 82 38 36 53 67 16 
71 86 35 5h 28 63 67 37 16 2h 
73 6h 71 31 6h 12 17 27 4h 73 
76 36 ah 61 67 17 8a 72 74 24 
ah 43 47 37 7a 76 6h 5h ah 7a 
bh ah 
