1
5a 53 57 a5 7a 24 15 a7 21 2a 
27 24 a4 21 21 32 3a 32 34 a3 
2a 23 42 a3 7a 24 72 a2 7a 7h 
1h 4h 7h 17 12 84 8h 8h 72 71 
58 21 2h a7 2a 27 82 a7 25 12 
17 27 52 28 52 82 85 25 8a 52 
82 78 71 81 38 63 6h 6h 65 62 
86 28 25 85 18 17 87 38 63 86 
78 71 81 a8 1a 17 a7 5a 52 a2 
7a 71 a1 7a 78 a8 1a 18 a8 7a 
72 a2 1a 71 37 63 76 17 27 21 
71 72 17 72 17 27 21 71 72 a7 
12 8a 87 21 a7 12 8a 82 81 28 
a8 1a 21 a2 7a 78 a8 7a 37 63 
76 17 21 72 a7 1a 21 a2 8a 87 
a7 1a 21 a2 8a 81 28 a1 82 18 
12 82 18 7a 72 81 28 a8 7a 87 
82 18 72 17 87 38 63 86 78 71 
57 81 58 78 37 63 76 87 85 38 
75 67 86 38 68 63 26 73 27 67 
26 a2 7a 76 57 a6 75 67 62 72 
17 6a 16 76 37 83 78 67 61 56 
71 57 67 56 45 4h ah 5a 54 a4 
5a 35 83 58 75 76 17 56 15 75 
17 1h 2h a1 5a 57 15 a7 51 35 
83 58 15 5a 15 17 a5 1a 31 83 
18 21 27 17 31 83 18 a1 3a 83 
a8 7a 72 a2 4a 41 4h 7h 5h a1 
5a 35 83 58 a5 4a 45 a5 3a 34 
84 83 58 a3 85 18 8a 18 15 31 
85 38 18 51 a1 8a 83 18 15 31 
85 38 18 51 5h 48 a4 1a 31 3h 
ah 2h 5h 2h 5h 7h 2h 5h 7h 5a 
35 3h 83 48 34 23 27 37 83 48 
34 23 26 36 73 76 36 83 48 34 
23 25 82 35 83 81 68 6h 23 62 
76 37 31 53 71 67 63 65 73 17 
41 74 37 56 73 57 67 65 75 76 
37 56 73 a7 65 8a 38 56 83 58 
68 65 85 86 18 41 84 38 56 83 
58 68 65 85 86 38 56 83 a8 65 
2a 32 35 36 53 23 52 65 26 32 
35 13 25 12 32 53 56 36 23 21 
52 31 63 a6 25 12 41 24 52 8a 
58 28 12 41 24 82 85 18 25 12 
82 68 65 35 43 41 31 23 24 52 
85 18 34 13 83 58 56 26 32 43 
41 21 62 65 25 42 4h 5h 5h 1h 
1h 6h 2h 4h 4h 4h ah 7h 8h 3h 
3h 5h 5h 1h 5h 1h 6h 6h 4h 
