0
2h 6h 5h 27 32 43 46 41 46 54 
57 52 52 58 45 42 52 45 4h 14 
54 35 32 52 45 74 71 41 47 57 
14 71 25 47 24 54 25 23 53 15 
71 57 45 43 14 71 53 47 85 84 
54 83 75 17 51 45 48 24 58 75 
17 51 25 45 74 17 41 24 21 41 
28 54 51 41 85 84 82 42 14 52 
65 41 64 54 65 68 62 56 45 46 
56 24 25 28 58 48 15 14 54 15 
17 57 45 47 57 24 25 26 45 74 
72 42 74 71 41 54 56 15 46 74 
14 54 25 24 54 17 15 75 71 51 
57 17 45 42 52 45 47 57 41 35 
34 54 75 71 51 45 43 53 24 25 
45 14 17 27 52 57 27 85 82 86 
26 56 32 35 25 72 74 24 72 71 
21 52 53 45 23 62 54 15 17 26 
12 72 71 21 51 27 45 41 32 51 
65 23 82 56 75 28 72 52 75 47 
24 25 82 45 74 28 75 45 32 34 
24 12 15 25 42 43 14 23 72 41 
74 24 32 75 76 37 27 32 35 25 
72 75 25 67 62 72 67 68 78 27 
28 78 52 57 27 52 53 23 72 73 
67 23 42 76 87 24 12 78 57 21 
52 51 21 71 32 37 27 32 31 21 
72 71 37 21 42 73 57 24 82 75 
87 27 82 86 26 72 76 26 17 12 
72 17 13 73 27 23 73 12 17 27 
15 12 52 51 21 25 15 72 75 25 
37 32 72 37 35 75 27 25 32 75 
17 23 82 71 87 81 27 68 32 31 
21 38 32 83 86 36 3h 82 38 73 
78 57 38 43 75 67 34 23 63 62 
32 72 57 36 53 73 57 51 71 27 
26 76 37 31 23 71 67 63 62 32 
36 26 23 63 62 73 67 27 68 28 
78 32 38 28 37 12 1h 1h 15 83 
87 8h 8h 5h 8h 1h 1h 8h 1h 68 
37 63 83 8h 8h 1h 1h 68 6h 1h 
6h 6h 1h 1h 46 4h 14 1h 1h 2h 
7h 1h 7h 7h 1h 4h 62 54 5h 12 
31 3h 23 26 82 83 58 23 62 85 
68 6h 7h 4h 1h 5h 3h 5h 5h 3h 
5h 2h 3h 5h 8h 5h 
