2
6a 54 1b 17 12 57 a1 8a 87 a7 
5a 56 52 58 a5 1a 16 b1 5b a5 
56 b5 4a 5b 45 a5 2a 21 42 47 
a2 4a 4h 46 21 a1 4a 24 26 2h 
28 24 a2 4a 46 a4 2a 46 16 14 
64 61 41 a2 46 74 8a 16 47 84 
a4 8a 86 38 b6 8b 83 b3 68 6b 
61 b1 81 8b a8 4a 48 a8 2a 24 
26 a4 b6 7a 37 3b 38 b8 3b 32 
a8 3a 3h 3h 4h 1h 4h 6h 6h b3 
a3 1b 16 14 64 61 41 46 16 b6 
8a 78 a7 1b 14 b4 1a 13 a3 15 
1h 4b 4h b1 6a 61 a1 6b 63 b3 
1a 13 a3 1b 64 61 41 6a 64 62 
42 54 a2 45 64 65 6a 64 67 86 
a7 68 56 6a 56 57 67 16 12 71 
75 15 71 78 18 51 58 18 71 62 
76 16 71 a8 17 61 67 36 17 31 
61 76 1a 13 71 61 36 a6 5a 65 
63 76 53 75 65 16 15 71 65 76 
16 71 7h 78 73 75 37 7h 37 8h 
73 57 3h 75 37 3h 32 8h 23 7h 
27 8h 37 8h 73 72 37 85 7h 87 
7h 27 5h 72 87 3h 78 37 58 73 
57 87 85 75 78 37 58 73 57 87 
23 7h 75 27 7h 37 32 72 37 34 
53 74 57 37 53 56 75 73 47 53 
45 75 87 3h 78 37 36 53 76 47 
86 57 85 65 68 41 64 84 54 37 
83 53 45 53 45 48 34 38 48 74 
53 75 45 34 36 53 46 84 46 84 
35 13 73 67 74 87 67 47 46 74 
46 74 78 37 31 83 71 87 37 53 
47 84 35 63 7h 36 73 74 17 bh 
34 53 57 45 37 43 53 75 48 14 
5b 35 38 73 41 84 54 85 37 43 
45 14 7h 74 57 37 43 58 25 41 
84 2h 31 73 74 17 34 13 73 47 
4h 48 34 31 83 41 64 38 63 43 
84 2h 21 7h 37 36 13 76 17 37 
13 72 73 67 23 6h 48 34 42 34 
31 63 68 38 13 43 24 4h 34 31 
83 41 84 34 83 68 36 43 48 14 
38 13 43 84 86 46 34 31 83 21 
42 14 38 13 43 84 3h 23 21 31 
32 13 32 63 64 68 48 46 84 21 
48 24 14 86 12 8h 21 6h 41 42 
14 68 1h 21 1h 86 8h 68 1h 86 
ah 61 5a 16 ah 68 7a 86 ah 65 
3a 56 bh 61 4b 16 ah 67 7a 6h 
bh 2b ah bh 
