1
8h 17 1a 71 81 a1 41 7a 7h 67 
68 64 67 63 a3 6a 26 24 62 86 
84 83 58 64 56 53 5h 1h 54 13 
a5 75 6a 46 31 57 64 36 16 13 
63 61 46 31 75 64 76 56 57 67 
65 36 16 13 63 61 46 31 64 36 
75 63 76 56 74 54 64 65 13 16 
45 36 31 61 63 13 26 54 24 64 
56 31 52 62 13 45 31 46 56 35 
42 15 13 53 51 24 65 42 31 62 
52 13 46 31 45 65 13 16 36 31 
61 63 13 56 31 54 64 13 35 36 
56 13 35 65 61 51 36 15 16 56 
13 53 63 65 35 61 31 51 53 13 
46 31 45 65 13 16 36 31 61 63 
13 56 31 54 64 13 35 36 51 35 
16 15 65 13 63 53 16 1h 1h 35 
18 18 a8 53 41 35 3a 14 31 a1 
51 3a 63 56 16 15 65 61 51 36 
15 a3 51 5a 56 a6 16 45 61 3a 
54 35 38 3h 58 a8 16 45 61 3a 
54 65 15 16 56 51 61 65 15 16 
56 18 58 68 41 86 45 15 81 61 
68 18 16 86 51 68 54 14 35 86 
31 3h 3h 8h 6h 68 63 83 86 36 
38 68 a3 13 41 86 4a 43 68 a3 
13 41 86 8a 14 81 a1 61 8a 85 
16 a5 61 6a 65 a5 15 56 4a 65 
46 51 a6 15 4a 47 51 a7 15 6a 
67 a7 51 46 46 46 15 4a 43 4h 
2h 5h 3h 2h 5h 5h 2h 2h 2h 27 
52 5h 84 58 15 1h 81 48 34 37 
47 84 18 21 28 18 21 21 82 84 
24 72 73 23 42 48 28 72 7h ah 
76 5a 35 32 52 67 85 84 54 76 
35 36 56 37 85 83 53 25 81 26 
56 18 45 81 43 53 18 65 81 62 
52 18 65 81 67 57 18 25 81 27 
57 18 35 81 34 54 18 35 81 31 
51 83 85 8h ah 7h 4h 2h 7h 4h 
4h 6h 35 78 7h 76 7h 5h 72 7h 
7h 8h 1h 6h 7h 1h 6h 6h 1h 2h 
1h 6h 1h 5h 
