2
75 7a 7b 78 71 72 87 b7 8b 86 
81 84 86 86 b8 5b 53 b3 7b 78 
b7 78 37 2b 35 75 a7 5a 53 73 
a7 2a 24 a4 5a 25 62 b4 26 3b 
62 73 a7 26 8a 86 82 a8 86 b8 
5a 5b 51 b1 5b 5h 6h b5 62 3b 
37 26 87 a8 81 b8 62 2a 2b 62 
a2 5a b5 25 26 56 52 65 2b 56 
a5 4a 54 b5 52 a5 62 2b 2a 62 
b2 5b a5 56 75 73 83 4a 48 a8 
5a 85 84 b8 1b 54 b5 6b 51 65 
b5 8b 25 38 a3 6a 61 65 a1 2a 
21 a1 2a 23 2h 38 a2 62 7a 37 
87 83 48 b4 8b 58 73 51 5h 4h 
37 46 81 28 73 b6 5b 65 64 37 
82 a8 3a 38 a8 46 3a 56 a5 6a 
64 a4 8a 85 a5 4a 46 a6 3a 37 
3h 3h 1h 36 3h a3 8a b8 1b 18 
b8 4b 47 b7 8b 81 b1 8b a8 5a 
58 a8 5a 75 74 54 75 78 58 b5 
4b 48 b8 4b 74 a7 3a b3 4b 47 
42 4h 6h 5h 45 46 48 64 68 48 
64 b7 46 24 3b 63 42 64 34 63 
53 45 46 24 56 25 45 84 86 46 
54 52 65 42 64 54 65 86 58 45 
46 24 56 25 45 64 68 48 64 4h 
64 5h 52 75 6h 26 57 15 62 16 
56 15 1h 12 4h 64 65 26 45 34 
2h 61 56 43 54 64 16 12 62 46 
45 24 65 26 46 54 1h 13 23 52 
42 64 63 26 25 12 65 16 43 54 
26 52 42 14 bh 2b 25 12 13 17 
1h 18 16 51 53 65 13 61 64 76 
42 12 71 52 35 61 86 6h 76 5h 
15 16 31 56 35 15 31 ah 13 51 
53 65 13 61 51 35 67 86 6a 76 
8h 53 15 16 31 56 35 15 31 bh 
13 51 53 65 13 61 51 35 67 86 
5b 15 17 81 57 85 15 71 81 87 
17 18 51 61 36 57 85 6h 16 17 
31 67 36 32 62 36 12 31 61 76 
34 73 63 16 58 75 14 31 35 73 
15 71 38 73 13 51 64 56 16 31 
58 65 68 76 58 45 13 41 51 35 
36 43 5h 15 13 81 5h 65 67 36 
57 85 15 81 34 53 51 75 31 73 
64 86 53 85 65 16 1h 15 31 37 
53 17 51 31 73 53 15 87 37 17 
41 57 45 15 71 38 23 5h 32 73 
78 38 73 18 71 31 23 2h 54 15 
17 81 7h 18 41 4h 84 8h 85 8h 
87 ah 78 6a 86 bh 67 26 3b 53 
62 76 68 35 87 ah 76 23 68 4a 
86 24 34 53 21 67 26 57 45 16 
46 74 12 61 51 65 34 13 15 21 
5h 51 45 47 14 57 12 42 6h 75 
71 74 26 51 25 65 16 14 51 64 
15 8h 46 4h 51 47 15 bh 78 3b 
54 87 45 ah 71 6a 53 17 35 bh 
78 5b 87 5h 74 7h ah 4a bh 2b 
ah bh 
