1
45 1a 47 42 14 a1 21 7a 71 a1 
7a 7h 4h 41 71 a7 1a 13 17 37 
a7 1a 12 a2 32 1a 14 15 a4 18 
38 3a 31 31 56 a1 65 31 83 8h 
2h 56 3a 65 38 a3 38 43 56 34 
23 24 3a 65 43 56 a3 5a 51 a1 
61 3a 34 16 a4 61 43 42 16 7a 
32 73 61 72 32 16 a2 61 13 7a 
31 43 73 a3 7a 16 57 58 57 8h 
2h a5 61 4a 45 16 a5 4a 4h 54 
61 8h 8h 2h 45 2h 74 16 8h 3h 
61 47 a4 23 8a 8h 32 3h 6h 6h 
67 67 35 a3 2a 25 a5 4a 24 2h 
32 63 6h 26 8h 62 86 87 28 3h 
23 83 28 21 23 42 34 38 48 24 
2h 82 83 23 72 1h 27 32 38 28 
72 5h 27 82 83 23 52 2h 32 38 
28 72 1h 27 12 2h 12 4h 74 2h 
72 1h 42 84 83 43 24 27 32 47 
34 24 72 71 21 42 48 74 28 52 
2h 82 47 84 24 72 1h 27 12 5h 
21 72 12 17 27 21 42 71 24 72 
12 17 54 2h 45 4h 21 72 48 14 
21 72 76 17 16 76 17 27 82 47 
14 23 62 81 78 27 32 21 62 72 
76 86 28 27 12 87 68 5h 21 62 
72 76 26 51 53 27 32 35 73 63 
86 38 25 62 15 86 18 74 17 34 
63 34 63 43 24 62 71 37 81 48 
73 47 37 32 73 32 43 51 36 53 
76 27 76 17 82 18 73 17 87 28 
75 35 62 86 28 37 23 83 58 8h 
38 32 63 32 63 83 78 71 37 23 
81 38 73 27 87 38 32 63 7h 82 
58 34 13 81 28 24 15 87 18 26 
52 38 73 85 46 36 43 73 28 63 
6h 37 32 72 87 81 28 71 67 34 
53 46 27 12 87 18 64 81 58 28 
72 31 83 74 76 47 27 42 38 73 
72 17 26 36 83 78 17 24 37 8h 
72 43 71 67 63 73 17 28 62 71 
37 32 81 34 23 73 17 85 38 75 
83 26 17 7h 38 42 67 83 58 26 
52 82 38 37 23 87 68 84 32 46 
4h 28 73 74 34 63 76 82 6h 47 
28 36 82 74 5h 43 28 67 47 37 
82 ah 25 21 51 7a 14 7h 13 76 
31 41 68 ah 12 15 86 51 21 1a 
67 1h 76 ah 63 3a 6h ah 1a ah 

