0
1h 8h 25 2h 61 64 67 27 87 68 
26 26 2h 4h 25 82 42 45 35 85 
83 84 83 28 25 12 85 15 78 25 
72 76 26 72 86 78 78 7h 7h 7h 
5h 28 37 32 36 26 76 52 57 5h 
51 27 52 54 24 32 38 31 3h 13 
14 34 31 41 43 13 14 34 31 73 
74 57 34 53 52 32 72 45 43 47 
37 13 41 34 73 71 47 17 37 57 
43 42 75 32 12 73 72 32 63 52 
71 67 37 25 23 21 31 51 73 76 
36 47 43 4h 15 1h 12 34 53 74 
52 32 47 53 5h 5h 2h 74 27 21 
2h 2h 3h 4h 23 71 47 32 43 73 
67 64 6h 74 27 23 73 67 68 6h 
78 27 2h 25 32 37 27 32 35 73 
72 32 75 83 27 25 38 75 13 17 
37 13 15 1h 35 13 1h 81 8h 2h 
12 18 28 61 6h 62 36 73 7h 47 
4h 48 4h 3h 7h 5h 5h 8h 5h 8h 
5h 8h 5h 1h 6h 2h 8h 5h 8h 5h 
5h 8h 6h 8h 
