1
3h 8h 48 24 3a 63 6h 3h 26 31 
a3 4a 42 a2 52 34 6a 64 a4 6a 
68 61 85 a6 7a 87 57 58 78 51 
53 58 57 a5 87 5a 85 75 78 58 
57 87 a5 78 4a 43 a3 87 4a 78 
48 43 a8 48 46 56 85 7a 58 75 
a5 4a 14 13 43 54 57 85 47 84 
54 85 87 57 45 47 84 57 85 45 
14 17 47 54 58 75 48 74 54 35 
34 54 35 37 57 45 47 57 45 43 
84 53 85 45 74 73 43 54 58 75 
48 74 54 35 34 54 35 37 57 45 
47 57 45 43 84 53 85 45 64 61 
41 74 73 43 54 58 75 48 34 35 
37 57 47 84 53 85 45 74 73 43 
14 16 46 54 58 75 48 74 54 35 
34 54 35 37 57 45 47 57 45 43 
84 53 85 45 74 73 43 54 58 75 
48 74 54 35 34 54 35 37 57 45 
47 57 45 43 84 53 85 45 a4 8a 
84 86 24 a8 42 7a 73 24 a3 42 
5a 58 45 25 24 54 52 75 a8 57 
85 42 58 35 5a 85 24 58 75 35 
37 57 53 85 42 a7 58 75 73 53 
25 7a 54 75 a5 42 3a 35 a5 24 
3a 37 a7 42 5a 57 24 a7 42 5a 
53 75 a3 24 73 53 75 8a 57 85 
42 58 45 25 24 54 52 75 a8 57 
85 42 58 35 5a 85 24 58 75 35 
37 57 53 85 42 a7 58 75 24 57 
25 5a 25 26 56 85 24 58 75 73 
53 75 a6 57 85 7a 58 75 a5 4a 
46 a6 5a 57 85 a7 58 75 8a 57 
85 a5 4a 42 84 a2 48 74 4a 74 
a4 5a 58 75 a8 57 85 7a 58 75 
a5 7a 78 a8 4a 45 84 87 47 84 
a5 48 54 8a 45 84 a4 7a 74 a4 
7a 78 a8 4a 48 a8 4a 47 84 a7 
48 74 5a 47 84 87 47 54 a4 7a 
78 a8 5a 58 75 a8 57 85 7a 58 
75 a5 4a 48 74 7h 7h a8 7a 76 
87 a6 78 17 5a 54 85 a4 58 15 
14 5a 15 1h 3h 38 6h 83 8h 6h 
ah 1a 31 38 18 21 3h 12 81 3h 
18 31 34 14 81 3h 18 21 31 37 
63 8h 36 13 12 81 32 83 84 13 
81 41 48 18 14 81 62 14 31 34 
83 14 81 26 18 21 38 23 13 61 
3h 16 81 32 83 13 81 3h 31 63 
62 32 83 6h 38 13 18 21 38 23 
26 36 83 16 81 31 83 1h 13 81 
85 15 81 8h 38 35 23 85 28 26 
27 42 38 43 23 82 3h 28 42 32 
83 8h 28 24 72 84 78 28 42 6h 
24 82 87 48 27 42 82 48 45 85 
28 25 42 85 48 28 42 41 84 82 
78 42 74 84 28 6h 82 48 47 24 
87 28 48 74 21 72 5h 42 84 81 
58 8h 68 63 83 28 27 12 42 34 
36 46 14 6h 87 28 24 72 84 78 
28 62 2h 42 6h 36 13 5h 31 43 
23 82 41 34 31 63 41 64 34 63 
87 68 38 43 48 74 24 82 51 46 
86 26 12 25 12 36 13 23 12 84 
38 32 43 82 18 34 53 3h 23 81 
28 21 52 35 13 28 12 8h 83 58 
6h 85 38 32 63 64 34 23 83 48 
21 62 42 46 26 86 38 24 12 83 
58 8h 48 6h 84 38 32 43 82 68 
47 64 36 53 25 32 73 43 64 83 
68 48 34 4h 54 4h 24 45 24 21 
82 38 23 52 51 2h 82 15 41 34 
23 48 8h 52 54 14 87 48 37 84 
18 28 42 41 74 81 28 72 42 84 
85 28 83 18 85 18 27 32 76 26 
52 48 54 24 82 63 2h 42 36 37 
63 37 63 81 45 36 7h 68 7h 14 
53 24 35 5h 42 86 45 7h 63 58 
81 21 36 5h 14 17 68 47 86 ah 
62 2a 73 71 31 1h 15 5h 6h ah 
1a ah 
