2
16 3a 5b 74 76 75 71 62 a1 6a 
63 a3 7a 52 53 76 a7 87 87 82 
5a 54 56 57 b8 6b 65 b5 6b 64 
62 61 a1 6a b6 5b 56 45 46 b4 
2b 54 a5 8a 46 b8 64 2b 23 b3 
46 2b 83 64 a8 46 2a 2h 3h 2h 
8h 27 52 35 64 53 65 45 46 56 
54 35 64 53 a5 46 3a 64 b5 46 
4b 35 a5 3a b4 64 3b 37 46 b7 
64 3b 3h 34 83 a7 3a 37 36 86 
57 a5 38 53 75 37 83 8a 58 75 
87 18 13 83 58 75 87 48 64 86 
58 75 87 28 26 86 38 3h b2 8b 
58 75 87 18 31 53 75 37 63 64 
34 53 75 37 13 81 58 75 87 a8 
38 13 8a 31 43 46 36 13 a1 5a 
18 31 83 75 a7 38 63 3a 63 a3 
8a 18 a1 5a 75 a7 8a 18 a1 4a 
64 a6 8a 18 a1 5a 75 a7 8a 18 
a1 3a 36 53 75 37 83 18 31 83 
64 a4 38 53 75 37 63 3a b3 1b 
a6 81 8a 58 75 87 48 46 86 58 
75 87 18 b1 8b a8 18 8a b1 5b 
75 b7 18 8b a1 2a 18 b1 6b 64 
b4 8b 18 a2 1a 14 a4 84 3a 43 
b4 3b 53 48 35 43 83 84 38 84 
78 7h 43 b4 8b 38 43 84 38 3h 
53 57 37 53 5h 45 84 18 14 14 
4h 45 5h bh 5b 45 41 51 45 4h 
46 1h 64 3h 43 15 1h 36 43 18 
71 63 17 61 31 36 43 16 13 41 
b5 63 3b 14 31 34 53 14 51 31 
43 64 36 13 15 41 35 43 13 51 
b3 15 31 4b 13 41 b1 36 4b 43 
46 4h 48 48 42 64 ah 43 64 5a 
46 54 53 75 5h 35 36 56 35 46 
34 54 15 35 43 45 74 35 73 72 
32 53 42 54 34 53 51 45 43 74 
4h 34 54 15 35 43 45 74 35 73 
43 54 4h 34 37 53 47 54 34 23 
3h 43 45 74 35 73 43 54 3h 38 
73 45 74 34 83 6h 38 43 47 54 
37 53 43 74 51 35 31 73 84 83 
43 48 34 48 34 37 13 53 15 47 
34 35 73 45 74 34 83 ah 38 43 
47 54 37 53 43 74 51 35 31 73 
84 83 43 48 34 48 34 37 13 53 
15 47 34 35 73 45 74 34 83 3a 
43 47 54 37 53 43 74 51 75 85 
48 34 31 23 3h 23 3h 23 6h 32 
53 57 15 45 14 37 53 54 75 34 
73 53 45 2h 54 35 37 43 57 45 
35 73 41 74 84 38 53 51 25 24 
54 15 35 43 48 38 53 51 45 72 
17 37 13 54 75 73 27 6h 53 45 
47 34 57 35 45 84 87 47 54 53 
75 43 74 54 65 5h 45 47 34 57 
35 45 84 7h 48 54 78 45 74 31 
53 51 75 31 83 85 35 13 48 54 
48 54 57 15 35 13 47 54 53 75 
43 74 54 35 72 47 42 34 54 25 
75 87 7h 47 43 24 63 76 57 54 
35 74 37 57 45 31 73 71 47 31 
83 42 84 37 23 74 73 47 82 42 
34 72 67 16 71 27 23 28 48 34 
54 15 78 67 56 15 75 47 43 14 
83 78 57 54 35 74 37 57 65 5h 
75 73 47 76 87 58 35 75 47 41 
54 71 87 61 78 67 53 85 43 14 
16 46 14 74 37 53 85 75 47 41 
54 71 87 45 64 4h 54 57 15 47 
14 54 75 37 53 45 41 74 51 75 
45 14 72 57 35 73 67 46 14 74 
57 52 35 7h 47 53 25 35 41 54 
71 37 45 24 74 57 53 65 5h 45 
73 67 42 34 52 35 42 64 74 17 
74 17 53 45 41 51 35 74 17 74 
17 16 21 53 25 13 21 51 45 57 
45 75 74 57 74 17 56 45 56 45 
71 37 71 37 54 15 13 71 53 4h 
37 71 1h 15 37 53 71 3h 15 67 
64 74 67 51 45 47 13 46 74 54 
35 32 18 7h 43 21 87 46 36 18 
57 ah 64 4a 73 81 65 64 54 72 
18 38 4h 25 87 81 58 78 12 2h 
83 85 52 32 46 8h 27 21 65 71 
56 ah 63 3a 14 12 42 2h 28 8h 
6h ah 2a ah bh 
