1
1a 1h 31 38 73 76 32 35 a5 8a 
82 84 a2 7a 72 32 78 a7 6a 64 
a4 64 6a 6h 61 31 65 36 3h 4h 
2h 83 86 84 83 a8 3a 36 a6 5a 
53 a3 5a 51 86 a1 8a 38 31 23 
28 21 81 82 a8 3a 13 68 32 a2 
1a 13 a3 2a 23 a3 86 8a 28 21 
81 a8 3a 31 a1 8a 38 32 73 82 
68 37 a3 83 6a 68 65 85 a5 35 
28 53 8a 35 28 53 a8 35 2a 27 
2h 67 53 56 36 35 65 13 56 18 
38 65 a3 56 8a 81 a1 65 6a 16 
18 68 16 13 63 86 83 63 86 81 
38 61 36 86 38 13 81 68 63 56 
83 58 68 36 31 61 86 85 38 65 
36 86 18 16 86 18 13 83 68 63 
83 68 61 36 81 58 63 56 86 58 
57 87 68 67 36 87 38 81 48 4h 
61 46 47 67 16 13 63 76 74 64 
a6 76 8a 68 87 38 31 81 48 47 
87 48 45 4h 4h 86 18 1h 6h 48 
74 7h 1h 31 3h 76 7h 3h 83 75 
7h 38 63 65 26 35 23 21 2h 82 
81 58 21 52 82 58 57 87 28 27 
52 87 48 47 87 58 56 48 54 58 
65 68 16 58 15 65 a6 5a 51 75 
a1 57 15 4a 74 51 75 45 a4 6a 
76 74 7h 8h 64 56 54 15 64 16 
56 45 72 7h 54 65 61 46 51 45 
73 54 25 23 42 62 46 53 25 26 
42 56 15 24 12 52 45 43 24 53 
15 42 14 54 25 24 62 54 65 63 
16 25 12 62 56 53 45 63 26 54 
15 1h 1h 7h 62 46 58 45 65 46 
42 54 56 25 46 24 54 65 28 62 
52 45 65 26 25 12 1h 65 16 1h 
1h ah 5h 5h 3h 5h 3h 5h 3h 4h 
3h 3h 8h 3h 8h 3h 3h 2h 7h 8h 
1h 8h 3h 8h 8h 6h 
