1
1a 71 57 81 a8 7a 73 a3 8a 87 
a7 3a 34 38 a4 2a 24 a4 2a 25 
27 37 31 35 24 2h 1h a2 3a 32 
38 23 28 38 12 a3 1a 13 a3 2a 
32 a2 3a 31 a1 53 2a 21 a1 35 
8a 82 13 a2 8a 31 83 a3 2a 23 
52 a3 6a 25 62 6h 4h 1h 3h a4 
2a 72 a7 8a 81 a8 7a 27 a2 6a 
67 65 72 86 85 65 a6 86 3a 38 
a8 35 83 85 28 35 43 87 48 45 
85 48 35 73 5a 84 58 54 84 58 
37 43 48 38 53 43 45 35 34 53 
34 53 43 45 35 72 a8 27 34 53 
34 53 43 45 35 72 3a 43 a3 27 
2a 52 23 52 54 24 52 34 25 32 
35 83 25 82 32 53 84 83 58 43 
85 28 23 52 83 58 28 42 48 28 
42 45 25 82 85 25 42 4h 46 a6 
76 2a 72 62 67 27 26 52 76 25 
a2 67 5a 58 76 a8 67 1a 12 1h 
76 a2 67 8a 85 76 a5 67 1a 17 
21 a7 12 5a 58 21 a8 2a 27 52 
a7 17 3a 25 32 38 28 52 71 25 
32 35 83 25 82 32 53 85 38 53 
17 35 23 25 82 52 58 32 53 83 
85 35 38 53 38 53 83 85 35 71 
a2 53 58 38 35 13 5a 37 83 85 
35 83 a3 71 8a 48 a4 17 3a 34 
53 54 34 23 a5 45 3a 53 34 53 
43 45 35 34 53 34 53 71 35 23 
24 17 25 42 32 53 45 34 53 71 
35 23 25 42 35 43 23 52 53 23 
52 54 17 a3 45 2a 52 24 52 42 
45 25 24 52 71 a2 17 8a 58 71 
85 28 24 52 84 58 17 85 38 25 
32 34 24 52 84 58 28 52 71 25 
32 38 53 28 42 35 43 23 52 17 
25 82 42 48 28 24 52 84 25 32 
71 48 38 53 28 42 35 43 23 52 
17 25 42 45 25 32 35 83 25 82 
32 53 83 85 35 38 53 71 38 23 
28 52 38 53 23 52 54 24 52 17 
25 32 34 73 24 62 37 63 23 52 
71 25 a2 17 3a 36 83 a6 71 5a 
38 53 52 32 83 a2 17 5a 38 53 
71 a3 53 5h 17 1h 4h 1h 1h 8h 
7h 13 51 5h 8h 8h 7h 8h 8h 1h 
7h 4h 4h 4h 7h 8h 7h 8h 6h 7h 
4h 7h 7h 3h 25 2h 2h 7h 2h 61 
6h 6h 78 74 7h 5h 1h 7h 3h 8h 
7h 3h 4h 3h 
