2
76 78 71 8a 7b 73 71 36 a8 63 
67 7a 67 a7 6a 68 b8 64 7b 74 
37 b4 74 8b a7 87 1a 43 b7 8b 
86 b6 7b 76 b6 34 8b 83 a1 4a 
34 a3 7a b7 8b 86 85 18 58 76 
37 43 b8 74 67 1b 17 b7 3b 71 
43 b4 7b 76 b7 8b 76 a7 3a b8 
6b 43 a4 3a b6 1b a3 7a b7 8b 
71 87 b7 3b 43 b4 81 78 4b 75 
85 a7 34 18 16 8a 58 a6 4a b3 
56 86 48 4b a8 7a 47 b7 8b 87 
18 37 b3 1b 1h 18 58 41 64 68 
48 46 86 6h 4h 4h 47 43 42 14 
3h 41 34 74 73 43 47 14 37 41 
64 6h 73 b2 37 8b 48 54 57 7h 
73 bh 37 1b 3h 35 13 18 31 32 
12 81 1h 81 86 16 81 1h 31 31 
7h 75 7h 8h 38 23 7h 32 b2 72 
37 3b 63 6h bh 3b 63 a1 36 23 
3a 23 27 37 63 a7 36 23 28 38 
63 3a 63 a3 6a 64 a4 3a 34 63 
61 31 63 a4 36 23 6a 32 63 a3 
6a 6h 86 82 62 56 5h 57 85 28 
25 85 18 13 83 58 52 82 b8 6b 
26 25 65 36 31 61 56 52 62 a6 
8a 28 25 85 38 36 23 86 28 38 
23 28 26 21 58 3h 23 85 3h 83 
2h 52 58 23 52 38 32 53 58 45 
4h 41 ah 14 5a 45 51 45 46 74 
56 75 78 58 75 48 64 14 16 46 
41 24 61 74 67 54 65 75 47 23 
42 43 64 23 52 73 67 25 62 72 
57 54 25 74 37 52 15 4h 51 25 
26 42 56 35 75 37 24 52 57 35 
2h 42 46 84 53 85 5h 35 2h 72 
75 67 25 62 72 57 2h 75 67 27 
52 bh 25 72 76 57 26 52 72 67 
53 65 4b 24 23 82 43 84 24 32 
75 37 87 28 42 47 34 78 28 72 
43 54 73 87 82 83 23 73 87 27 
82 56 75 72 37 52 35 75 27 46 
54 57 25 47 34 52 35 45 74 75 
45 24 74 57 54 74 57 52 45 72 
47 57 45 43 74 75 27 45 64 3h 
38 28 78 57 58 78 67 47 14 5h 
75 41 84 57 85 45 74 23 82 47 
54 52 85 7h 42 34 54 25 83 43 
48 24 54 85 23 42 43 14 23 12 
42 34 58 35 8h 45 24 21 52 41 
34 25 32 76 37 27 62 47 54 57 
15 47 14 54 75 26 12 ah 57 45 
42 74 52 75 45 24 4a 24 21 52 
41 74 54 15 5h 65 4h 56 75 45 
64 73 57 53 15 73 17 46 14 46 
14 64 74 37 54 35 38 58 45 78 
47 46 76 87 56 85 75 87 4h 54 
57 65 47 64 54 75 3h 43 57 65 
61 51 34 bh 75 73 78 17 53 45 
47 34 57 85 16 35 73 45 74 76 
34 2b 47 53 52 74 67 32 43 47 
64 58 75 41 24 71 87 51 31 42 
78 15 1h 23 84 17 32 13 73 27 
24 32 74 23 1h 37 36 76 ah 42 
41 63 67 14 24 37 5a 71 76 16 
bh 42 43 65 67 34 24 57 4b 41 
73 76 36 14 4h 62 65 48 56 26 
ah 67 63 81 73 18 3a 84 36 48 
6h 85 8h bh 5b ah 6a bh ah 
