1
31 3a 75 a6 7a 56 76 7h 36 23 
26 2h 21 26 25 26 32 86 23 83 
8h 8h 84 32 13 21 72 7h 37 13 
71 47 42 72 37 13 71 57 54 85 
74 38 13 81 67 68 78 65 37 56 
13 71 87 65 85 75 38 13 81 67 
68 78 37 64 13 71 46 87 64 84 
74 38 13 81 67 68 78 37 13 71 
67 6h a6 3a 13 a1 8a 87 a7 18 
3a 81 38 32 82 12 a1 68 63 83 
58 3a 85 38 a8 2a 12 a1 8a 83 
a3 48 8a 28 12 81 48 47 87 a7 
38 8a 38 a8 2a 12 a1 8a 83 a3 
38 5a 83 58 57 87 a7 38 8a 38 
a8 2a 12 a1 8a 83 a3 48 4a 46 
a6 86 38 8a 38 48 42 4h 4h 32 
43 84 82 42 38 34 3h 2h 7h 7h 
84 75 a2 57 63 75 68 38 63 57 
5a 36 53 5h 7h 45 a3 54 8a 86 
45 a6 54 68 45 4a 86 34 73 47 
28 24 84 38 73 87 28 21 2h 81 
48 41 81 74 7h 76 38 43 74 64 
67 47 46 76 34 83 a8 58 4a 85 
34 67 58 37 47 85 63 58 64 34 
85 73 58 a7 85 3a 58 43 46 36 
85 54 53 5h 48 74 83 a7 38 5a 
83 75 47 38 14 1h ah 83 4a 38 
74 57 83 15 1h 7h 2h 47 38 14 
12 1h 1h 7h 2h 1h ah 18 5a 25 
28 58 25 23 53 62 65 25 72 7h 
7h 3h 57 56 76 15 67 17 27 62 
61 21 62 86 8h 1h 1h 3h 1h 3h 
61 68 6h ah 5h 4h 7h 1h 7h 7h 
8h 7h 8h 7h 8h 2h 8h 
