2
4h 8a 6b 46 48 4h 46 47 5h 53 
43 74 87 48 34 b2 43 74 87 48 
74 6b 87 48 64 b4 7b 87 b8 6b 
65 15 a6 7a 87 a8 2a 21 21 1h 
a1 3a 32 a2 7a 87 a8 2a 23 a3 
2a 25 b5 7b 87 b8 4b 45 34 b5 
43 54 3b 45 34 b4 7b 87 b8 6b 
62 b2 7b 87 b8 4b 43 84 b3 78 
47 54 1b 45 74 87 48 14 16 46 
34 b1 43 74 87 48 54 4b 34 16 
43 74 87 48 14 64 12 13 b5 46 
4b 74 87 48 14 17 31 34 14 81 
71 78 18 17 41 43 13 b1 61 4b 
34 16 43 a4 61 3a 87 b4 78 7b 
16 a3 61 1a b7 87 3b 34 78 b4 
87 3b 78 a1 87 7a 16 b3 61 7b 
87 b8 16 7b 61 a8 16 1a 31 b7 
87 13 21 1b 21 b1 78 2b 87 27 
b2 7b 78 b8 28 1b 82 12 31 b2 
13 41 43 13 21 2b 28 b8 18 31 
34 14 61 1b 61 a6 8a b6 8b 82 
61 b2 16 3b 61 a2 16 7a 61 b3 
16 8b 61 a7 87 1a 78 b8 1b 61 
a1 8a 87 a7 6a 62 a2 3a b2 12 
3b 34 32 64 76 78 68 26 21 61 
86 87 67 a6 7a 78 a8 1a 12 a2 
1a 81 87 17 b1 61 26 6b 76 78 
68 26 b6 8b 87 b7 2b a2 7a 78 
a8 6a 62 76 a2 67 26 7a 62 76 
a6 3a 3h 2h 7h 76 86 7h 37 68 
3h 73 78 72 87 86 37 63 2h 38 
63 2h 83 86 36 38 63 2h 38 63 
5h 83 86 36 38 63 ah 38 63 8a 
86 38 23 bh 32 63 8b 38 63 a8 
36 83 86 36 83 8a 8h 87 87 27 
8h 78 8h 78 8h 78 5h 28 27 87 
8h 28 26 54 86 28 45 2h 42 7h 
76 24 52 67 5h 24 52 76 25 72 
78 57 28 52 51 72 57 68 5h 57 
85 74 56 85 65 68 58 56 85 47 
7h 58 65 7h 17 56 85 56 25 27 
82 57 85 25 62 2h 52 58 75 28 
72 52 85 71 87 57 45 5h 75 78 
17 68 56 85 71 87 57 25 21 72 
78 67 28 62 72 87 51 25 72 67 
28 63 27 62 32 36 73 53 85 72 
87 37 38 23 41 32 63 5h 75 58 
25 75 87 75 87 14 23 26 12 78 
57 78 57 53 15 25 82 27 82 72 
78 27 78 57 23 82 23 12 52 85 
35 38 72 47 7h 57 83 75 47 5h 
58 25 54 25 45 74 87 21 32 28 
32 82 83 58 51 25 81 38 72 37 
58 25 82 87 68 36 73 78 17 86 
53 15 75 27 26 12 76 57 52 15 
42 74 37 51 25 73 27 57 65 5h 
35 56 75 72 17 52 65 71 67 57 
15 36 73 36 23 51 25 35 13 23 
62 2h 52 53 65 23 62 72 37 43 
74 27 52 45 5h 45 5h 25 72 37 
34 74 37 5h 65 31 23 71 47 56 
45 75 67 28 42 76 17 21 42 72 
17 86 36 53 14 57 65 72 32 63 
74 67 86 48 37 43 83 78 86 56 
3h 28 25 23 53 65 83 68 24 58 
41 3h 32 15 35 25 82 87 68 78 
76 87 34 27 41 7h 53 52 32 13 
78 27 23 82 73 67 27 32 51 75 
14 34 24 76 56 31 42 2h 17 65 
63 42 27 42 36 24 56 7h 63 42 
74 21 38 8h 15 67 42 21 54 76 
8h 63 3h 12 45 51 2h 17 74 1h 
48 6h 84 bh 43 3b 4h bh ah 
