1
5a 52 42 53 53 51 41 74 58 75 
a8 7a 76 73 a3 6a 78 67 a7 5a 
75 65 6h 6h 2h 76 57 56 25 76 
27 21 28 57 a2 6a 65 a5 6a 61 
67 16 a6 5a 56 a6 15 1a 12 48 
a2 52 6a 65 a5 6a 62 a2 56 52 
62 3a 32 a2 35 26 25 65 36 26 
23 63 84 62 56 53 52 85 63 86 
56 8a 85 a5 46 3a 32 64 a2 6a 
65 a6 65 36 45 63 26 6a 36 26 
23 63 62 a6 54 32 62 76 6a 76 
a6 45 7a 37 54 73 27 23 73 87 
84 a4 3a 32 a2 6a 64 36 a4 63 
56 3a 65 36 a6 2a 26 a6 2a 23 
a3 6a 63 a3 6a 62 36 a2 63 26 
3a 36 32 62 63 26 63 a6 63 26 
6a 26 a6 3a 36 a6 3a 32 a2 6a 
62 a2 6a 63 a6 63 56 7a 57 67 
a6 2a 23 a3 5a 56 a5 56 35 32 
52 35 5a 35 a5 7a 76 a7 76 57 
53 25 73 27 57 25 3a 52 35 25 
23 53 52 a5 32 53 75 73 27 53 
25 75 37 35 75 37 32 72 57 52 
72 57 53 25 27 3a 57 25 23 53 
75 73 53 25 a5 3a 75 27 28 78 
57 a3 75 37 35 75 37 3a 38 a8 
78 37 36 53 58 38 7a 87 85 73 
27 21 71 87 57 58 78 38 3h 75 
17 12 72 37 3h 3h 13 1h 5h 5h 
51 25 23 53 25 27 57 25 27 23 
a2 5a 35 37 57 15 17 57 35 31 
63 51 65 35 a3 2a 62 63 23 52 
53 15 23 12 52 a5 2a 21 32 a1 
23 82 2a 82 a2 8a 87 a7 2a 27 
12 a7 21 32 5a 35 25 32 36 26 
52 56 15 26 12 52 a5 3a 23 21 
62 31 63 23 a2 3a 36 13 a6 31 
83 2a 42 38 43 23 42 46 4h 26 
32 36 13 26 12 32 a3 2a 21 62 
a1 26 12 5a 85 21 82 52 85 81 
51 25 21 62 51 65 38 63 6h 1h 
25 12 64 6h 21 52 53 15 23 12 
52 65 68 58 25 21 32 51 35 25 
42 48 28 52 53 15 23 12 52 45 
46 4h 7h 45 24 21 32 41 34 24 
a2 52 4a 43 64 a3 25 4a 14 52 
41 64 62 16 42 14 64 16 a2 61 
36 3h 6a 46 41 84 61 86 82 62 
16 42 14 64 a6 3a 43 41 84 31 
83 43 84 82 48 14 a2 41 34 38 
13 48 14 34 13 6a 16 36 43 46 
14 36 13 18 43 14 1h ah 7h 7h 
2h 7h 2h 7h 7h 7h 2h 6h 8h 2h 
6h 6h 8h 2h 7h 8h 7h 8h 7h 8h 
7h 5h 7h 2h 6h 2h 3h 2h 3h 2h 
2h 4h 
