1
7h 18 23 2h 4a 57 23 a5 7a 74 
a4 6a 68 a8 5a 58 a8 2a 21 a8 
2a 28 a2 3a 37 32 38 18 72 a2 
4a 42 a2 6a 36 35 36 37 47 14 
32 84 83 81 43 41 31 34 14 a3 
41 4a 48 a8 18 4a 81 41 42 43 
a3 14 18 48 14 1a 13 14 84 a3 
48 4a 43 a3 83 84 34 38 48 43 
83 74 4a 34 48 34 84 83 43 48 
74 a4 38 7a 83 72 7h 17 12 12 
71 74 87 14 81 26 37 31 71 62 
38 78 17 78 17 26 71 27 67 62 
72 76 17 13 81 17 81 71 78 17 
78 37 17 81 17 81 26 83 13 71 
13 71 62 17 81 37 18 a1 26 3a 
38 62 a8 78 26 7a 73 57 a3 83 
62 75 87 37 38 78 73 87 73 87 
37 38 26 7a 73 87 62 78 67 27 
26 76 72 87 38 73 87 62 a7 26 
5a 73 78 37 62 73 57 52 15 31 
a7 13 61 1a 61 a1 38 6a 6h 67 
36 86 83 63 68 26 21 61 86 36 
38 68 63 16 83 61 86 36 38 68 
63 a6 83 1a 12 38 a2 83 1a 16 
31 a6 13 81 31 38 18 13 61 83 
16 51 5a 57 85 35 38 58 53 25 
26 56 85 53 85 35 38 58 53 65 
83 56 a5 38 15 61 62 12 61 83 
16 81 31 38 18 13 61 83 16 41 
1a 41 a1 38 4a 83 45 34 a5 48 
34 4a 84 83 43 84 a4 34 3a 38 
a8 48 4a 43 64 a3 46 34 8a 43 
84 38 43 14 15 61 45 64 14 81 
38 13 41 46 84 16 31 18 31 41 
64 a1 46 84 83 43 14 43 14 34 
1a 81 a1 31 3a 38 a8 41 48 14 
48 14 84 81 41 48 14 48 64 4a 
64 a4 81 6a 46 18 64 16 86 81 
61 68 26 24 64 16 68 16 86 81 
61 68 46 18 64 a6 81 2a 26 a6 
18 4a 46 81 a6 18 4a 42 84 a2 
41 84 4a 14 18 48 14 13 61 43 
64 14 61 26 12 41 46 84 16 81 
41 64 62 42 14 18 61 48 64 14 
81 83 13 41 46 84 16 81 41 64 
a1 46 14 34 31 41 43 14 43 64 
4a 64 a4 31 6a 46 13 64 16 36 
31 61 63 26 24 64 16 63 16 36 
31 61 63 46 13 64 a6 31 2a 26 
a6 13 4a 46 31 a6 13 4a 42 34 
a2 41 34 4a 14 13 43 14 18 61 
48 64 14 61 26 12 41 46 84 16 
81 41 64 62 42 14 18 61 48 64 
14 81 a1 31 4a 13 46 14 18 61 
48 34 48 34 84 83 43 16 81 41 
34 a6 43 84 1a 14 61 a4 16 41 
31 34 14 13 41 13 61 1a 61 a1 
34 6a 46 63 46 36 34 64 63 26 
21 61 46 63 46 36 34 64 63 46 
63 a6 34 2a 26 a6 43 1a 16 34 
a6 43 1a 12 31 a2 14 31 1a 41 
43 13 41 48 64 18 61 41 64 26 
42 14 16 81 46 84 14 61 62 12 
41 48 64 18 61 41 84 a4 34 1a 
43 16 41 48 64 18 31 18 31 81 
83 13 46 84 14 31 a6 13 81 1a 
81 a1 34 3a 31 a1 41 4a 43 14 
13 43 14 a4 34 1a 43 18 31 a8 
13 81 4a 41 64 a1 46 34 8a 43 
14 34 31 41 43 84 a4 13 8a 87 
31 a7 13 4a 47 34 a7 41 34 4a 
14 13 43 14 17 61 47 64 14 81 
a7 37 18 41 46 84 16 81 41 74 
4a 34 73 47 64 a3 46 34 8a 47 
84 87 82 8h 85 68 7h 73 7h 86 
38 37 87 68 8h 68 65 36 85 38 
68 36 8h 86 38 5h 83 68 63 56 
2h 65 36 86 38 7h 83 68 63 56 
2h 65 36 86 38 7h 83 68 63 16 
83 58 61 76 7h 63 16 85 38 37 
87 38 61 36 86 38 31 63 68 16 
38 13 63 86 2h 68 36 31 83 61 
86 36 13 83 68 63 56 7h 65 36 
86 38 31 63 68 16 38 13 63 76 
7h 68 36 31 83 87 37 83 86 58 
5h 36 13 2h 31 23 3h 63 6h 61 
56 7h 65 76 6h 16 8h 18 68 56 
7h 37 53 2h 63 86 81 38 28 35 
13 25 85 82 58 82 58 63 56 86 
28 8h 78 8h 68 65 36 31 53 83 
78 61 36 81 58 17 38 13 68 16 
36 73 3h 63 61 86 31 83 63 76 
3h 38 53 67 86 83 18 63 16 86 
38 28 23 83 82 68 61 36 62 36 
81 38 68 16 35 83 85 18 68 56 
36 73 71 31 83 87 68 37 13 86 
18 38 63 65 86 78 67 26 63 56 
26 36 32 63 32 63 65 86 35 73 
81 58 61 56 86 58 37 63 68 16 
38 13 63 26 6h 36 31 83 61 86 
36 73 3h 63 85 78 65 76 74 64 
56 36 53 84 68 14 86 18 35 63 
65 26 65 26 36 53 81 68 85 28 
36 43 3h 63 68 56 35 83 63 16 
82 38 53 85 38 41 64 56 63 56 
86 38 35 13 85 28 41 34 63 68 
56 35 83 63 16 82 38 32 53 32 
53 41 8h 18 84 58 23 85 28 85 
28 58 38 35 83 41 3h 83 64 56 
52 32 53 83 28 62 36 86 48 8h 
68 63 16 83 48 68 26 14 81 14 
31 12 31 61 26 12 61 46 6h 16 
21 35 23 35 23 6h 16 65 46 13 
51 84 13 3h 38 51 85 13 6h 38 
51 56 86 13 3h 68 41 83 48 18 
31 65 15 8h 56 51 87 12 35 65 
5h 58 71 23 14 35 82 5h 26 41 
65 14 5h 43 37 7h 5h 7h 4h ah 
2a ah 
