1
5h 32 17 4a 17 31 52 57 a7 8a 
83 53 63 64 56 5h 15 13 53 a5 
8a 83 84 8h 38 a3 14 51 75 74 
54 35 83 78 3a 87 38 58 a5 6a 
61 36 a1 63 4a 47 a7 36 5a 85 
86 a8 86 78 74 84 78 4a 48 47 
a8 74 5a 75 45 47 57 54 a5 74 
6a 47 56 a5 74 8a 47 87 84 a8 
87 18 8a 18 a8 5a 65 a6 5a 15 
16 56 a5 7a 74 a4 6a 65 a5 8a 
85 a8 85 48 8a 48 a8 7a 47 a4 
5a 51 a1 7a 47 a4 8a 87 a8 74 
84 58 8a 58 a8 5a 45 47 57 a5 
6a 56 a5 8a 86 a8 65 85 78 74 
84 78 4a 48 47 a8 74 5a 56 a6 
47 8a 74 84 87 a8 84 78 8a 78 
a8 4a 48 a8 4a 47 a7 8a 87 a7 
8a 84 a8 84 78 74 84 68 5a 45 
86 28 54 25 85 48 47 87 28 a2 
7a 74 a4 6a 62 a2 4a 47 a7 1a 
12 a2 7a 74 a4 5a 58 75 a8 57 
35 7a 53 75 a5 4a 45 a5 4a 47 
a7 2a 21 a1 7a 74 a4 2a 26 a6 
4a 47 a7 5a 57 a7 6a 62 a2 5a 
54 75 a4 74 54 75 3a 57 35 a5 
4a 47 a7 2a 26 a6 7a 74 a4 1a 
16 a6 4a 47 a7 1a 18 71 74 14 
51 53 75 13 71 51 45 41 51 45 
47 57 15 17 57 15 14 54 21 25 
15 71 74 14 62 a1 61 21 26 16 
23 28 4a 47 a7 61 2a 25 72 74 
24 16 12 62 61 65 21 25 15 42 
47 27 51 52 12 15 25 21 51 72 
74 24 15 12 16 26 56 71 65 72 
12 56 41 65 42 12 56 41 65 47 
17 56 41 65 48 18 56 71 78 18 
21 65 28 18 56 21 65 27 17 56 
32 31 21 52 62 65 25 26 56 12 
65 13 23 71 56 72 12 81 65 82 
12 56 81 65 87 17 56 21 65 27 
17 56 21 65 28 18 56 72 78 28 
65 71 56 72 12 51 61 65 15 16 
56 21 65 27 17 56 42 46 41 42 
47 87 34 78 31 41 87 64 78 65 
45 87 14 78 13 43 87 84 74 78 
48 47 87 34 78 31 41 87 54 78 
56 46 87 14 78 13 43 87 a4 14 
71 7a 18 71 a1 81 3a 34 18 a4 
81 6a 65 18 a5 81 4a 43 a3 18 
1a 17 a7 87 81 7a 78 17 31 34 
14 a8 71 81 87 17 18 78 61 87 
1a 61 78 a1 87 5a 51 a1 78 5a 
56 87 a6 78 1a 16 87 a6 78 1a 
15 87 a5 78 71 81 87 17 18 78 
31 7a 13 71 a1 81 6a 65 18 a5 
81 4a 43 a3 18 1a 17 a7 87 81 
7a 78 17 31 34 14 a8 31 1a 31 
87 a1 78 3a 36 3h 3h 3h 6h 5h 
5h 7h 8h 6h 7h 6h 7h 6h 8h 63 
64 34 63 61 76 72 31 53 5h 54 
5h 51 45 41 51 85 86 8h 56 82 
15 28 14 1h 2h 54 25 27 57 62 
65 68 6h 25 a2 6a 56 58 68 75 
76 56 a5 3a 63 67 37 46 43 63 
41 4h 36 31 61 73 76 36 a3 5a 
65 67 57 46 45 65 42 76 74 64 
56 52 62 75 76 57 45 47 57 14 
15 45 14 12 1h 42 54 52 42 75 
7h 14 16 46 71 74 7h ah 3h 8h 
8h 2h 8h 2h 8h 2h 8h 8h 6h 1h 
2h 5h 2h 8h 6h 6h 2h 8h 8h 2h 
4h 2h 
