0
7h 6h 3h 3h 28 58 32 31 71 73 
76 7h 7h 27 26 76 47 42 76 37 
38 78 27 23 26 25 21 2h 12 73 
17 27 47 12 16 1h 7h 15 26 72 
76 47 4h 47 26 81 82 12 18 17 
1h 28 2h 7h 82 12 81 85 15 21 
25 82 15 81 21 82 84 24 82 83 
84 78 74 57 84 58 78 57 51 71 
87 81 71 58 57 53 87 58 28 72 
73 57 23 52 5h 65 6h 26 56 12 
15 25 12 1h 1h 17 51 52 65 12 
61 64 6h 6h 7h 51 35 37 3h 57 
15 14 71 38 54 75 78 58 37 35 
18 31 51 45 71 31 47 43 73 47 
46 4h 4h 1h 53 65 75 67 64 6h 
74 57 54 74 35 37 57 25 2h 34 
73 74 87 34 83 73 87 81 8h 8h 
68 6h 71 67 86 38 31 63 81 68 
61 6h 5h 4h 2h 4h 4h 1h 4h 1h 
4h 1h 4h 1h 4h 1h 4h 4h 1h 3h 
1h 8h 1h 7h 
