2
3h 1a 3b 3h 1h 83 15 13 18 bh 
5h 1h 8b 81 b1 8b 82 8h 87 a8 
67 27 67 1a 16 a6 17 5a 61 51 
a5 8a 58 54 84 b8 1b 16 b6 a1 
4b 8a 78 b4 7b 72 b2 8b 68 b2 
1b 61 62 12 82 31 38 18 a1 3a 
13 a1 8a 81 b8 4b a1 6a 6h 62 
b4 3b 31 81 73 b8 7b 76 7h 47 
4h b6 36 3b 3h a3 7a 74 78 73 
81 78 67 a4 1a 76 81 a8 1a 17 
87 81 a8 71 4a 87 48 47 84 38 
47 41 45 83 48 45 86 38 71 83 
48 46 34 36 73 46 74 34 13 5h 
31 43 47 24 37 23 26 36 73 46 
74 34 13 a3 53 4a 35 47 34 31 
73 41 24 51 42 54 14 a3 41 85 
38 37 23 87 28 38 13 3a 83 82 
78 32 73 83 28 2h a1 4a 34 37 
23 47 24 34 23 21 21 1h 1h 6h 
1h 6h 68 8h 1h 17 7h 6h 86 18 
7h 87 18 4h 81 78 81 28 25 43 
14 7h 41 34 4h 24 72 57 4h 24 
27 52 47 54 58 75 24 72 52 15 
74 17 57 25 24 72 75 17 25 12 
72 57 52 72 17 54 25 24 54 25 
27 82 5h 15 3h 73 75 47 28 52 
32 43 51 45 35 83 4h 24 21 52 
72 17 54 15 38 43 75 47 37 23 
27 82 4h 54 28 72 32 73 74 87 
34 23 24 62 34 63 23 42 78 67 
24 32 37 83 27 42 51 45 25 72 
38 13 7h 76 57 54 85 74 67 31 
63 73 17 58 45 8h 54 35 36 43 
56 45 35 43 71 57 53 15 73 47 
51 45 75 37 3h 35 13 41 34 53 
ah 35 13 41 34 53 2a 52 32 43 
51 65 6h 34 23 21 62 1h 26 42 
ah 12 7a 27 14 74 67 21 62 68 
28 8h 42 4h 14 1h 41 ah 14 5a 
81 45 25 16 8h 62 ah 51 26 15 
3a 68 ah 52 86 25 7a 61 ah 53 
16 35 5a 68 54 86 ah 62 2a 47 
bh 74 4b ah 4a bh 6b ah bh 
