2
1a 1h 1h 84 8b 87 83 84 83 58 
54 52 a2 72 7a 71 75 87 18 15 
85 65 b8 68 61 6b 67 6h ah 2a 
26 a6 2a 21 a1 6a 61 56 a1 5a 
52 a2 62 7a 76 a6 5a 56 5h 43 
a6 5a 45 35 34 54 53 a5 43 7a 
57 85 b8 5b 34 75 74 54 35 74 
37 57 35 32 32 3h 38 1h 2h 2h 
1h a8 7a 75 47 a5 35 63 4a 45 
36 a5 75 67 4a 73 17 1h 15 a4 
51 7a 47 36 15 74 17 16 18 61 
63 13 61 68 18 31 38 18 21 28 
18 21 23 13 21 62 46 12 41 61 
36 3h 32 53 7h 47 35 43 45 73 
47 41 54 7h 47 75 47 57 ah 75 
4a 45 84 86 46 14 8h 41 64 82 
46 84 24 28 48 42 64 82 46 54 
57 5h 47 14 8h 41 64 6h 62 76 
7h 75 a7 4a b4 74 17 6b 16 76 
47 13 61 63 26 13 21 28 18 21 
68 26 27 67 26 17 21 63 76 42 
74 64 76 72 47 46 24 76 27 47 
64 1h 61 41 74 64 16 14 31 64 
36 16 41 72 37 1h 61 67 46 17 
41 61 76 42 74 64 16 73 47 43 
24 73 87 14 21 64 86 76 47 12 
31 1h 61 68 46 18 31 64 26 74 
37 17 41 62 36 1h 71 76 27 1h 
41 47 34 6h 64 76 16 41 43 54 
72 37 ah 45 64 17 21 46 54 4a 
64 61 86 8h 41 74 73 17 43 14 
74 37 12 31 5h 71 47 42 84 8h 
72 17 13 21 73 27 17 81 8h 17 
21 81 82 12 18 71 72 78 27 17 
21 82 18 71 72 37 12 31 71 27 
28 78 17 13 21 73 27 17 31 1h 
71 72 87 81 71 27 87 82 72 78 
17 12 18 21 71 27 82 78 17 12 
81 21 28 18 78 27 17 31 7h 13 
51 7h 37 15 81 73 87 17 31 3h 
73 78 57 38 53 73 87 bh 78 37 
35 83 75 87 37 83 82 32 73 72 
57 32 53 73 27 6b 36 72 57 51 
37 13 67 26 31 23 5h 63 76 7h 
71 37 32 13 72 17 15 37 8h 71 
23 28 38 23 17 81 83 28 3h 38 
73 75 87 35 78 bh 53 57 37 83 
82 58 4b 24 34 73 78 47 38 74 
ah 83 87 85 37 6a 78 43 56 76 
86 34 bh 47 42 72 1b 68 63 24 
27 36 86 47 ah 71 72 12 6a 23 
6h 28 65 82 32 54 bh 27 21 45 
12 72 2b 56 2h 65 ah 58 8a 5h 
bh 2b ah bh 
