1
4h 1h 85 34 6a 15 87 83 8h a7 
8a 81 a8 4a 48 46 46 51 a8 5a 
54 a4 6a 61 64 14 a4 7a 73 a3 
2a 25 24 52 54 24 51 75 a7 42 
3a 35 24 a5 42 6a 24 64 67 62 
86 84 82 48 68 46 24 62 86 84 
38 42 62 16 83 18 68 26 24 64 
56 53 63 46 42 62 86 81 48 61 
46 86 28 26 86 28 24 84 68 64 
84 68 62 46 48 68 a6 42 3a 35 
24 a5 42 8a 82 a2 84 18 8a 18 
a8 1a 16 13 53 a6 35 2a 24 53 
a4 35 8a 53 86 48 42 82 58 a6 
38 35 16 1h 53 83 85 48 35 84 
38 58 53 83 85 28 24 8a 48 82 
48 35 28 24 84 82 48 53 a8 35 
1a 81 84 38 42 12 41 58 14 31 
51 81 85 48 15 84 28 24 84 28 
51 82 58 53 83 48 13 84 18 38 
31 35 81 85 a8 15 4a 42 51 a2 
15 1a 13 41 a3 53 8a 48 35 18 
41 46 16 21 28 18 21 26 16 41 
53 14 21 2h 35 a2 53 8a 35 86 
8h 81 58 a6 85 38 58 53 83 85 
38 3a 85 38 a8 58 3a 37 3h 3h 
35 3h 23 27 32 53 85 38 63 6h 
27 2h 52 85 28 42 61 24 62 6h 
12 1h 16 21 26 42 16 41 21 52 
85 28 12 14 51 24 52 12 81 28 
25 72 15 71 21 52 85 28 12 17 
61 27 62 12 61 64 14 21 24 52 
85 28 42 12 a1 4a 46 a6 3a 23 
26 42 36 43 23 52 85 28 32 34 
53 24 82 25 72 38 27 a3 82 58 
25 42 5a 24 52 51 21 72 a1 27 
42 3a 43 23 82 18 21 32 34 73 
24 72 32 83 18 31 23 27 82 37 
13 21 82 32 43 85 48 38 23 25 
42 35 43 23 52 15 21 82 83 48 
23 42 82 48 4h ah 7h 6h 14 8a 
58 81 58 48 74 7h 7h 7h 3h a7 
4a 84 85 78 45 74 7h 7h ah 6h 
7h 6h 8h 6h 6h 7h 58 57 87 58 
4a 54 5h 5h 6h 7h 6h 6h 8h ah 
3h 3h 7h 1h 3h 1h 1h 6h 1h 6h 
2h 4h 2h 
