1
17 31 48 7a 75 47 a5 45 4h 46 
4h 1a 12 a2 8a 41 84 8h a4 8a 
8h 8h 86 38 73 a6 7a 74 7h 8h 
76 a6 2a 28 a8 2a 26 21 2h 5h 
5h 23 a2 8a 82 48 a2 7a 47 87 
36 38 68 63 83 86 36 78 74 27 
84 63 a8 2a 36 26 a6 4a 76 37 
a4 8a 38 78 28 42 47 27 24 12 
74 13 23 a2 7a 37 31 71 37 32 
13 17 37 31 37 a3 6a 6h 5h 68 
6h 43 53 53 75 71 51 57 52 5h 
5h 17 85 86 56 15 75 71 51 57 
15 57 45 47 a4 57 15 4a 14 54 
15 17 13 12 16 31 6h 13 81 82 
38 12 31 37 17 31 87 68 13 61 
81 68 26 82 18 16 41 62 82 38 
14 61 83 68 18 41 45 34 15 81 
43 64 18 61 41 84 81 38 41 64 
83 68 48 64 63 3h 6h 1h ah 3a 
3h 63 65 65 16 7h 61 86 84 18 
64 16 86 28 14 71 8h 68 17 21 
86 28 18 61 64 86 81 28 61 26 
86 18 16 86 28 14 61 64 14 71 
1h 71 1h 71 75 15 71 4h 17 61 
68 26 18 41 18 41 81 62 46 18 
16 81 16 81 42 82 12 61 12 61 
84 78 64 76 14 21 14 21 86 28 
18 61 67 86 17 21 68 26 16 81 
41 23 62 82 18 42 82 48 63 46 
86 48 16 21 16 21 61 62 12 16 
21 16 21 34 83 28 24 72 18 61 
18 61 81 86 16 18 61 18 61 64 
63 46 16 81 16 81 83 48 13 61 
13 61 68 46 18 41 27 82 61 86 
26 12 82 68 62 76 82 78 68 36 
6h 86 87 28 67 26 86 28 21 62 
36 3h 81 38 5h 13 57 81 38 6h 
26 12 81 68 62 16 82 18 68 26 
28 75 23 82 62 86 81 28 26 72 
63 83 18 68 76 26 82 14 71 28 
62 61 86 21 42 68 56 6h 86 82 
18 62 16 86 28 17 61 67 26 86 
78 24 72 82 58 8h 48 15 21 84 
78 28 62 18 41 26 52 6h 61 86 
25 82 62 16 14 31 87 48 68 56 
2h 13 71 52 62 86 84 28 64 26 
86 48 21 42 8h 68 24 52 57 17 
15 41 75 62 76 25 14 51 56 25 
81 6h 42 38 67 56 2h 12 83 78 
68 56 86 16 31 87 68 75 65 67 
36 16 31 85 68 61 76 25 12 82 
38 18 21 28 32 67 86 16 81 82 
68 61 76 1h 67 26 16 71 24 52 
7h 67 25 42 23 76 34 ah 42 57 
23 8a 32 58 78 67 51 24 52 64 
86 12 82 48 15 21 61 26 78 17 
16 51 6h 62 86 84 28 64 25 85 
ah 46 42 48 28 7a 82 57 62 56 
76 27 28 62 78 65 25 ah 57 71 
1a 86 82 57 83 23 63 75 3h 38 
32 56 82 65 2h 57 15 23 7h 38 
56 84 65 5h 41 13 4h 32 3h ah 
2a ah 5a ah 
