0
83 8h 6h 8h 8h 84 64 35 85 68 
6h 38 13 18 61 65 16 15 41 65 
46 16 14 15 1h 2h 75 71 47 42 
72 62 67 27 36 37 67 26 37 62 
16 31 3h 4h 1h 3h 61 46 32 43 
45 35 43 4h 5h 1h 5h 1h 5h 74 
71 41 24 74 72 42 47 14 12 51 
42 54 53 43 24 13 21 41 54 58 
48 14 12 31 42 34 38 48 24 18 
21 27 41 24 74 72 42 47 14 12 
51 42 54 14 21 51 53 62 16 57 
25 27 61 26 76 15 16 71 56 17 
51 61 65 15 16 81 83 13 61 67 
17 21 61 36 38 68 26 57 62 56 
76 75 71 65 61 51 56 57 67 17 
26 25 65 26 2h 7h 24 2h 7h 3h 
34 17 13 1h 73 15 71 31 37 17 
83 8h 1h 4h 5h 41 4h 42 54 56 
46 84 81 8h 6h 41 65 82 8h 56 
5h 24 28 48 15 14 54 18 75 71 
51 45 48 58 74 75 76 7h 2h 7h 
2h 3h 1h 8h 4h 56 72 7h 2h 1h 
8h 6h 8h 6h 8h 6h 8h 6h 8h 
