1
5h 32 3h 15 65 2a 21 28 24 2h 
a3 2a 2h 31 21 62 32 34 64 38 
3h 34 63 63 68 46 a3 47 67 46 
4a 41 4h 84 a1 61 8a 86 a6 5a 
57 a7 8a 38 3h 5h a5 8a 83 a3 
6a 65 a5 3a 36 a6 45 3a 54 83 
8h 82 45 a8 54 6a 68 45 a8 54 
86 45 1a 68 54 16 45 a6 54 1a 
12 45 a2 54 6a 62 a2 45 86 54 
6a 45 86 54 a6 45 4a 41 34 63 
68 38 16 13 63 a6 56 3a 31 a1 
65 83 56 3a 65 83 56 a3 5a 54 
a4 64 3a 38 46 a8 64 83 46 1a 
38 64 13 46 a3 64 6a 36 31 61 
43 46 36 a4 64 83 46 3a 64 83 
46 a3 64 6a 36 38 68 13 16 36 
a3 43 4a 45 a5 35 3a 63 61 31 
76 73 63 76 72 7h 62 36 32 62 
83 86 36 43 47 4h 6h 37 83 84 
34 64 18 13 83 16 18 68 36 38 
68 43 46 36 a3 53 6a 64 35 a4 
53 46 35 7a 64 53 76 35 a6 53 
7a 75 73 76 78 18 35 37 36 76 
56 43 65 47 37 56 43 46 36 74 
76 46 23 27 37 24 73 74 34 27 
28 78 43 47 48 78 38 24 27 47 
23 74 73 43 27 24 74 21 37 32 
72 34 67 63 73 27 24 74 62 37 
32 72 43 47 37 63 65 35 73 74 
34 27 23 25 35 75 42 43 23 47 
32 37 27 13 12 32 43 42 32 74 
73 43 72 14 1h 37 32 72 63 67 
37 a3 1a 71 76 16 87 81 71 a7 
1a 18 a8 81 5a 18 51 57 5h 5h 
2h 6h 17 56 a7 65 51 6a 15 61 
a1 51 6a 15 64 a4 51 76 15 6a 
51 76 15 a6 51 5a 54 a4 14 6a 
67 41 a7 14 76 41 1a 67 16 15 
65 a4 71 45 76 54 6a 45 86 8h 
54 a7 45 6a 54 76 16 45 41 51 
54 14 15 45 61 67 17 54 86 45 
81 61 54 86 82 8h 8h 5h 8h 5h 
5h 62 53 54 5h ah 7h 1h 7h 1h 
7h 7h 2h 2h 4h 2h 4h 2h 4h 2h 
2h 4h 8h 8h 3h 5h 4h 2h 3h 4h 
2h 4h 
