1
4h 31 4a 4h 64 6h 6h a5 1a 17 
a7 4a 45 4h a5 6a 46 48 64 68 
48 a4 64 8a 86 a6 8a 84 a4 6a 
68 16 41 81 a1 6a 46 86 81 83 
87 86 48 43 83 54 52 18 42 14 
84 68 16 81 a8 4a 46 24 25 85 
61 38 a1 5a 83 58 a8 4a 84 82 
78 25 a5 3a 87 58 52 82 68 a3 
6a 63 a6 86 78 8a 78 a8 6a 63 
a6 63 76 6a 76 a6 7a 7h 7h a7 
8a 86 a8 86 78 7a 7h a7 87 58 
8a 58 a8 1a 13 a3 2a 28 48 a4 
3a 31 a1 8a 48 14 13 43 74 75 
45 67 64 74 37 31 71 47 46 76 
34 37 47 14 17 47 14 13 43 74 
73 43 74 71 41 57 54 74 37 31 
71 47 45 75 34 37 47 14 17 47 
14 13 43 14 13 1h 7h 7h 6h 7h 
6h 7h a7 16 18 31 4a 54 13 61 
45 64 6h a6 14 31 1a 51 87 15 
31 36 16 a1 3a 16 31 a1 78 3a 
35 87 a5 78 1a 15 61 a5 87 1a 
61 a1 78 7a 57 67 65 16 17 51 
67 56 16 51 53 13 61 63 56 13 
51 61 a6 86 1a 68 15 71 a5 86 
1a 51 68 15 71 73 13 41 a3 86 
5a 14 21 52 68 a2 86 7a 47 68 
74 27 25 75 27 2h 86 ah 68 5a 
57 86 a7 68 2a 21 28 27 52 54 
58 52 53 45 61 46 56 35 48 14 
5h 65 68 36 58 35 65 36 41 54 
56 35 46 34 37 47 64 57 65 45 
34 67 56 57 35 67 36 38 45 34 
8h 7h 8h 7h 8h 7h 73 7h 75 8h 
84 4h 57 3h 37 43 54 52 35 31 
73 51 75 42 74 27 54 15 34 13 
53 45 47 57 25 3h 45 14 34 53 
52 45 32 73 72 32 73 41 74 34 
13 53 85 5h 35 31 73 81 58 45 
43 14 53 15 45 34 2h 43 54 51 
35 41 34 54 15 37 43 47 14 54 
15 37 43 45 74 24 27 47 42 54 
72 45 74 16 51 31 73 56 75 43 
24 4h 14 16 31 46 24 25 13 21 
51 57 15 57 65 37 86 58 75 53 
75 72 51 35 32 83 68 36 13 53 
65 42 84 58 65 45 34 31 53 41 
64 35 63 5h 54 15 36 13 17 61 
37 23 37 23 53 45 16 21 46 34 
56 75 43 74 34 31 73 13 17 41 
13 61 72 42 34 42 34 24 52 65 
37 63 53 45 13 71 54 85 5h 45 
41 34 51 35 45 24 4h 14 4h 54 
53 15 21 52 35 45 14 36 23 31 
23 43 14 17 51 47 34 73 72 42 
64 54 35 23 52 35 84 37 83 13 
41 57 35 48 58 25 72 34 73 14 
21 52 85 48 54 25 53 25 15 31 
37 43 17 41 46 74 57 16 71 36 
73 45 84 13 81 1h 31 53 57 35 
72 52 13 6h 35 61 41 64 53 15 
14 31 54 25 86 37 23 13 41 57 
45 48 74 37 56 75 16 71 53 41 
1h 35 64 51 85 65 68 58 56 85 
13 56 85 17 61 15 61 72 18 5h 
81 27 1h 31 56 75 32 57 17 2h 
63 38 2h 85 56 8h 71 73 62 13 
26 ah 65 4a 38 56 83 ah 61 1a 
32 37 27 7h 74 4h 6h ah 7a ah 

