0
72 7h 5h 47 42 41 48 4h 6h 41 
4h 31 74 73 43 84 71 7h 6h 75 
48 67 24 74 37 34 74 27 28 2h 
78 47 43 73 87 86 76 47 46 76 
24 27 23 17 43 14 12 74 72 42 
57 52 5h 72 52 57 51 35 41 34 
54 35 36 56 45 46 24 56 25 45 
24 21 41 54 51 41 25 24 54 25 
27 42 45 25 64 62 42 64 63 43 
24 23 43 82 84 24 72 78 28 67 
62 72 67 64 74 27 24 32 74 57 
23 12 75 17 27 12 15 25 72 75 
25 47 42 72 47 46 76 27 26 32 
76 37 27 32 36 26 72 76 26 17 
12 72 17 18 78 27 28 78 52 57 
27 52 58 28 72 78 28 67 62 72 
67 63 73 27 23 52 73 47 25 82 
74 67 28 62 72 67 64 74 27 24 
74 32 37 27 32 34 24 72 74 24 
87 82 72 87 85 75 27 25 42 75 
37 24 32 3h 3h 73 47 42 72 47 
43 73 27 23 73 17 18 14 24 32 
34 24 12 16 1h 3h 61 62 46 12 
41 43 13 81 63 6h 8h 1h 51 4h 
8h 15 81 87 17 81 86 16 81 82 
78 76 86 87 67 8h 5h 3h 76 81 
78 68 71 61 81 86 57 5h 68 18 
16 86 81 61 38 3h 34 16 3h 6h 
3h 6h 16 3h 7h 53 61 8h 57 68 
18 16 86 37 63 61 86 48 36 43 
83 7h 48 61 3h 5h 51 4h 45 25 
2h 38 53 52 45 32 13 54 16 7h 
65 27 1h 24 56 36 15 42 4h 83 
72 67 8h 3h 76 28 6h 6h 63 51 
82 67 31 7h 2h 1h 6h 2h 2h 2h 
1h 4h 1h 
