2
1a 5b 86 a8 5a 56 57 54 67 52 
65 64 54 b5 74 6b 56 a5 47 6a 
65 6h 74 a5 47 1a 12 17 81 b7 
18 17 87 6b 16 13 a1 31 78 3a 
87 37 32 38 78 b2 87 6b 67 b6 
67 a6 16 5b 61 5a 51 b5 8b a1 
51 b5 58 25 8a 8b 52 b5 2b 28 
a5 82 6a b6 62 a6 1b 6a 16 b6 
3b 38 28 32 a3 8a 28 a2 6a 61 
a6 4a 61 86 28 62 46 a6 3a b3 
43 8b 28 34 b2 43 4b 48 4h 4h 
82 48 a2 42 4a 64 63 86 43 84 
64 26 24 64 26 28 68 46 48 68 
46 42 84 86 82 62 68 26 46 84 
28 42 64 62 76 42 74 64 86 75 
68 26 28 68 46 45 84 82 65 86 
26 46 84 24 28 48 42 84 42 64 
62 68 16 42 14 12 42 84 62 86 
46 14 16 81 46 24 18 21 41 64 
24 26 46 42 84 62 48 14 12 61 
42 64 14 61 68 26 18 21 61 46 
26 24 28 64 68 26 48 62 16 18 
21 68 26 16 41 46 84 16 81 41 
a4 86 1a 16 81 a6 18 21 8a 12 
81 a1 8a 82 a2 1a 12 81 a2 18 
51 1a 51 57 17 81 a7 18 21 1a 
21 a1 2a 28 a8 1a 18 21 a8 12 
61 1a 61 68 18 21 a8 12 81 4a 
84 14 b1 86 4b 46 84 b6 48 24 
8b 42 84 b4 8b 82 b2 4b 42 84 
b2 48 64 4b 64 62 42 84 b2 48 
64 4b 64 b4 6b 68 26 b8 62 86 
2b 68 26 24 64 86 b4 68 26 28 
68 46 3b 64 86 82 62 36 31 61 
86 b1 68 46 6b 46 42 62 86 b2 
68 26 8b 62 86 b6 4b 46 84 b6 
48 24 4b 24 26 46 84 b6 48 74 
4b 74 75 45 84 b5 48 24 4b 24 
b4 2b 28 b8 4b 48 24 b8 42 54 
3b 53 43 84 57 48 54 74 75 45 
47 84 57 48 34 37 83 47 84 34 
83 82 32 43 42 84 32 53 48 64 
35 63 62 32 83 42 54 38 63 45 
64 34 63 68 26 38 23 63 46 26 
24 64 62 36 34 83 64 86 36 23 
26 36 23 28 38 63 68 38 63 62 
86 83 82 32 38 23 63 86 28 62 
36 32 73 62 76 36 83 75 38 23 
28 38 63 65 86 82 35 83 23 63 
86 26 28 68 62 86 62 36 32 38 
23 63 86 28 62 36 32 43 62 46 
42 62 86 32 83 63 46 43 84 63 
26 48 24 64 36 26 23 63 62 46 
43 84 63 26 48 24 64 26 28 68 
46 48 24 68 26 46 a4 6a 62 86 
a2 68 26 8a 62 86 a6 8a 82 a2 
6a 62 86 a2 68 56 4a 74 65 76 
46 a4 74 6a 64 86 a4 68 56 6a 
56 54 64 86 a4 68 26 6a 26 a6 
2a 28 a8 6a 68 26 a8 62 86 2a 
68 26 a6 7a 71 a1 6a 62 86 a2 
68 26 8a 62 86 a6 8a 82 a2 6a 
62 86 a2 68 46 6a 46 45 65 86 
a5 68 46 6a 46 41 61 86 a1 68 
56 6a 56 51 61 86 a1 68 56 4a 
34 65 36 32 62 86 42 54 68 36 
45 34 64 36 38 23 68 26 36 43 
23 24 34 32 63 64 86 34 83 63 
26 23 63 26 28 68 36 38 68 36 
32 83 86 82 62 68 26 36 83 28 
32 63 62 76 32 73 63 26 28 68 
a6 8a 82 a2 3a 37 83 a7 38 23 
28 38 53 5a b5 3b a3 8a 82 b3 
28 4b 82 a2 8a b4 6b 86 a6 2a 
26 a6 2a 28 a8 6a 68 a8 6a 62 
86 a2 82 62 36 3a 23 28 38 b3 
6b a6 8a 82 b6 28 7b a8 7a 75 
a5 8a 82 b5 28 2b a8 6a b2 6b 
76 73 b3 8b 82 a3 73 8a b2 6b 
86 a6 8a 87 a7 8a 83 8h bh ah 
28 26 86 28 27 87 28 13 1h 82 
48 4h 46 2b 64 8a 28 46 82 48 
47 24 87 28 67 48 24 27 2h 3h 
ah 1h 2a 26 25 2h 3h 3h 3h 6h 
3h 7h 7h 7h 7h 1h 6h 3h 3h 7h 
1h 6h 1h 6h 6h 1h 7h 1h 1h 5h 
7h 7h 5h 8h 5h 7h 5h 4h bh 1h 
8h 1h 1h 5h ah 
