2
4h 25 7a 4b 62 63 6h 64 62 63 
56 58 51 75 68 76 73 74 7h 47 
b3 6b 46 76 47 4h 6h 3h 67 56 
24 b5 42 8b 24 a8 42 5a 65 46 
26 46 46 54 a5 7a 76 a6 37 2a 
73 57 45 a2 34 5a 43 75 84 87 
47 54 a5 1a 16 a6 5a 45 84 8h 
18 71 74 14 b1 37 2b 73 27 2h 
6h 68 b2 86 5b 68 a5 86 8a 8h 
85 75 25 37 3h 52 87 83 78 25 
73 83 52 27 28 78 27 52 82 85 
25 28 58 52 82 85 25 18 52 41 
84 58 28 25 85 82 52 a8 68 7a 
86 57 27 25 68 75 72 17 52 41 
74 57 27 25 75 72 52 67 25 87 
86 52 58 28 25 85 82 52 18 76 
41 84 58 28 25 67 85 82 a8 52 
1a 41 a4 76 7a 25 27 57 52 72 
75 25 17 52 41 74 57 27 25 75 
72 52 b7 25 2b 27 2h b7 57 32 
75 2b 57 32 75 b2 57 8b 75 28 
57 23 83 75 52 58 28 75 85 87 
57 32 75 38 28 57 12 75 41 24 
82 57 83 23 75 58 52 82 75 25 
27 57 38 75 32 82 57 68 6h 75 
a6 86 57 38 75 5a 83 58 75 87 
a7 38 75 2a 28 a8 57 32 75 5a 
23 52 75 27 a7 72 3a 27 32 75 
a2 57 1a 75 41 43 a3 57 4a 75 
74 54 57 47 45 75 34 57 13 41 
75 b4 57 3b 13 75 b1 57 2b 24 
75 b4 57 72 5b 27 32 13 21 52 
b2 72 3b 13 27 b1 72 7b 75 b5 
25 7b 27 57 52 72 75 25 37 52 
13 71 b7 25 3b 13 b1 52 5b 57 
b7 27 3b 13 72 b1 27 2b 25 b5 
75 32 57 13 21 75 82 2b 82 57 
84 24 75 b4 57 38 13 81 75 32 
13 38 57 3b 13 83 58 78 75 85 
87 57 38 23 75 b2 82 57 38 23 
5b 32 83 58 51 81 b1 71 28 3b 
83 58 32 52 51 5h b3 23 65 32 
7b 56 23 75 32 78 58 23 b8 32 
47 35 25 23 53 3b 74 17 32 18 
78 53 b2 37 27 23 73 72 32 45 
17 3b 54 71 35 b5 25 37 38 52 
3b 35 38 3h 6h 4h 63 68 6h 6h 
38 63 61 31 46 43 63 46 4h 42 
b2 62 34 32 42 16 1h 5h 13 14 
34 13 6b 31 46 41 61 53 57 37 
14 16 46 15 13 1h 1h 8h 2h 8h 
2h 8h 2h 8h 2h 8h 1h 6h 7h 5h 
8h bh 2h 2h 6h 7h 8h 2h 8h 2h 
8h 7h 8h 3h ah 
