1
35 87 81 5a 51 a1 6a 64 68 61 
a1 3a 68 67 46 37 3h 84 68 26 
27 2h 24 2h 3h 48 4h ah 6a 56 
5h 5h 4h 57 27 a7 1a 54 15 a5 
74 6a 36 32 73 43 16 47 37 34 
a3 5a 74 56 45 a6 57 45 1a 75 
74 54 57 15 13 53 15 15 14 15 
61 a5 2a 16 26 12 1h 8h 61 a1 
53 2a 72 35 27 12 16 71 53 17 
41 26 42 12 71 47 14 71 35 17 
21 27 62 17 61 53 21 82 87 8h 
27 12 16 71 26 72 12 71 74 14 
21 24 72 14 61 68 18 71 35 17 
61 27 62 65 25 72 15 71 21 72 
63 76 26 12 16 71 26 72 12 81 
85 15 81 8h 87 58 51 81 78 28 
27 12 87 21 a2 52 1a 78 12 15 
71 81 a2 87 28 25 85 78 18 17 
81 7a 18 71 a1 81 7a 87 28 17 
82 18 78 71 81 87 58 52 82 78 
18 17 87 81 78 81 78 18 17 87 
81 a8 71 2a 25 17 a5 71 6a 68 
17 a8 71 6a 61 76 a1 67 26 7a 
62 76 73 7h 4h 78 27 23 82 73 
87 81 71 47 21 42 72 47 4h 48 
4h 2h 4h 1h 5h 7h 3h 8h 3h 8h 
47 4h 2h 5h 1h 5h 1h 3h 3h 4h 
5h 1h 1h 5h 7h 3h 3h 5h 1h 5h 
1h 3h 5h 1h 6h ah 5h 
