1
5a 65 78 73 7h 7h 72 78 67 a3 
6a 68 16 85 65 68 58 15 65 13 
16 1h 3h 6h 14 36 3h 13 81 63 
46 51 58 67 86 16 15 81 74 51 
61 47 58 68 46 76 74 a7 2a 27 
a7 8a 85 64 a5 15 1a 18 a1 51 
58 18 15 31 85 13 81 46 18 41 
4a 48 61 46 43 23 24 27 26 a7 
61 3a 32 16 a2 61 8a 58 a5 16 
2a 23 61 a3 16 2a 2h 61 82 16 
58 25 12 17 27 67 31 76 32 12 
67 31 76 a3 67 2a 23 76 a3 67 
32 31 21 76 32 67 1a 12 13 76 
a2 67 31 76 1a 67 31 76 a1 67 
8a 58 76 a5 67 2a 21 76 a1 67 
2a 76 72 62 67 27 26 76 82 67 
58 25 76 a2 67 8a 58 76 a5 67 
1a 12 76 a2 67 8a 58 76 a5 67 
1a 13 76 a3 67 31 76 8a 13 58 
a5 67 31 76 2a 21 23 67 a1 76 
32 67 8a 58 a5 76 1a 23 12 67 
a2 76 1a 21 23 13 67 82 58 25 
76 81 82 12 41 4h ah 67 1a 61 
71 76 16 17 31 67 13 21 28 32 
18 31 21 32 34 24 32 3h 37 a3 
1a 14 31 a4 13 81 58 15 31 3a 
35 25 32 3h 1h 83 81 31 63 62 
86 32 83 63 16 13 81 63 46 18 
41 61 46 45 65 16 15 81 65 26 
18 71 76 72 62 12 81 67 26 27 
67 26 18 21 61 76 71 61 76 72 
62 16 12 62 16 17 81 67 26 27 
67 26 18 21 61 76 71 61 76 72 
62 16 12 62 a6 4a 14 17 81 47 
24 27 47 24 18 21 41 74 71 41 
74 72 42 14 12 42 14 17 81 47 
24 27 47 24 18 21 41 74 71 41 
74 72 42 a4 2a 27 a7 1a 17 a7 
1a 12 81 a2 18 51 6a 36 15 31 
61 36 38 13 16 81 36 73 18 71 
31 23 72 37 13 17 61 37 63 13 
81 61 36 31 53 61 56 36 53 54 
34 63 64 86 34 23 68 26 36 53 
51 31 63 62 86 32 13 68 56 31 
53 63 56 58 68 36 38 43 68 46 
36 43 41 31 63 61 56 31 53 5h 
1h 1h ah 1h 7h 4h 2h 8h 84 63 
86 83 46 34 8a 43 84 58 58 25 
28 12 a4 34 8a 21 82 43 28 62 
63 86 23 82 62 86 a2 52 85 65 
86 8h 8h 1h 1h 1h 2h 7h 6h 7h 
1h 1h 2h 1h 2h 1h 7h 3h 7h 3h 
2h 7h 3h 5h 3h 3h 7h 4h 5h 7h 
4h 7h 
