1
8a 13 61 6h 53 43 51 45 62 6h 
64 65 25 86 85 65 85 86 87 a8 
6a 46 47 42 67 a2 8a 36 34 64 
28 56 58 68 52 a6 8a 82 a2 8a 
78 a5 3a 87 18 a3 4a 43 81 78 
a3 5a 87 28 a5 25 85 1a 18 17 
1h 87 28 a7 8a 48 a2 6a 46 4h 
3h 24 17 61 26 38 46 14 16 1h 
46 34 84 83 28 2h 43 4h 24 82 
38 74 7h 83 48 47 24 87 28 48 
24 21 2h 62 56 25 82 84 38 24 
52 83 78 25 72 82 68 56 85 78 
71 81 28 21 32 81 38 28 62 56 
25 82 83 18 23 12 82 a8 2a 21 
32 a1 23 12 3a 21 32 a2 6a 56 
a5 2a 23 12 a3 21 32 1a 23 12 
a2 1a 17 a7 2a 27 32 a7 23 12 
3a 21 32 a2 6a 56 a5 2a 23 12 
a3 21 32 6a 56 23 52 62 65 25 
26 12 a6 21 62 7a 26 72 a2 8a 
78 71 81 28 21 32 81 38 28 62 
56 25 82 83 18 23 12 82 a8 2a 
21 32 a1 23 12 3a 21 32 a2 6a 
56 a5 2a 23 12 a3 21 62 8a 68 
28 62 64 36 24 32 62 86 84 28 
23 12 83 18 28 32 64 16 17 23 
12 67 86 87 38 67 36 86 38 21 
62 68 36 3h 28 12 13 81 86 8h 
68 18 31 21 82 86 38 26 32 3h 
3h 63 6h 82 18 12 71 7h 7h 7h 
4h 8h 78 54 5h 82 48 45 4h 85 
28 87 28 78 72 82 87 28 87 28 
2h 78 7h 4h 72 7h 67 86 82 78 
62 46 4h ah 87 28 1a 71 82 58 
17 51 81 78 71 81 58 56 5h 86 
18 54 81 58 5h 75 7h 3h ah 1h 
1h 5h 1h 2h 6h 5h 1h 2h 2h 6h 
2h 6h 7h 7h 4h 4h 5h 8h 
