1
31 2a 81 24 64 6h 3h 2h 8h 51 
52 5h 5h a2 8a 58 a5 4a 41 a1 
8a 81 68 a1 7a 67 47 4h 4h 6h 
2h 67 86 83 63 46 43 a4 2a 23 
2h a3 2a 82 a8 12 5a 58 15 17 
57 a8 1a 27 15 a5 2a 25 a5 1a 
12 a2 1a 61 a6 2a 26 a6 5a 52 
a2 5a 56 a6 1a 15 1h 72 a5 7a 
76 a6 26 2a 27 32 31 21 62 67 
27 a6 76 62 1a 27 32 12 a2 76 
3a 38 67 a8 76 2a 21 28 67 a1 
76 72 62 67 27 26 76 72 62 67 
27 7a 76 27 12 18 28 a6 52 2a 
32 53 65 a3 56 75 65 67 57 56 
76 45 2a 42 52 67 85 76 81 51 
67 25 76 24 54 67 72 75 26 72 
52 62 65 25 26 56 52 62 15 18 
58 26 25 65 62 52 67 57 27 25 
75 72 52 57 27 25 75 26 76 56 
57 67 42 76 45 25 67 82 76 81 
21 67 52 76 54 24 67 75 72 56 
75 25 65 12 18 28 56 52 62 65 
25 67 27 57 82 75 81 21 57 52 
72 75 25 27 57 52 72 75 76 25 
26 56 52 57 27 67 45 42 52 15 
76 18 58 67 a5 76 2a 24 67 a4 
76 62 3a 26 72 62 67 27 26 76 
32 38 28 67 a8 76 72 62 67 27 
26 76 12 1a 16 1h 31 35 23 62 
67 27 32 35 25 63 72 73 23 62 
72 76 26 27 67 32 37 36 76 26 
73 72 32 63 62 32 63 67 37 23 
27 37 23 26 36 72 76 26 73 72 
32 63 62 32 63 67 37 23 27 37 
a3 7a 72 a2 7a 76 a6 2a 26 a6 
2a 27 a7 72 4a 27 42 46 26 a6 
74 72 42 74 2a 24 a4 72 7a 73 
7h 75 71 7h 6h 8h 6h 8h 6h 8h 
6h 8h 4h 8h 8h 6h 5h 4h 6h 5h 
4h 5h 2h 5h 6h 8h 6h 8h 8h 6h 
5h 3h 6h 6h 1h 3h 1h ah 8h 8h 
6h 
