2
7h 13 2a 4b 64 a6 26 2a 21 26 
24 82 b1 5b 54 57 5h a7 b7 2a 
2b a2 8a 82 b8 2b 28 b8 42 4b 
48 b8 4b 28 42 47 b4 24 6b 62 
b2 6b 67 6h 2h 65 6h b7 27 a2 
6b 4a 51 46 a6 15 8a 86 51 a6 
15 8a 84 51 a4 15 6a 64 a4 51 
6a 68 16 a8 65 86 3a 68 16 12 
62 76 a3 52 8a 67 86 a6 25 4a 
46 a6 52 4a 48 25 a8 52 6a 68 
25 a8 52 4a 4h 8h 7h 6h 54 57 
35 24 53 85 86 56 35 42 53 45 
41 34 51 35 34 21 a3 12 6a 83 
63 68 36 68 36 86 83 63 68 36 
68 76 a8 67 86 7a 83 63 86 21 
68 76 74 64 86 a4 12 3a 68 76 
75 65 76 a3 21 5a 56 57 35 67 
53 85 12 a7 21 3a 58 75 76 56 
75 a3 12 5a 75 a5 21 3a 38 12 
a8 21 6a 65 12 a5 21 8a 83 12 
a3 21 6a 36 12 63 16 26 21 61 
62 36 12 63 a6 21 3a 38 12 a8 
21 5a 56 a6 12 8a 83 21 a3 12 
5a 57 85 a7 21 3a 35 12 a5 21 
6a 38 67 12 a7 21 5a 83 53 58 
35 58 35 85 83 53 58 35 58 75 
a8 76 56 35 12 53 85 83 53 75 
8a 57 85 a5 21 3a 35 12 a5 21 
3a 38 12 a8 21 5a 58 12 a8 21 
5a 53 75 a3 57 35 12 53 85 83 
53 75 8a 57 85 a5 21 3a 35 12 
a5 21 3a 38 12 a8 21 5a 58 12 
a8 21 6a 67 12 a7 21 8a 85 12 
a5 21 8a 83 12 a3 21 8a 81 84 
85 38 a1 31 81 38 32 3a 3h 35 
73 76 36 13 18 38 63 67 37 13 
12 32 73 76 36 83 82 32 63 67 
37 a3 8a b8 38 73 76 36 73 7b 
78 b8 38 73 7b 71 76 57 a1 75 
47 7a 47 46 76 57 4h 75 47 48 
54 78 57 47 54 52 42 74 72 57 
42 14 54 65 74 67 68 78 47 58 
45 75 67 41 84 a4 76 47 48 64 
4a 54 78 17 57 15 a6 47 64 51 
65 1a 45 14 a4 5a 56 75 a6 57 
65 7a 56 75 74 67 54 65 75 47 
a7 5a 56 75 74 17 a6 54 65 71 
67 57 45 6a 76 54 15 67 16 56 
15 1h 1h 13 18 8h 2h 8h 2h 8h 
2h 24 4h 8h 87 7h 4h 24 7h 87 
4h 78 4h 24 7h 27 7h 47 42 72 
47 46 84 4h 64 74 67 65 46 47 
54 2h 45 74 64 36 75 47 45 84 
75 87 25 47 84 18 71 74 57 14 
51 72 57 63 56 17 41 48 18 71 
76 37 16 51 73 27 7h 37 8h 15 
61 73 67 17 81 1h 71 76 57 26 
12 61 75 67 17 31 65 76 75 87 
65 86 76 57 13 81 25 72 67 38 
76 57 13 61 46 54 74 67 16 21 
25 15 41 42 64 12 31 76 87 18 
21 1h 61 52 16 81 73 67 46 24 
4h 64 38 46 54 13 81 25 42 64 
76 37 13 51 1h 61 46 54 78 27 
25 75 37 42 64 52 46 84 73 27 
1h 61 75 37 52 67 56 17 51 61 
76 48 14 24 15 41 83 73 63 56 
26 16 31 42 64 42 34 14 61 65 
46 47 34 67 56 16 71 74 14 61 
65 26 61 26 6h 46 6h 16 15 41 
65 26 17 51 56 52 62 65 26 74 
65 26 56 52 6h 47 43 74 43 24 
78 42 65 87 7h 34 36 57 46 24 
45 6h 54 63 72 3h 26 45 62 2h 
57 72 3h 24 45 2h 56 5h ah 1a 
ah 6a bh 8b ah bh 
