1
5a 13 56 51 54 53 52 85 a3 4a 
43 42 a3 2a 24 28 48 a8 1a 18 
a8 68 1a 86 16 12 15 17 81 a7 
18 21 8a 12 81 a1 8a 84 a4 8a 
85 a5 4a 45 a5 1a 15 81 a5 8a 
87 86 28 27 87 38 12 31 81 a8 
68 1a 86 13 61 a3 18 31 2a 13 
61 65 15 31 a2 85 13 71 8a 28 
17 31 82 38 18 61 61 36 a1 63 
8a 36 86 28 51 82 38 37 15 87 
58 a6 81 58 8a 18 15 85 18 a8 
58 1a 21 85 12 81 51 58 18 15 
21 85 12 71 73 13 21 58 12 51 
81 85 15 18 21 58 12 a1 85 8a 
81 28 a1 82 38 51 83 78 2a 15 
87 28 26 51 a8 15 3a 37 51 a7 
15 2a 32 36 35 3h 38 3h 5h 51 
1h 6h 6h 63 3h 1h 51 3h 53 3h 
13 15 35 23 1h 21 26 42 45 31 
43 7h 71 5h 17 6h 71 ah 17 4a 
64 1h 46 4h 74 71 41 a4 74 2a 
12 14 24 72 73 23 72 13 71 21 
72 7h 5h 5h 6h 5h 5h 4h 24 72 
71 78 47 43 73 47 41 34 71 37 
47 34 13 41 74 73 57 43 54 74 
37 31 71 47 45 34 75 37 47 34 
6h 43 74 73 57 43 54 58 48 34 
78 37 61 73 57 43 54 74 37 52 
45 68 54 65 5h 25 8h 73 47 45 
34 75 37 47 34 36 73 74 57 34 
53 73 47 52 65 1h 74 37 32 43 
72 47 37 23 45 24 8h 34 73 75 
27 1h 35 43 47 54 37 53 43 54 
56 35 34 73 54 75 35 43 72 47 
37 53 46 74 76 27 46 14 57 15 
61 41 74 34 63 53 45 47 14 4h 
74 72 67 42 64 74 27 3h 57 45 
35 73 46 24 37 53 56 15 36 13 
61 51 75 42 64 34 23 57 15 7h 
54 65 41 73 47 45 34 75 87 43 
14 7h 57 47 54 71 74 37 56 45 
46 84 56 85 45 64 73 57 53 65 
45 84 34 38 48 78 57 43 64 75 
17 7h 57 54 85 83 53 45 75 37 
46 84 34 38 48 78 57 56 15 71 
67 57 65 43 74 75 87 83 73 57 
47 34 56 85 35 45 74 76 57 46 
54 74 37 53 45 82 32 42 14 52 
15 45 14 38 53 78 67 41 64 35 
63 54 53 85 31 71 87 2h 57 45 
43 74 24 78 37 36 83 76 47 16 
74 27 51 25 38 43 48 14 38 13 
43 64 75 37 43 84 61 31 48 54 
84 36 43 76 87 37 83 45 74 45 
64 73 57 73 57 46 34 35 45 64 
73 57 73 57 37 52 65 32 72 73 
27 73 27 37 28 38 78 73 67 83 
57 35 47 58 8h 74 75 45 34 76 
87 48 64 32 53 72 87 28 15 31 
83 32 83 73 57 54 35 74 27 52 
15 38 13 43 78 37 41 71 27 53 
25 75 37 34 53 74 87 38 13 75 
47 71 47 37 53 46 74 76 87 46 
84 74 17 52 15 32 43 65 76 27 
74 27 37 63 61 31 53 56 15 3h 
43 42 74 32 63 53 25 31 42 64 
57 25 72 78 27 58 25 75 87 82 
52 58 25 78 27 57 15 14 54 75 
31 43 31 43 87 46 84 36 73 57 
15 34 13 3h 73 47 34 63 53 45 
42 74 42 14 78 37 34 23 74 27 
37 43 58 75 46 41 64 34 63 57 
45 43 84 31 51 75 47 84 36 54 
4h 73 65 72 17 15 75 27 34 13 
72 57 53 56 25 58 3h 45 61 54 
85 52 15 5h 45 36 23 61 42 14 
28 58 41 3h 85 84 13 42 31 2h 
14 46 2h 63 31 6h 14 1h ah 7a 
ah 5a ah 4a ah 8a ah 
