1
41 3a 3h 7h 81 45 a4 64 63 8a 
86 a8 14 5a 57 56 a7 5a 56 26 
28 21 57 51 a5 14 54 15 1a 12 
a2 52 15 1a 1h 16 1h 1h 81 84 
14 31 36 83 16 a1 86 86 78 1a 
71 81 a8 4a 43 a3 8a 48 42 82 
a8 1a 17 a1 17 21 24 14 71 8a 
28 17 21 81 28 25 2h 6h 2h 85 
68 62 6h 82 48 41 81 48 45 85 
18 15 85 18 14 71 84 78 18 51 
54 14 81 87 28 17 21 81 78 26 
12 16 71 26 72 81 78 28 42 45 
25 12 18 28 71 7h 52 54 24 32 
34 24 72 74 37 35 75 67 23 62 
72 a7 2a 26 42 a6 24 62 4a 26 
42 45 25 62 a5 26 82 7a 87 83 
73 67 23 62 72 a7 2a 26 42 a6 
24 62 4a 26 42 a2 7a 27 24 52 
74 57 54 74 67 24 62 72 a7 2a 
26 42 a6 24 62 8a 48 26 42 82 
68 45 86 48 58 54 84 85 28 24 
62 84 68 28 a2 7a 87 86 48 76 
47 45 75 67 85 68 78 a7 8a 86 
48 a6 84 68 4a 86 48 a8 7a 87 
84 38 74 37 32 72 67 82 68 78 
a7 8a 86 48 a6 84 28 1a 82 31 
38 73 67 18 61 71 37 35 75 17 
83 71 a7 38 1a 16 21 a6 12 41 
1a 41 a1 83 8a 18 14 61 84 28 
16 21 23 13 61 83 68 18 a1 21 
82 86 48 26 42 82 68 2a 86 48 
28 62 a8 26 42 7a 47 27 a2 42 
7a 72 67 a2 76 47 4h 5h 6h 7a 
47 43 64 73 67 63 73 67 43 64 
74 57 5h 5h 58 a8 7a 47 46 84 
76 87 47 84 58 45 74 78 67 48 
64 74 87 85 75 47 46 84 76 87 
47 64 82 68 48 74 72 67 42 64 
61 6h 6h 6h 8h ah 3h 5h 3h 5h 
5h 5h 3h 2h 8h 3h 2h 7h 2h 4h 
2h 2h 3h 5h 3h 5h 1h 1h 3h 5h 
5h 1h 3h 2h 2h 3h 5h 3h 
