2
4a 8b 72 71 a1 8a 84 86 8h bh 
1b 15 14 b5 1b 12 1h ah 3a 3h 
18 1h 1h 8h ah 4a 41 a1 4a 47 
47 87 38 a3 1a 13 a3 6a 76 71 
75 a1 7a 71 41 74 7h a7 8a b8 
4b 48 b8 57 4b a4 1a 16 a6 75 
4a 14 15 45 a1 7a 64 65 45 a7 
6a 6h 6h 68 62 61 a4 7a b7 6b 
16 12 62 a1 86 b8 7a 5b 54 b4 
1b a7 6a 81 a8 3a 36 a6 37 1a 
b1 3b 31 3h 3h 5h 51 b3 73 7b 
a7 6a 63 a3 7a 56 5h 16 17 15 
67 65 a1 b6 8a 18 75 6b 31 36 
16 57 b1 31 3b a3 6a 61 a1 75 
7a b6 47 4b 45 24 b5 75 27 47 
24 4b 24 b4 7b 74 57 b4 75 47 
5b 74 57 b7 2b 28 b8 7b 75 47 
b5 74 57 4b 75 47 b7 4b 48 74 
b8 47 54 4b 74 78 57 48 54 74 
57 b4 75 47 4b 45 24 2h 7h 57 
2h 75 27 26 23 52 74 57 27 52 
2h 72 3h 27 52 51 21 72 34 53 
53 13 27 52 58 56 31 8h 13 8h 
31 7h 13 bh 31 7b 37 36 43 76 
47 42 64 72 67 32 13 17 41 24 
8h 37 83 42 74 41 84 34 73 76 
47 45 84 75 67 82 42 54 52 42 
84 37 83 43 74 76 37 46 84 73 
17 2h 76 37 61 48 24 16 45 24 
54 52 45 52 85 61 35 63 75 67 
37 53 24 17 bh 42 71 35 73 76 
57 36 53 73 67 58 25 17 16 76 
52 35 71 87 61 37 63 57 65 35 
73 24 15 4b 51 37 53 56 75 36 
73 78 27 42 84 53 15 2h 56 35 
72 67 71 67 53 65 75 37 48 64 
73 57 54 35 74 87 53 15 4h 51 
35 37 63 5h 45 43 24 5h 75 78 
37 58 25 28 58 25 36 83 85 35 
83 45 84 34 53 76 57 54 74 67 
34 63 52 45 73 17 3h 71 47 42 
72 17 36 13 4h 73 67 52 35 31 
23 51 25 35 23 76 27 28 42 84 
28 74 87 34 53 54 65 34 13 72 
17 37 43 28 5h 75 34 13 73 47 
53 85 5h 35 74 37 31 57 2h 73 
45 42 37 43 23 12 bh 53 75 72 
37 52 35 34 13 16 54 25 74 27 
57 65 35 73 72 47 3b 53 56 25 
36 43 73 47 52 35 37 43 48 64 
38 63 43 84 1h 71 74 37 14 21 
54 85 73 12 58 47 ah 21 45 75 
47 12 51 57 85 45 34 36 23 46 
74 75 67 32 63 73 14 4a 37 51 
41 24 27 52 36 73 43 14 12 31 
42 64 74 13 58 47 46 81 bh 25 
24 54 35 37 63 21 72 73 17 18 
31 78 52 13 87 2b 35 81 25 42 
36 53 71 67 41 21 35 76 14 4h 
52 13 17 64 54 24 37 18 45 5h 
72 43 81 71 21 34 ah 15 5a 47 
12 18 28 74 8h 83 bh 45 38 54 
4b 81 46 18 6h 82 8h ah 2a bh 
6b ah bh 
