0
31 27 85 65 85 65 65 81 87 8h 
68 63 6h 5h 43 16 12 62 86 82 
58 62 36 85 38 37 36 87 35 36 
78 34 3h 63 87 68 38 53 67 86 
87 18 1h 35 13 67 46 36 53 51 
31 63 64 34 26 13 15 35 23 63 
26 28 68 36 38 53 68 51 76 31 
53 67 56 36 53 58 38 63 68 16 
13 18 38 68 16 41 4h 3h 13 14 
1h 51 5h 7h 34 53 56 5h 8h 75 
56 75 23 57 25 12 71 61 67 17 
16 31 56 13 25 21 26 51 26 85 
23 82 52 65 67 57 25 28 58 62 
65 25 72 75 25 72 76 26 52 56 
26 52 57 65 62 52 75 65 67 57 
56 76 25 26 56 45 27 42 46 26 
42 43 56 45 4h 6h 6h 8h 8h 6h 
8h 6h 6h 8h 7h 28 1h 13 82 8h 
7h 3h 31 7h 74 13 71 41 47 17 
84 83 43 84 71 4h 14 7h 17 47 
61 64 67 36 14 31 61 46 47 84 
67 36 38 43 14 16 81 46 34 18 
3h 61 5h 85 83 16 43 78 71 74 
14 31 84 68 13 61 65 15 36 31 
61 56 51 61 81 46 48 68 16 47 
84 87 18 47 14 68 45 76 74 64 
16 13 56 81 86 48 47 34 16 71 
54 81 75 48 43 74 83 18 54 65 
14 84 61 51 48 63 45 85 36 38 
68 63 16 18 71 68 76 16 41 46 
54 16 71 56 85 46 84 54 83 7h 
75 38 7h 71 27 62 7h 2h 83 8h 
12 7h 6h 38 21 67 4h 7h 48 12 
67 64 61 74 1h 86 47 8h 21 74 
6h 4h 3h 4h 1h 5h 3h 3h 1h 
