2
6a 7b a1 7a 72 a7 6a b2 7b 72 
b2 6b 62 63 76 a7 6a 67 13 a7 
24 26 46 2a 27 31 a7 64 67 26 
13 62 16 47 6a 56 a5 15 74 6a 
36 53 65 76 46 47 67 47 41 4h 
45 4h 53 a3 6a 16 14 64 16 1h 
7h 3h 35 ah 53 2a 5h a2 6a 56 
51 52 15 65 16 12 31 35 15 31 
36 16 71 72 12 51 56 16 21 27 
17 b1 31 2b 3h 3h 7h 6h 65 bh 
56 2b 5h b2 6b 65 b5 7b 72 7h 
7h b2 7b 71 b1 7b 57 56 76 87 
48 5h 84 5h 48 b5 84 1b 15 48 
b5 84 7b 87 47 8h 84 87 82 38 
3h 31 23 74 32 63 51 2h 36 13 
1h 35 23 47 32 63 4h 36 73 74 
34 53 51 31 43 47 37 b3 8b a8 
1a 15 a5 3a 43 48 24 38 23 43 
24 25 45 24 82 4h 24 48 24 84 
7h 74 78 37 35 23 75 27 24 2h 
26 12 13 61 23 62 12 61 2h 21 
62 64 16 12 31 62 36 16 21 5h 
12 61 63 26 13 21 61 36 24 12 
14 31 24 52 17 51 21 42 67 56 
2h 12 16 41 26 42 12 61 1h 61 
65 26 15 41 62 46 48 68 26 21 
42 61 76 24 72 62 16 6h 16 18 
21 68 56 23 42 13 51 61 36 37 
1h 15 71 61 86 6h 86 5h 68 16 
13 51 56 37 57 67 17 51 61 76 
45 74 64 16 25 42 46 74 26 72 
23 52 41 64 61 41 34 64 16 14 
6h 46 61 46 43 14 46 14 64 61 
46 61 36 46 84 4h 64 14 25 42 
46 21 6h 14 12 42 54 63 26 21 
52 42 14 37 41 84 17 67 86 62 
86 13 21 28 16 31 68 48 74 71 
73 13 43 84 62 86 46 34 17 21 
37 47 34 82 85 25 12 61 62 76 
12 71 43 74 37 14 21 64 26 16 
41 47 17 51 25 12 61 62 76 12 
71 73 14 21 43 63 26 16 31 47 
24 37 17 61 64 76 45 15 71 61 
36 42 74 67 26 28 72 68 16 12 
51 62 56 16 21 43 54 23 13 61 
64 36 14 31 61 46 27 32 48 68 
16 12 71 62 56 13 21 23 27 32 
12 31 46 24 21 62 73 13 17 31 
26 41 1h 62 34 73 13 81 47 84 
37 42 34 28 26 72 86 16 71 21 
82 43 14 37 47 84 24 62 64 2h 
62 65 76 61 76 25 63 45 1h 32 
56 64 56 27 52 13 71 62 36 67 
46 62 46 13 21 16 21 61 62 16 
62 36 14 21 14 21 28 1h 42 41 
21 72 45 27 63 84 1h 32 56 14 
71 46 13 48 2h 31 64 82 17 28 
48 71 65 13 3h 52 84 86 28 48 
65 3h 81 1h 52 84 45 2h 56 68 
7h 83 35 5h 5h 8h ah bh 
