1
6h 5h 7h 6h 28 3a 14 58 15 a7 
5a 52 54 a2 5a 58 15 65 6h 61 
81 42 62 86 16 18 68 61 26 24 
64 a6 81 8a 86 a6 16 4a 42 61 
a2 16 1a 18 a8 68 5a 86 15 16 
12 a1 5a 15 a1 5a 52 a5 52 45 
1a 41 24 51 a5 42 54 85 2a 58 
25 45 42 46 a2 64 5a 25 46 a2 
64 7a 74 a4 2a 27 57 52 75 a2 
57 85 4a 58 25 72 57 45 46 56 
25 36 52 45 4h 3h ah 5a 45 48 
74 a8 27 42 84 2a 48 24 23 43 
24 21 41 84 a3 48 24 8a 42 84 
a4 3a 73 a7 4a 48 24 a8 42 84 
2a 48 24 a4 3a 73 a7 1a 14 a4 
3a 73 a7 1a 12 81 a2 18 21 8a 
12 81 a1 3a 73 a7 1a 18 21 a8 
12 81 4a 18 41 a1 2a 42 a4 3a 
73 a7 2a 42 a4 1a 12 41 a2 14 
31 3a 32 a2 12 81 2a 18 21 71 
72 12 17 21 17 21 23 13 21 24 
14 81 a3 18 31 3a 34 a4 14 81 
6a 18 61 68 18 21 a8 12 81 2a 
18 21 a1 4a 74 a7 1a 12 81 a2 
18 21 5a 85 12 81 51 25 86 52 
85 65 68 58 56 25 86 52 15 16 
21 56 75 12 71 41 47 57 25 43 
52 15 13 71 53 75 35 13 41 42 
12 81 72 18 51 35 32 52 53 25 
53 25 35 32 12 51 53 65 13 61 
51 35 68 53 65 85 86 56 58 25 
32 53 15 16 21 56 25 35 32 52 
53 25 53 25 35 32 12 51 53 85 
13 41 47 84 54 25 32 17 81 23 
52 85 15 21 32 13 81 8h 83 86 
8h 8h 6h 48 45 24 85 38 42 34 
84 38 28 23 48 43 24 83 42 84 
34 38 48 43 24 83 42 84 82 38 
32 82 38 48 a4 28 2a 23 a3 83 
8a 82 38 32 82 38 a8 28 2a 23 
a3 83 8a 82 38 32 82 58 a3 23 
85 28 38 32 82 83 28 83 58 8a 
58 a8 32 5a 23 51 35 a1 52 35 
2a 23 52 85 81 28 51 25 85 28 
a3 82 38 2a 85 28 27 53 87 38 
a7 83 58 57 25 87 28 37 58 25 
2h 2h 24 2h 2h 6h 6h 7h 6h 7h 
6h 7h 7h 32 3h 6h 37 3h 2a 32 
3h 2h ah 1h 1h 1h 3h 1h 1h 8h 
8h 4h 4h 7h 6h 7h 6h 7h 6h 7h 
7h 7h 7h 5h 7h 
