1
23 74 54 78 78 7a 7h 7h 6h 4h 
4h 57 a5 4a 46 74 a7 6a 67 a7 
6a 68 a8 68 62 76 6a 76 a6 7a 
57 5h 53 52 53 65 a3 56 15 7a 
67 63 26 73 27 67 46 51 45 65 
16 4h 61 76 72 87 3h 62 86 76 
17 a4 71 67 68 16 78 27 61 26 
76 87 7a 67 62 16 72 87 61 86 
76 17 a6 71 87 7a 87 a7 8a 81 
8h 68 4h 86 4h 68 64 67 16 84 
87 61 76 78 68 76 3h 48 3h 84 
4h 67 86 87 67 46 74 67 a6 7a 
78 48 a4 7a 76 17 a6 71 27 1a 
72 17 a7 8a 86 46 48 68 a6 4a 
74 71 27 41 24 74 27 71 57 a5 
1a 12 a2 4a 42 14 a2 41 24 1a 
42 84 68 46 24 a1 42 14 2a 41 
24 a4 2a 21 a1 4a 41 64 a1 86 
7a 87 67 68 48 74 76 17 86 71 
87 67 68 78 47 54 a5 7a 87 a8 
7a 76 17 86 71 87 67 68 78 76 
87 a6 78 37 7a 87 68 76 57 45 
14 a3 41 34 3a 31 a1 41 84 68 
46 14 8a 41 54 75 67 a8 76 17 
6a 86 a8 71 37 37 4a 54 a5 4a 
34 24 37 17 21 25 3h 34 7h 17 
8h 68 a3 71 23 86 1a 68 7h 86 
7h 68 a1 86 7a 67 8h 76 17 8h 
71 67 2h 12 76 17 27 12 ah 21 
72 71 67 21 62 68 28 12 78 17 
27 12 1a 6h 65 16 14 64 16 53 
61 76 72 17 62 16 76 17 35 1h 
16 13 18 46 1h 81 1h 81 2h 64 
1h 81 2h 46 2h 82 64 28 62 18 
61 21 82 67 86 26 12 85 68 65 
76 85 48 16 41 81 68 24 52 14 
67 56 53 63 76 23 52 18 51 21 
82 86 18 26 52 81 48 1h 86 48 
68 25 42 15 41 21 62 2h 82 86 
58 61 21 62 85 18 67 16 17 62 
76 82 78 68 26 28 17 51 74 24 
82 62 56 4h 84 87 48 87 48 65 
26 78 28 72 68 56 16 31 1h 61 
65 86 15 81 82 12 51 62 56 16 
31 1h 61 65 26 84 58 18 21 24 
14 81 64 36 85 38 15 31 68 36 
27 82 81 78 56 16 53 13 61 21 
62 87 18 12 71 23 83 48 26 42 
82 68 17 21 65 76 46 26 52 16 
41 82 68 17 61 67 17 31 64 36 
62 76 86 28 74 82 78 23 13 61 
64 26 14 31 62 36 62 36 26 23 
63 13 41 62 46 87 28 47 67 46 
82 78 76 74 64 84 28 67 14 82 
76 2h 41 48 46 86 48 25 62 68 
28 52 18 31 64 36 16 81 25 42 
27 32 1h 61 62 86 12 81 84 78 
47 18 21 68 26 16 81 25 62 65 
86 25 72 87 38 24 16 83 52 7h 
31 5h 68 64 56 84 58 61 46 83 
48 13 15 41 17 68 35 3h 81 76 
64 18 ah 56 51 61 86 84 18 64 
81 2a 16 48 42 82 48 61 26 28 
12 68 21 5h 86 8h 12 13 23 84 
ah 45 31 32 57 23 13 6a 78 35 
32 52 84 ah 21 46 23 64 1a 45 
38 57 83 4h 32 2h 76 7h ah 6a 
ah 3a ah 
