2
3a 3b 68 6h 31 37 17 61 b3 6b 
61 67 36 37 34 36 71 a6 26 17 
43 6a 34 63 71 a3 17 6a 67 a7 
56 57 51 27 23 28 37 b5 73 6a 
37 56 73 5b 56 5h 3h 45 48 58 
25 2h 26 32 64 73 27 46 a2 64 
5a b5 46 2b 64 32 46 73 7h 64 
6h 65 46 45 42 65 36 26 23 63 
72 36 71 21 32 62 63 23 b6 32 
3b 31 b1 21 83 12 8b 84 21 b4 
34 12 83 21 6b 38 56 53 63 12 
16 26 21 61 32 35 25 16 83 61 
42 38 43 48 23 16 12 84 62 61 
48 36 21 38 68 12 23 46 31 43 
4h bh 45 12 1h 84 8b 86 b6 46 
84 2b 21 48 b1 82 84 24 82 8b 
82 8h 8h 1h 5h 5h 1h 1h 5h 26 
58 56 86 75 18 15 17 57 51 71 
81 75 78 58 15 18 58 15 17 57 
85 87 57 85 81 51 78 71 81 75 
78 58 15 18 58 15 17 57 85 87 
57 b5 7b 78 b8 7b 71 b1 7b 75 
b5 8b 81 b1 8b 85 b5 78 7b 73 
83 67 b6 68 7b 86 78 37 b8 73 
7b 72 87 82 72 18 1h 27 62 76 
17 51 75 27 62 76 b7 37 8b 73 
28 62 86 37 18 51 85 73 28 62 
86 37 38 78 73 83 27 62 76 38 
17 51 75 83 27 62 76 38 b7 83 
8b a8 b8 38 7a 83 27 62 76 38 
27 83 7b 38 27 67 62 72 76 83 
b6 38 27 62 76 83 27 38 1b 83 
51 62 76 38 b5 83 27 62 76 38 
27 83 7b 38 27 67 62 72 76 83 
b6 38 27 83 3b 62 76 17 51 75 
87 38 73 b3 27 62 76 38 27 83 
5b 62 76 38 57 83 b7 38 2b 62 
83 b6 38 5b 58 53 83 b3 75 73 
53 27 62 6h 25 72 17 31 3h 5b 
15 13 53 25 26 56 15 18 1h 1h 
ah bh 3h 2h 5h 73 41 15 17 1h 
6h 6h 3h 6h 6h 8h 3h 2h 3h 6h 
6h 8h 5h 8h 3h 1h 1h 3h 6h 8h 
3h 7h 3h 4h 
