2
2h 4h 5h 68 65 18 5a 5b 54 52 
56 76 57 35 38 b3 5b 25 a3 52 
65 5a 65 a5 6a 6h 7h bh 6b 62 
12 26 b2 6b 26 b2 8b 83 b3 6b 
26 b2 6b 76 7h 1h 6h 74 56 51 
25 61 26 27 67 26 57 25 23 23 
65 26 23 82 43 16 28 12 62 61 
56 34 65 76 b7 21 6b 86 43 12 
68 16 26 21 52 34 25 72 b7 61 
6b 86 43 68 46 36 34 64 63 86 
43 68 76 27 82 34 28 32 42 43 
23 24 82 34 28 a2 43 b2 34 6a 
46 4b 63 86 12 68 46 4h 4h 4h 
4h 7h 21 a7 12 b6 54 36 3h 21 
8a 12 5b 65 63 53 85 8h 21 a5 
12 6a 86 8h 8h 8h bh 48 21 84 
28 18 12 82 81 28 6b 46 82 18 
64 28 21 81 82 12 76 78 21 74 
84 64 12 18 28 21 81 82 12 76 
21 72 48 47 46 76 86 57 a8 75 
67 7a 67 64 74 a4 47 6a 74 16 
21 62 47 46 76 17 21 72 37 38 
78 67 64 74 16 21 62 37 86 87 
83 73 63 18 16 86 18 1h 4h 16 
1h 2h 28 51 5h 82 8h 45 48 58 
45 46 56 84 86 46 35 3h 68 64 
84 68 a6 5a 45 48 58 34 35 45 
84 86 46 54 75 37 b3 4b 54 53 
b3 35 37 57 35 8b 78 31 75 45 
13 73 64 67 47 54 85 68 b6 7b 
76 b6 67 4b 76 54 53 43 67 68 
78 64 87 84 74 86 37 b3 48 46 
86 38 73 67 64 74 67 7b 67 b7 
8b 48 47 87 68 62 82 78 74 84 
78 72 82 47 42 72 38 35 85 37 
31 71 38 17 18 78 13 57 58 78 
31 87 85 b5 13 81 7b 18 37 81 
87 17 83 51 57 17 38 71 75 b5 
83 78 4b 87 54 15 38 31 81 58 
45 74 71 41 54 85 38 3h ah 2h 
5h 2h 5h bh 5h 15 17 57 15 18 
58 71 78 18 35 3h 4h 2h 2h 2h 
8h 5h 7h 6h 3h 8h 2h 8h 2h 8h 
2h 8h 
