1
4h 5a 73 a6 5a 36 a8 1a 57 63 
57 5h 58 45 42 47 a7 1a 87 a8 
4a 54 a5 4a 41 36 a1 5a 75 87 
58 a4 2a 25 27 27 37 3h 67 a5 
76 4a 42 14 a2 67 4a 14 15 45 
14 a5 45 24 8a 42 84 76 48 54 
51 41 24 a8 67 4a 84 76 48 14 
15 45 24 a4 67 5a 51 76 a1 21 
67 4a 41 54 a1 76 4a 54 a4 67 
3a 3h 2h 7h 23 24 52 53 85 23 
82 52 75 67 56 25 28 12 58 15 
25 12 14 24 52 54 85 24 82 52 
75 67 56 25 28 12 58 45 21 42 
52 45 41 51 25 21 42 51 45 25 
82 43 84 24 52 53 85 23 42 45 
84 25 72 67 26 a2 42 14 4a 14 
a4 1a 13 a3 4a 43 14 a3 41 54 
1a 45 14 81 28 a4 82 8a 87 8h 
3h 7h 18 12 82 48 18 31 38 18 
31 34 14 81 84 14 81 83 48 13 
41 81 48 34 83 18 14 51 84 58 
18 41 43 13 81 85 48 15 41 81 
38 31 81 38 34 84 18 14 84 18 
13 41 83 48 18 41 34 13 81 84 
58 14 51 81 48 43 83 78 67 86 
18 15 41 85 48 18 31 38 18 31 
34 14 81 84 14 81 83 48 13 41 
81 48 34 83 18 14 51 84 58 18 
41 43 13 81 85 48 15 41 81 38 
31 81 38 34 84 18 14 84 18 13 
41 83 48 18 41 34 13 81 84 58 
14 51 81 a8 4a 43 a3 1a 15 41 
a5 14 51 4a 15 41 a1 4a 34 31 
41 74 67 46 14 13 43 a4 1a 14 
51 a4 15 31 34 14 31 1a 31 a1 
4a 41 a1 4a 43 a3 1a 13 a3 1a 
14 51 a4 15 41 5a 14 51 a1 5a 
35 34 54 75 67 56 45 43 53 a5 
1a 15 41 a5 14 51 4a 15 41 a1 
4a 34 31 41 a4 3a 34 a4 1a 14 
a4 1a 13 41 a3 14 21 2a 28 a8 
18 41 43 13 41 1a 41 a1 4a 34 
31 41 74 67 46 14 13 43 a4 1a 
14 51 a4 15 31 34 14 31 1a 31 
a1 4a 41 a1 4a 43 a3 1a 13 a3 
1a 14 51 a4 15 41 5a 14 51 a1 
2a 32 34 24 12 15 71 25 72 75 
25 42 15 41 21 42 34 23 12 14 
51 24 52 12 41 43 13 21 62 65 
15 21 52 15 31 34 14 21 52 15 
61 6h 4h 2h 4h 2h 3h 3h 42 43 
23 52 41 54 24 12 57 5h 1h 41 
47 54 5h 35 17 31 51 35 23 12 
15 31 25 32 12 51 52 12 31 3h 
18 21 25 15 21 28 52 51 21 32 
58 15 18 58 35 25 32 62 6h 1h 
71 26 17 a1 62 4a 74 26 47 54 
51 75 41 84 57 85 45 84 83 43 
84 81 41 54 62 45 34 31 41 54 
26 45 a4 62 5a 51 25 a1 52 15 
3a 73 51 75 35 73 74 7h 34 53 
54 75 34 73 53 45 72 54 75 7h 
7h 7h 4h 4h 1h 4h 1h 4h 1h 4h 
1h 3h 1h 3h 1h 2h 1h 5h 1h ah 
7h 8h 2h 2h 1h 8h 6h 8h 
