1
82 4h 4a 45 43 42 12 42 4h 6h 
6h 74 17 17 13 43 14 15 14 71 
76 75 16 71 78 72 73 27 a7 1a 
41 43 13 24 21 41 74 71 41 27 
24 74 67 65 75 47 42 72 14 17 
47 14 12 a1 42 34 2a 43 24 a4 
7a 74 a7 74 27 7a 27 a7 2a 26 
21 81 56 5h 18 a2 81 7a 72 a7 
72 5a 18 57 a7 6a 67 a7 3a 53 
a5 7a 76 a6 7a 75 67 a5 4a 76 
47 a7 6a 65 a5 81 4a 42 74 a2 
4a 54 72 37 45 34 74 37 a2 18 
4a 47 34 a7 81 43 14 3a 48 34 
a4 81 5a 56 a6 18 4a 81 43 74 
a3 47 24 18 42 64 8a 46 84 18 
41 34 a1 7a 43 18 74 73 43 81 
a3 18 27 81 34 18 7a 81 37 47 
18 a2 81 24 18 3a 42 81 34 18 
a4 81 7a 74 18 a4 81 27 18 7a 
81 27 18 a7 81 6a 65 18 a5 81 
7a 72 18 a2 81 27 18 3a 72 81 
37 18 a7 81 3a 63 67 61 67 46 
47 67 16 18 68 76 74 64 56 53 
63 86 81 61 46 47 67 16 18 68 
56 57 67 36 37 67 86 81 61 76 
73 63 56 54 64 36 37 67 36 34 
3h 7h 64 74 36 38 36 3h 47 18 
51 a5 74 23 47 3a 74 23 47 a3 
74 2a 26 47 a6 74 3a 36 47 a6 
74 23 47 3a 74 23 47 a3 74 2a 
28 25 2h 2h 6h 6h 4h 6h 4h 4h 
3h 7h 6h 7h 6h 7h 6h 7h 7h 8h 
ah 7h 8h 75 7h 18 82 86 21 87 
67 17 82 71 86 17 3a 71 83 68 
17 a8 71 86 17 8a 87 a7 67 48 
4h 46 45 65 74 7h 76 71 61 76 
72 62 17 12 72 16 1h 27 26 76 
27 21 71 67 61 71 57 8a 75 18 
16 86 57 58 78 67 61 71 57 53 
73 87 83 73 18 16 86 37 38 78 
17 12 72 87 83 73 68 62 82 37 
38 78 37 35 75 27 26 76 a7 4a 
84 85 45 28 64 68 48 62 54 26 
21 61 56 46 84 81 41 54 53 43 
64 63 43 16 18 68 34 36 46 14 
12 42 64 63 43 86 82 62 34 36 
46 34 35 45 24 28 48 a4 3a 83 
82 32 a3 6a 65 a5 26 28 68 56 
8a 65 82 26 a6 7a 27 82 a8 7a 
67 62 72 56 57 67 56 53 63 76 
73 63 27 26 76 27 21 71 67 61 
71 36 37 67 a6 7a 73 a3 17 3a 
16 76 37 a7 1a 12 a2 7a 73 a3 
67 62 72 37 1a 73 21 26 16 27 
61 67 62 72 12 56 51 5h 7h 6h 
5h 8h 4h 3h 3h 2h 3h 2h 3h 2h 
3h 2h 1h 2h 5h ah 
