1
4h 7a 37 42 67 17 45 84 64 a6 
3a 34 58 a4 54 84 54 3a 34 36 
3h 2h 43 a6 34 63 2a 62 32 13 
a1 3a 23 26 36 73 76 36 73 72 
32 63 62 32 73 75 74 73 27 26 
76 57 54 74 67 62 72 a7 2a 26 
a6 5a 57 53 65 62 52 15 17 57 
45 4h 51 25 26 56 15 14 1h 54 
75 71 51 65 62 52 15 17 57 15 
13 41 4h a3 83 1a 41 48 18 41 
43 13 81 83 13 81 8h 8h ah 58 
75 78 58 45 1a 81 87 54 65 17 
61 51 75 78 58 25 21 51 85 87 
57 25 26 56 75 78 58 25 2h 8h 
8h 2h 2h 21 26 82 81 48 21 42 
82 78 7h 27 24 62 74 67 27 12 
81 48 65 84 68 58 56 75 78 47 
58 45 75 17 21 52 54 65 24 62 
6h 3h 7h 3h 3h 3h 47 56 45 75 
37 53 54 65 74 67 6h 3h 46 63 
46 52 15 1h 64 16 1h 4h 1h 4h 
81 8h 82 87 48 27 84 18 17 87 
48 12 41 81 48 4h 4h 4h 5h ah 
6h 3h 7h 3h 7h 1h 7h 3h 2h 1h 
2h 8h 2h 3h 7h 3h 7h 3h 
