2
4a 6b 64 67 65 25 61 65 26 b2 
82 8h 4b 76 46 b6 7b 7h 1h 2h 
47 48 47 45 4h 84 85 85 b8 5b 
57 b7 4b 24 27 47 37 a4 8a 82 
a2 5a 87 68 a5 4a 64 84 28 68 
62 46 48 24 68 26 46 b4 6b 62 
56 b2 65 86 6b 86 82 62 56 b2 
65 26 8b 28 68 a6 4a 84 82 58 
42 54 84 a8 4a 45 24 a5 42 74 
4a 74 a4 7a 78 a8 4a 48 24 a8 
42 54 2a 45 24 a4 6a 46 42 74 
75 62 76 56 46 74 54 57 47 45 
24 75 42 64 65 45 24 67 26 46 
54 57 47 64 62 56 42 54 64 76 
74 64 76 75 65 46 45 65 46 47 
67 b4 26 6b 56 57 67 56 b2 65 
26 5b 62 56 b6 4b 74 76 46 74 
75 45 64 65 45 74 73 47 54 56 
46 54 57 47 64 67 47 64 65 36 
45 24 63 26 46 74 75 45 64 62 
36 42 54 63 76 56 46 74 54 57 
47 45 34 75 43 b4 57 6b 67 65 
26 b7 62 36 2b 63 26 24 64 36 
b4 63 26 6b 26 23 63 26 25 12 
75 b3 57 63 76 3b 65 36 31 57 
61 26 b1 75 3b 62 36 57 63 56 
76 75 65 67 26 b3 62 36 57 63 
86 6b 86 b6 75 8b 57 87 85 68 
b7 86 38 6b 67 36 86 38 b7 4b 
41 b1 6b 68 26 b8 62 46 1b 16 
14 64 61 56 b4 65 46 1b 64 16 
18 68 36 b8 3b 38 48 3h 84 3h 
53 7h 48 2h 35 13 14 12 15 18 
13 21 28 52 18 51 21 52 1h 12 
51 4h 15 21 25 42 15 41 21 52 
43 54 24 52 8h 25 42 45 14 25 
32 41 34 24 12 14 51 24 52 12 
b1 2b 25 42 b5 24 52 4b 25 42 
b2 4b 43 54 b3 45 24 23 52 43 
54 24 52 4b 42 54 b2 45 24 5b 
42 54 b4 5b 56 b6 5b 5h 5h 5h 
85 7h 58 7h 85 5h 72 5h 75 2h 
27 2h 24 32 7h 57 45 23 42 52 
35 46 34 5h 75 72 52 35 45 24 
27 47 24 26 52 46 74 76 46 34 
25 72 43 74 2h 52 53 75 23 72 
45 34 71 87 7h 57 52 35 45 34 
72 57 54 25 74 27 57 45 31 43 
41 84 31 73 51 85 45 84 37 53 
54 85 41 31 83 53 85 4h 74 72 
87 57 65 5h 75 78 27 47 34 35 
83 4h 54 53 15 5h 15 5h 15 14 
54 75 72 47 52 45 75 27 43 24 
7h 57 53 65 73 67 64 62 42 72 
37 52 35 46 34 13 54 25 74 27 
57 45 43 53 75 72 67 41 24 27 
47 34 31 41 74 72 42 34 52 35 
76 27 38 23 26 36 23 76 87 32 
13 57 25 47 14 34 73 52 75 15 
31 43 45 24 51 6h 31 53 42 14 
57 25 37 13 43 74 52 75 15 41 
34 35 63 51 41 54 78 67 37 83 
53 65 7h 75 27 57 52 75 52 65 
43 24 25 45 34 72 57 72 57 43 
24 25 45 34 72 67 4h 54 42 54 
57 25 27 57 35 42 74 38 73 43 
74 32 34 23 76 87 32 43 46 24 
43 24 34 32 43 32 63 43 14 4h 
34 36 23 34 23 57 65 35 43 35 
73 78 67 42 54 42 54 57 25 54 
25 57 85 35 13 15 35 73 4h 42 
74 24 27 52 51 21 72 76 57 26 
12 36 13 37 13 73 71 67 31 21 
42 74 67 27 42 35 73 34 63 73 
57 58 35 25 42 78 17 54 53 71 
23 85 3h 37 82 47 43 74 43 14 
52 15 4h 34 47 14 21 51 35 42 
74 12 53 47 21 7h 35 14 42 14 
18 48 24 53 48 7h 35 24 87 82 
72 87 53 25 27 57 35 42 74 42 
74 24 78 47 28 78 53 42 2h 37 
85 84 81 41 51 28 73 8h 34 15 
12 17 27 57 43 7h 72 35 36 56 
27 7h 64 63 43 71 3h 15 36 51 
6h 12 28 8h 6h 1h bh 8b bh ah 

