1
8h 7h 28 1a 27 15 a2 4a 45 46 
47 a7 4a 4h 3h 36 16 42 a4 5a 
54 a4 5a 53 a5 4a 45 a5 43 6a 
64 a4 5a 53 a3 2a 23 a3 4a 46 
84 a6 5a 48 54 a4 3a 32 a2 3a 
34 a4 3a 35 a5 2a 24 a4 5a 53 
a3 5a 56 58 a5 3a 35 a5 81 4a 
42 a2 18 4a 45 a5 81 2a 25 18 
a5 81 3a 18 3h 23 1h 61 62 12 
16 26 13 13 21 61 62 12 16 31 
53 15 61 21 26 16 12 81 62 18 
a1 26 3a 53 a5 62 4a 26 41 24 
a1 64 62 42 46 74 6a 47 64 a4 
24 3a 53 a5 42 4a 46 84 a6 48 
64 24 26 46 42 84 62 48 74 4a 
64 24 26 46 42 74 a4 62 7a 73 
72 76 35 a5 26 4a 62 45 24 a5 
46 24 3a 42 34 a4 62 3a 31 a1 
26 3a 36 a3 6a 62 a2 4a 41 84 
a1 48 64 4a 64 a4 6a 63 a3 2a 
24 a4 2a 23 a3 4a 43 a3 4a 42 
84 78 a2 8a 87 47 34 32 42 74 
78 48 64 62 68 72 87 7h 87 82 
72 67 64 65 86 5h 5h 58 5h 51 
ah 15 8a 85 81 85 8h 28 26 86 
28 27 87 68 67 87 28 23 83 28 
ah 82 78 76 86 28 6a 82 78 68 
67 26 8h 62 76 87 28 7h 67 26 
24 86 28 26 36 26 72 26 72 62 
8h 28 86 38 78 37 28 62 28 62 
82 86 26 28 62 28 62 34 74 67 
27 82 27 82 72 78 28 27 82 27 
82 64 84 24 72 24 72 78 67 28 
32 76 47 8h 74 87 86 38 28 62 
72 67 68 26 27 82 67 86 26 72 
83 18 1h 27 62 63 76 23 72 62 
36 76 27 26 32 76 37 27 62 6h 
ah 8a 68 67 16 87 18 68 76 5h 
67 86 81 78 61 76 86 78 73 67 
68 16 4h 61 86 76 37 87 68 67 
16 87 18 68 46 5h 62 76 2h 67 
86 81 78 61 76 86 78 73 67 68 
16 5h 61 86 76 37 87 68 67 16 
87 18 68 56 6h 86 81 78 61 76 
86 78 73 67 68 16 51 65 86 76 
37 87 68 67 16 87 18 68 76 4h 
24 12 8h 82 78 68 26 21 82 61 
76 28 42 48 67 46 86 84 64 24 
12 87 18 28 72 62 56 5h 68 26 
27 82 67 86 26 72 81 78 ah 87 
18 27 62 68 76 28 72 62 86 85 
65 16 8a 28 27 12 62 76 86 78 
73 67 68 36 4h 63 86 76 27 21 
32 82 68 62 16 82 48 82 48 76 
27 78 27 87 82 78 82 68 74 27 
74 27 86 28 78 27 23 82 87 68 
27 32 86 48 8h 78 23 72 82 68 
73 27 23 42 73 47 27 42 61 76 
72 37 63 46 81 28 78 37 26 32 
82 86 38 68 28 63 23 82 23 82 
72 17 64 26 28 32 28 32 82 83 
63 26 28 32 68 36 86 71 37 74 
37 84 24 62 68 16 28 12 62 86 
73 87 67 26 83 78 73 47 83 48 
78 47 21 42 3h 83 87 38 87 38 
78 73 83 87 38 87 38 61 36 86 
78 86 78 72 67 78 67 72 37 67 
26 67 26 23 12 63 76 5h 67 36 
21 32 62 76 8h 67 26 76 72 82 
68 67 26 87 28 68 76 72 73 17 
82 34 84 28 62 16 84 28 76 47 
7h 67 82 48 61 46 86 28 86 28 
71 67 78 67 87 86 78 86 18 72 
67 72 67 27 63 16 8h 78 82 38 
78 27 78 27 87 82 72 78 27 78 
57 7h 87 72 87 83 28 23 83 58 
72 37 72 37 85 28 87 38 7h 61 
78 5h 86 17 83 28 62 56 51 61 
36 75 86 15 6h 27 18 76 57 62 
63 56 76 37 81 68 27 15 61 76 
81 74 23 3h 18 17 42 51 81 24 
75 1h 18 42 57 62 85 71 1h 26 
58 81 24 4h 17 75 1h 58 4h 85 
ah 52 6a 25 ah 57 7a 5h ah 3a 
ah 
