2
23 2a 24 2h 4h 23 2b 28 32 b8 
23 42 2b 42 45 25 a2 4a 42 41 
46 b4 8b 85 b5 4b a4 2a 12 a1 
7a 71 78 75 76 73 b7 75 a7 12 
7b 87 21 3a 12 78 37 21 a7 12 
4a b4 21 3b 34 35 12 b4 21 7b 
74 b7 74 a7 12 6b 21 7a 67 12 
b7 6b 63 53 21 61 b1 35 7b 71 
57 b1 75 37 57 53 73 75 37 75 
87 3b 78 37 43 b7 34 57 3b 75 
63 63 64 86 84 64 56 b8 67 56 
6b 56 54 64 36 b4 63 56 6b 36 
74 63 76 46 47 67 64 56 b6 74 
5b 58 53 47 b8 74 6b 68 36 53 
47 b8 74 58 54 3b 35 65 36 4h 
63 76 78 37 68 36 76 37 34 83 
4h 38 43 1h 38 43 3h 83 84 34 
83 1h 38 13 3h 83 3h 83 1h 71 
87 37 53 56 36 73 78 27 38 43 
72 47 37 83 43 48 38 34 73 78 
47 4h 38 23 3h 63 65 35 b3 2b 
a2 62 7a 57 52 72 87 56 85 75 
87 8h 84 a4 74 57 54 85 74 87 
57 85 7a 75 87 5h 57 85 86 36 
83 86 18 1h b6 16 3b 83 61 81 
78 31 43 75 67 6h 34 53 83 68 
26 82 38 35 23 85 18 32 13 17 
37 53 87 58 38 63 26 32 83 85 
78 35 73 83 78 81 b8 17 3b 37 
53 b7 35 73 5b 37 53 b3 5b 65 
26 52 15 16 1h 56 75 b1 57 35 
31 73 51 75 76 56 45 4h 36 43 
5b 45 35 43 4h 7h 1h 57 53 45 
73 47 4h 14 74 37 54 35 75 47 
a7 37 53 57 45 37 43 53 75 8a 
38 57 45 35 43 13 53 83 78 51 
75 85 38 31 81 58 57 35 34 73 
83 78 54 35 38 73 58 45 37 43 
53 75 71 87 51 85 75 37 81 58 
51 65 81 68 58 65 73 87 85 68 
62 6h 82 58 78 37 52 85 82 68 
52 15 86 18 58 15 34 83 85 48 
35 13 84 18 38 43 73 17 13 1h 
73 57 14 1h 1h 5h bh ah 7h 2h 
5h 2h 8h 2h 8h 2h 3h 2h 3h 6h 
2h 3h 3h 6h 6h 1h 2h 4h 2h 4h 
2h 
