1
7h 28 14 56 58 5h 4a 41 a1 8a 
87 a7 2a 25 42 84 81 a1 81 82 
7a 74 a4 7a 78 7h 75 73 87 a7 
8a 85 68 67 87 28 26 23 86 28 
2h 1h 25 a5 7a 72 a2 8a 48 47 
87 28 24 32 84 38 28 72 47 24 
62 68 28 72 47 24 a2 7a 47 a4 
8a 86 a6 7a 47 a4 8a 83 58 a3 
85 78 2a 72 82 78 75 37 85 38 
78 27 25 32 75 87 37 67 82 58 
45 76 84 78 68 36 72 57 45 74 
67 62 72 57 45 74 87 86 58 45 
76 47 57 54 84 78 75 47 13 85 
48 58 75 a7 31 5a 85 84 58 13 
a5 31 84 58 45 84 18 8a 58 45 
84 68 26 82 48 a1 84 58 45 13 
8a 48 a8 31 5a 54 84 85 48 13 
84 28 a5 31 62 86 58 45 84 58 
13 85 28 7a 17 82 18 78 37 78 
57 45 74 67 26 72 57 45 74 17 
12 72 37 87 1h 78 1h 31 87 5h 
45 4h 78 7h 37 3h 53 54 34 53 
4h 35 43 8h 35 43 3h 53 54 34 
53 51 31 83 82 58 32 53 83 48 
41 81 58 4h 47 85 48 4h 46 54 
8h 58 48 54 1h 45 64 2h 46 54 
2h 26 a5 62 3a 38 53 45 24 a8 
46 54 62 35 23 5a 36 53 62 43 
24 5h 65 45 64 52 54 65 67 57 
65 64 64 68 26 1h 62 46 62 46 
26 24 64 62 46 62 46 26 18 6h 
81 24 62 16 6h 26 6h 46 62 46 
47 84 67 86 27 68 26 48 24 64 
86 18 61 46 42 84 62 86 85 65 
86 83 58 56 86 28 46 24 84 68 
53 25 16 81 48 45 64 85 68 63 
83 58 43 54 84 28 58 45 48 24 
58 15 78 31 53 85 57 85 42 84 
54 85 82 48 45 24 85 28 48 74 
4h 74 1h 47 54 75 47 84 5h 48 
54 58 15 48 14 54 85 61 46 41 
84 61 86 75 46 54 82 78 86 78 
68 48 64 47 24 57 85 57 85 86 
18 56 15 85 68 42 64 62 16 42 
54 82 18 72 56 25 46 24 54 35 
72 42 53 65 47 64 27 46 34 45 
74 36 56 53 65 53 65 42 64 54 
25 57 25 75 68 26 76 56 57 45 
67 54 65 62 76 52 35 5h 45 62 
86 27 46 24 56 25 45 74 4h 34 
4h 64 43 64 68 56 48 24 65 36 
6h 36 6h 56 83 65 86 42 74 57 
45 34 4h 54 68 36 52 85 72 68 
76 46 84 53 25 27 57 35 48 24 
6h 53 25 45 84 65 76 65 76 38 
4h 84 43 54 57 47 54 52 35 42 
34 54 75 62 46 52 75 64 76 83 
48 83 28 85 28 58 56 85 56 25 
85 68 85 68 62 56 68 56 86 85 
68 85 28 68 56 34 6h 86 82 48 
83 78 28 58 27 57 85 57 85 65 
76 57 65 36 6h 56 75 82 78 82 
78 6h 56 62 36 58 25 43 58 8h 
24 25 45 84 82 42 6h 58 24 26 
86 45 5h 68 34 31 67 16 87 61 
41 52 1h 28 16 74 75 82 42 57 
61 2h 28 74 42 8h 25 16 63 57 
1h 74 38 42 83 2h 36 6h 7h 3h 
ah 2a ah 
