2
2a 85 2b 24 b1 5b 54 5h 28 b4 
24 5b 52 5h 5h 6h a5 1a 14 81 
a4 27 18 5a 15 1h 6h 7h 85 61 
b6 8b 8h 8h 5h 82 81 b8 3b 3h 
38 38 53 15 a8 7a 51 a5 6a 25 
67 a7 3a 36 a6 43 2a 2h b2 6b 
62 b2 6b 67 a6 7a 34 56 a7 5a 
43 b5 1b 57 65 b1 5b 45 35 b6 
41 53 51 45 31 8b 54 85 82 52 
65 b2 56 45 5b 45 b5 13 8b 58 
54 75 84 28 57 15 82 18 58 75 
38 57 45 14 51 a5 83 4a 65 14 
38 a1 83 6a 76 38 67 46 14 61 
b6 83 4b 14 38 b1 83 8b 84 58 
b4 34 7b 85 78 43 87 48 41 81 
58 b7 85 48 6b 56 31 65 46 86 
a8 13 1a 16 a6 36 8a 78 63 87 
18 14 84 18 a1 36 4a 51 48 63 
a8 36 5a 75 63 57 65 68 58 75 
38 57 65 64 76 83 67 16 54 15 
a1 38 7a 65 46 83 64 16 56 51 
65 a7 56 15 2a 65 61 26 a6 51 
8a 84 a4 34 6a 15 62 16 56 51 
75 43 57 45 a2 35 7a 53 54 35 
a7 61 54 25 6a 76 52 75 65 b6 
43 4b 48 b8 38 5b 57 15 b7 51 
45 1b 54 15 a1 83 5a 45 b1 54 
15 4b 51 45 b5 8b 85 b5 35 6b 
86 84 64 76 53 67 56 54 64 56 
58 75 68 36 57 45 48 65 76 53 
58 75 38 57 45 67 46 83 64 16 
54 15 a1 38 7a 65 46 83 64 16 
56 51 65 a7 38 1a 56 75 83 57 
15 12 17 61 65 76 15 71 61 56 
2h 38 5h 83 a5 38 7a 83 b1 65 
46 5b 64 56 b6 38 5b 65 a7 56 
45 1a 54 15 a5 83 6a 17 41 38 
14 51 57 45 17 41 51 45 a6 54 
65 2a 2h 56 75 25 27 57 52 75 
52 15 14 71 21 54 35 27 17 12 
71 12 71 85 17 81 51 84 54 75 
14 57 25 57 25 75 72 41 52 57 
15 27 51 a5 14 1a 71 12 71 21 
27 17 12 71 12 b1 27 6b 72 61 
26 b1 62 76 26 27 67 62 76 62 
16 7b 61 76 b6 26 7b 73 62 b3 
26 5b 75 62 57 65 63 76 53 75 
23 65 76 73 7h 78 7h 17 7h 17 
7h 47 48 78 47 3h 32 bh 23 1b 
41 71 37 bh 72 37 4b 27 7h 73 
47 8h 81 a8 74 27 32 73 47 4a 
45 b7 4b 46 4h 2h 32 3h 35 8h 
53 3h 8h 87 5h 35 36 43 56 4h 
24 78 42 14 18 48 24 17 21 41 
74 26 12 16 71 26 82 84 73 57 
81 41 21 82 42 14 12 42 14 18 
21 24 28 48 23 82 83 24 82 43 
75 37 32 43 17 2h 74 51 32 15 
31 21 71 57 28 12 83 13 23 62 
43 64 24 62 75 47 42 54 64 18 
21 71 47 27 12 17 81 65 46 74 
24 72 76 57 26 42 46 34 26 32 
75 37 71 37 17 27 52 47 64 18 
61 41 74 83 1h 16 71 73 13 61 
43 64 62 42 64 12 61 78 27 45 
24 25 45 84 21 52 72 57 71 57 
56 25 17 27 12 57 65 25 72 48 
74 24 72 71 47 42 84 7h 27 25 
12 48 54 51 42 84 72 37 56 25 
16 48 24 21 32 72 87 41 24 37 
27 12 47 14 26 32 56 75 41 74 
72 42 14 78 27 28 78 37 41 84 
54 85 27 82 52 45 78 28 48 14 
58 65 73 67 23 62 21 62 42 14 
21 71 37 51 85 42 84 54 25 73 
47 83 43 84 73 17 15 12 52 51 
25 75 27 48 54 26 82 16 71 37 
51 35 32 52 15 72 17 45 24 61 
4h 54 57 25 71 38 76 27 57 85 
41 74 75 17 45 14 74 57 52 72 
47 58 74 83 4h 15 67 47 64 54 
75 54 25 71 27 41 72 47 17 23 
53 75 74 17 41 51 35 74 17 74 
37 57 45 38 7h 54 85 75 37 5h 
41 58 45 73 87 23 78 54 4h 82 
17 15 75 37 28 52 54 85 24 32 
52 45 41 46 14 54 25 78 52 4h 
27 85 41 64 78 46 82 58 67 2h 
84 15 76 56 23 43 8h 37 7h 35 
1h 62 64 53 46 26 6h 38 8h 67 
7h 6h 3h bh ah 
