1
2a 26 52 a2 7a 75 7h 45 84 74 
7h 71 87 87 82 a8 1a 18 a8 7a 
78 a8 47 4a 42 4h a2 3a 72 57 
52 72 37 34 36 35 32 38 53 a2 
35 63 3a 63 a3 4a 43 48 4h a3 
4a 64 a6 5a 56 57 45 84 a6 48 
34 4a 34 a4 3a 35 43 a5 34 53 
4a 43 54 a3 45 24 4a 24 26 46 
54 a6 45 34 4a 34 35 83 8h 45 
84 a5 48 54 3a 83 45 84 34 83 
85 35 43 45 84 35 83 43 54 87 
58 48 54 53 43 84 83 58 43 54 
84 a8 4a 45 34 a5 43 54 3a 45 
34 a4 3a 35 a5 4a 45 34 a5 43 
24 4a 24 a4 8a 28 27 87 48 47 
54 87 58 48 54 53 43 84 83 58 
43 54 84 a8 4a 45 34 a5 43 54 
3a 45 34 a4 3a 35 a5 4a 45 34 
a5 43 24 8a 38 42 64 83 68 67 
87 58 47 54 84 58 53 83 48 43 
54 83 58 48 a4 8a 85 38 a5 83 
58 3a 85 38 a8 3a 35 a5 8a 85 
38 a5 83 28 4a 34 82 68 43 64 
84 68 62 82 48 42 54 82 58 48 
54 53 43 54 56 46 84 83 58 43 
54 84 68 64 84 a8 4a 46 a6 4a 
45 34 a5 43 54 3a 45 34 a4 3a 
36 a6 8a 48 46 54 86 58 48 34 
38 53 48 54 34 53 5h ah 7h 15 
57 65 41 53 85 3a 14 58 65 36 
43 a5 31 73 3a 13 34 73 72 a3 
41 4a 14 56 27 41 34 37 13 47 
64 31 83 46 84 34 83 81 48 65 
31 23 84 68 58 56 15 86 32 13 
53 45 43 14 53 25 68 52 65 41 
64 54 85 63 54 65 35 36 56 53 
45 63 54 a5 48 4a 15 43 54 a3 
83 41 74 4a 14 38 45 74 72 42 
84 51 a2 15 48 24 83 51 1a 42 
34 48 34 84 83 28 a5 8a 48 83 
28 27 87 28 34 51 a7 43 5a 15 
82 38 84 38 48 43 84 43 24 51 
25 45 14 38 41 a4 83 8a 18 84 
58 52 35 82 38 58 35 36 56 85 
86 28 56 45 82 38 54 35 85 38 
34 13 1h 84 18 a1 61 5a 16 54 
65 a4 56 15 65 61 51 56 15 56 
25 1a 52 15 1h ah 71 1a 71 72 
7h 12 71 a2 17 61 65 15 71 1a 
51 56 16 71 a1 5a 15 17 61 57 
65 15 61 64 14 51 54 25 14 21 
51 25 27 57 15 17 21 57 25 15 
a1 5a 52 75 a2 57 25 7a 52 75 
a5 7a 72 a2 5a 52 75 a2 57 25 
7a 52 75 a5 1a 51 57 65 17 61 
51 65 61 6h 63 16 a6 1a 15 61 
a5 16 51 6a 61 56 a1 65 16 1a 
15 21 a5 65 26 16 21 27 17 61 
67 56 17 51 61 56 6a 56 a6 5a 
45 41 51 45 46 56 15 16 56 15 
14 61 65 64 15 61 41 46 16 14 
a1 64 8a 68 48 46 86 84 58 56 
54 65 85 68 46 84 58 56 25 86 
28 58 65 64 54 85 82 68 52 65 
85 68 61 56 58 15 68 26 51 25 
65 46 48 68 56 52 85 62 86 56 
85 48 54 65 68 26 84 54 85 62 
86 56 15 85 68 65 26 85 28 68 
46 45 65 a6 8a 82 58 54 84 58 
a2 85 28 5a 82 58 a8 5a 51 85 
a1 58 15 8a 85 18 a5 81 58 5a 
51 25 a1 81 28 58 15 6a 86 51 
25 68 26 56 85 86 18 1h 56 45 
48 58 45 41 51 85 81 51 a5 8a 
28 25 85 28 2h 2h 2h 7h 1h 7h 
1h 1h 7h 7h 1h 7h 7h 4h 4h ah 
6h 1h 6h 1h 6h 6h 7h 1h 7h 2h 
7h 7h 3h 3h 8h 4h 5h 4h 5h 4h 
5h 4h 
