2
35 1a 17 1b 18 13 17 1h 4h 21 
b7 2b 12 a1 3a 31 34 32 a1 8a 
87 84 a7 87 2a 28 a8 2a 28 23 
2h a3 2a b2 3b 32 b2 6b 6h 68 
6h 6h 6h 5h bh 36 2b 26 35 31 
a3 7a 62 b2 7b a3 8a b7 37 4b 
a8 73 6a 76 36 37 b3 67 34 1b 
13 76 18 38 b3 7b 74 b4 64 3b 
a3 8a 81 a1 8a b1 46 2b 23 b3 
7b a8 4a b7 47 4b a7 6a b4 3b 
a7 5a 76 b3 2b 72 74 a5 6a 64 
16 a4 8a 61 a6 2a b2 3b 32 b2 
3b 83 63 86 82 62 b6 3b 32 b2 
43 6b 46 47 67 b6 3b a3 7a 37 
23 b7 6b 46 32 43 63 a6 76 7a 
73 a3 63 7a 74 36 a4 3a 34 a4 
64 6a 36 37 43 67 46 47 36 13 
a7 31 63 4a 36 73 63 67 36 a4 
67 16 6a 46 73 64 76 74 64 16 
12 62 46 47 67 36 a2 63 76 74 
64 36 3a 73 64 76 36 a3 43 4a 
46 a6 36 4a 47 63 a7 36 1a 71 
63 17 61 31 36 73 16 37 b3 61 
4b 48 43 42 46 41 84 83 16 43 
54 56 46 84 58 53 5h 4h 2h 6h 
8h 54 57 65 61 51 25 28 58 15 
41 64 67 47 14 51 a5 25 4a 84 
85 45 74 82 78 48 74 67 46 54 
52 42 74 67 46 14 18 48 74 67 
46 14 16 71 46 74 14 81 86 16 
81 84 78 14 71 81 78 b8 18 17 
81 7b 18 71 7h 73 7h 74 57 53 
45 73 47 57 65 5h 75 74 67 56 
35 7h 47 53 45 75 47 48 54 64 
78 47 45 64 56 76 87 45 64 45 
64 78 67 78 67 48 54 48 54 57 
65 47 84 47 84 74 78 48 47 84 
47 84 56 85 45 74 45 74 86 76 
78 67 47 54 47 54 56 75 54 75 
56 85 75 87 3h 46 45 64 45 64 
54 56 46 45 64 45 64 78 67 47 
54 47 54 74 75 45 47 54 47 54 
68 58 48 74 48 74 75 67 45 84 
45 84 54 58 48 76 57 47 64 54 
85 7h 58 45 75 37 3h 46 84 2h 
85 2h 45 24 5h 47 54 72 7h 67 
45 84 54 58 48 45 84 45 84 76 
87 76 87 67 54 68 78 76 87 5h 
76 87 67 56 45 47 64 57 85 65 
45 74 75 81 61 56 46 74 71 67 
64 56 74 57 67 46 47 41 74 64 
76 75 47 46 34 61 71 57 67 36 
46 74 75 37 4h 64 67 36 ah 63 
76 46 54 73 27 7a 37 2h 45 64 
67 56 47 34 65 26 2h 43 74 64 
76 73 47 46 34 62 72 37 47 14 
5h 67 16 46 74 ah 47 64 61 76 
41 24 67 26 46 74 27 42 64 67 
16 72 6a 76 42 74 73 27 26 76 
37 47 24 1h 47 64 67 62 76 46 
74 27 42 64 67 16 47 14 64 76 
72 62 46 45 74 65 76 46 54 51 
73 17 47 64 63 16 51 75 76 37 
56 35 47 64 61 41 74 75 17 45 
14 74 57 7h 47 46 14 64 74 57 
53 15 65 46 73 47 67 56 45 74 
76 57 46 34 75 37 5h 47 64 58 
65 45 84 64 56 54 25 2h 64 76 
73 47 26 23 63 62 46 32 64 36 
74 37 67 26 7h 62 46 73 47 67 
46 48 74 81 61 47 ah 16 14 64 
76 74 37 64 26 73 27 67 46 5a 
75 64 36 23 73 62 ah 47 46 76 
47 53 65 67 36 57 35 65 76 48 
74 64 56 78 37 57 85 72 62 46 
73 64 58 37 4a 86 25 27 57 85 
65 45 23 5h 76 74 72 64 2h 47 
36 46 54 76 45 1h 57 58 78 ah 
64 61 85 87 16 46 57 6a 61 74 
78 48 16 6h 85 87 57 62 ah 74 
21 78 12 4a 25 8h 52 3h 26 ah 
62 8a 27 7h bh 2b ah bh 
