1
73 17 14 2a 26 52 51 a6 13 2a 
26 24 31 34 14 a6 41 43 13 7a 
72 a2 31 4a 47 a7 37 17 13 17 
12 1a 12 51 52 57 5h 6h 45 42 
4h 12 61 67 17 41 48 42 45 74 
76 46 54 58 25 48 24 54 65 67 
57 45 42 34 38 48 24 34 32 42 
43 24 43 24 54 35 32 52 35 3h 
1h 7h 21 25 15 41 42 84 12 81 
41 24 52 45 24 76 42 84 83 67 
43 14 13 21 52 15 21 43 84 12 
81 8h 41 24 52 45 24 76 42 84 
8h 87 8h 7h 5h 28 67 85 28 24 
84 28 54 82 68 78 76 86 87 28 
67 82 58 48 45 85 42 82 58 76 
85 a8 52 5a 67 54 25 24 54 75 
a2 56 25 67 45 42 52 76 54 35 
5a 25 67 54 25 45 42 52 54 35 
a5 76 3a 24 31 a1 42 5a 24 67 
51 25 45 42 52 54 25 76 a1 67 
54 25 45 42 52 54 25 76 2a 67 
54 35 31 73 a2 37 63 61 31 23 
43 42 32 34 23 34 23 43 42 32 
71 3a 43 a3 17 5a 25 53 25 24 
71 35 34 54 17 32 63 52 65 6h 
6h 64 26 35 23 63 26 25 65 26 
71 7h 62 36 35 23 65 26 28 36 
23 2h 2h 4h 1h 4h 4h 7h 4h 7h 
4h 1h 5h 1h 5h 7h 7h 6h 1h 5h 
1h 5h 7h 6h 7h 1h 5h 72 7h 7h 
2h 1h 5h 1h 8h 1h 8h 1h ah 3h 

