1
2h 38 51 3a 61 a1 61 6a 63 6h 
67 a6 8a 86 8h 85 87 a6 3a 37 
a7 4a 43 48 a4 84 6a 63 67 a3 
1a 15 a5 3a 37 a7 3a 36 a6 3a 
34 3h 6h a3 6a 56 51 61 a6 3a 
53 54 52 34 83 a5 28 2a 28 2h 
7h 32 a3 7a 76 a6 5a 58 a8 53 
5a 15 14 54 65 a4 67 57 6a 85 
86 56 83 85 35 38 58 53 83 65 
63 46 53 45 65 16 46 41 61 64 
56 51 25 61 46 52 45 65 46 42 
62 56 52 15 62 16 56 a5 12 6a 
21 61 26 a1 62 16 1a 12 a2 62 
46 5a 45 65 46 a4 7a 74 a4 8a 
86 18 a6 81 28 1a 82 18 a8 4a 
47 a7 8a 81 28 a1 82 18 2a 81 
28 21 81 28 a1 82 18 2a 81 28 
a8 2a 25 a5 8a 85 18 a5 81 28 
1a 82 18 15 85 18 a5 81 48 4a 
45 14 5h 41 74 78 48 a4 74 8a 
84 87 28 a4 82 48 3a 47 87 38 
36 86 18 a6 81 48 7a 78 74 84 
87 28 a4 82 58 5a 51 a1 81 78 
8a 78 76 a8 67 4a 48 76 a8 67 
4a 47 14 a7 41 24 1a 42 14 15 
45 14 a5 41 74 4a 74 76 46 14 
a6 41 24 1a 42 14 a4 8a 86 a6 
4a 41 24 a1 42 14 2a 41 24 52 
a4 25 1a 2h a1 2a 82 8h 18 8h 
18 7h 81 68 62 82 18 1h 1h ah 
2a 26 5h 62 2h 2h 42 41 74 75 
21 72 2h 32 37 13 27 12 32 a3 
8a 28 21 72 81 78 28 a2 4a 84 
87 18 47 54 81 58 48 54 52 42 
84 82 18 42 14 84 a8 3a 43 41 
24 31 23 43 24 25 45 34 35 63 
45 64 34 13 6h 68 2h 12 86 32 
13 8h 18 16 12 1h 41 46 74 16 
71 41 74 7h 71 27 ah 72 57 7a 
27 5h 72 57 ah 75 27 7a 27 23 
52 73 57 27 52 6h 25 72 75 17 
25 12 72 57 14 61 1h 61 7h 27 
24 62 74 67 74 67 47 46 76 26 
52 16 51 21 52 74 17 53 71 57 
23 12 13 61 23 62 64 24 62 14 
61 21 62 75 17 12 31 1h 21 71 
57 58 35 78 17 26 32 38 28 62 
58 35 71 37 57 15 12 41 1h 21 
26 42 16 41 15 41 51 21 72 56 
15 16 56 45 15 41 73 57 51 65 
71 67 57 15 23 72 75 17 67 57 
27 62 14 61 24 32 54 75 74 54 
35 16 71 76 47 16 41 71 67 25 
62 42 74 17 12 61 24 74 27 21 
52 53 15 75 87 7h 57 51 35 25 
12 72 87 2h 78 47 16 51 26 42 
72 47 53 65 75 27 25 62 75 37 
17 51 26 42 1h 51 52 56 25 15 
71 24 62 73 67 47 24 32 5h 57 
45 23 42 52 75 52 75 13 21 15 
21 51 26 82 57 15 83 23 72 51 
65 12 17 21 17 81 54 35 24 72 
31 38 51 75 24 32 57 15 18 58 
45 57 45 23 42 52 75 52 75 13 
21 15 21 76 37 64 7h 47 12 81 
1h 51 12 31 76 87 56 25 56 85 
75 27 13 51 53 65 13 61 51 65 
17 15 71 15 81 24 32 74 57 74 
37 18 27 45 7h 31 42 78 47 27 
52 27 52 13 71 12 71 21 25 12 
83 57 27 82 15 71 15 71 76 37 
16 31 23 62 73 67 27 52 18 25 
5h 51 72 25 32 28 32 76 57 82 
16 81 21 54 15 74 67 51 65 12 
13 21 13 41 15 41 28 71 38 5h 
12 37 87 54 85 21 72 46 78 25 
5h 17 62 16 81 64 74 53 18 26 
47 6h 35 41 82 71 58 23 3h 17 
85 53 14 6h 32 45 75 28 ah 51 
86 54 68 1a 47 82 23 7h 35 58 
3h 86 8h ah 6a ah 4a ah 
