0
7h 23 71 7h 71 74 7h 84 27 67 
24 86 8h 2h 5h 83 81 42 82 58 
5h 52 16 56 5h 8h 45 48 47 4h 
4h 2h 87 28 25 85 68 61 81 58 
52 57 45 27 87 48 41 51 48 65 
64 6h 6h 54 75 72 52 65 68 36 
58 78 75 85 87 57 63 26 27 25 
75 65 76 78 68 56 58 68 28 56 
57 45 67 16 12 54 25 65 16 21 
52 56 75 26 72 52 15 14 54 25 
27 82 57 85 25 87 82 72 78 28 
27 52 58 35 28 32 52 35 3h 6h 
6h 8h 43 64 26 25 32 3h 65 35 
36 83 87 37 38 3h 78 43 24 12 
15 25 12 17 16 21 72 87 28 12 
16 1h 3h 7h 1h 1h 4h 4h 4h 8h 
7h 7h 4h 8h 5h 5h 7h 6h 5h 7h 
8h 2h 8h 5h 7h 8h 5h 6h 5h 8h 
8h 6h 7h 
