1
6h 12 57 8a 83 85 13 a1 5a 51 
28 54 a1 23 83 61 63 73 2a 24 
64 24 54 23 52 a3 5a 85 84 a4 
5a 25 24 54 65 62 76 7h 67 16 
51 a5 6a 76 75 7h 1h 65 16 a6 
8a 68 64 56 84 58 68 46 41 61 
86 85 48 65 46 86 48 47 87 68 
67 46 87 48 42 82 78 62 76 86 
78 72 82 68 62 16 18 12 82 62 
46 81 48 68 26 21 61 86 84 18 
64 26 81 28 68 26 27 67 86 87 
48 67 46 86 18 17 87 68 64 76 
84 18 67 16 86 78 76 86 78 71 
81 68 61 81 68 67 46 87 48 68 
16 17 67 86 84 58 64 56 86 78 
71 81 68 65 26 85 28 24 84 58 
64 56 86 18 17 87 68 65 46 85 
48 42 82 38 62 36 35 65 46 85 
48 68 76 71 61 86 84 58 64 56 
53 63 16 83 18 68 76 17 61 86 
81 78 61 76 86 78 72 82 68 62 
16 18 12 82 62 46 81 48 68 26 
21 61 86 84 18 64 26 81 28 68 
16 18 68 16 12 62 86 82 62 16 
17 67 86 87 48 67 46 86 48 46 
41 a1 41 45 46 43 54 4a 54 a4 
2a 27 a7 4a 45 24 a5 42 74 6a 
47 64 a4 6a 68 56 a8 65 46 48 
54 68 26 45 74 62 76 46 54 6a 
67 26 45 24 64 76 a6 4a 42 64 
72 62 56 42 54 64 56 a7 65 46 
45 24 65 26 46 54 6a 67 26 45 
24 64 76 a6 4a 42 64 67 56 47 
54 64 56 a2 65 46 45 24 65 26 
46 54 4a 64 62 56 42 34 65 36 
46 54 a4 34 6a 64 56 a4 65 26 
6a 26 a6 3a 35 a5 6a 62 46 a2 
64 36 4a 63 46 45 65 46 43 54 
63 56 46 54 35 43 64 65 26 45 
24 64 56 53 63 46 42 54 62 56 
46 54 a3 45 64 65 76 45 74 64 
56 2a 65 46 47 24 67 26 46 54 
a6 45 74 5a 47 54 a4 2a 28 a8 
4a 45 64 a5 46 54 6a 45 64 68 
56 48 54 64 56 a8 65 46 45 24 
65 26 46 54 6a 45 24 64 56 a4 
65 46 2a 42 62 76 78 68 26 24 
52 64 56 26 a2 6a 65 46 a5 64 
36 7a 63 76 a6 8a 86 a6 8a 87 
a7 6a 67 a7 6a 68 56 a8 65 46 
5a 64 56 a6 7a 78 a8 6a 65 46 
a5 64 56 4a 65 46 42 54 62 56 
46 54 a2 45 64 65 26 45 24 64 
56 6a 56 a6 8a 87 a7 6a 65 46 
42 54 62 36 45 34 64 56 a6 36 
4a 46 54 a6 45 24 4a 24 a4 3a 
35 a5 4a 42 64 a2 46 34 6a 43 
64 65 45 64 63 56 43 54 64 56 
35 63 46 45 24 65 26 46 54 53 
43 54 a3 45 64 62 56 42 54 64 
26 6a 46 45 24 65 26 46 54 a6 
45 64 2a 62 42 74 78 48 24 26 
52 46 54 24 a2 4a 45 64 a5 46 
54 6a 45 64 62 56 42 54 64 56 
a2 65 46 45 24 65 26 46 54 4a 
64 62 56 42 34 65 36 46 54 a4 
34 6a 64 56 a4 65 26 6a 26 a6 
3a 35 a5 6a 62 46 a2 64 36 4a 
63 46 45 65 46 43 54 63 56 46 
54 35 43 64 65 26 45 24 64 56 
53 63 46 42 54 62 36 34 64 56 
36 35 65 63 46 45 65 26 43 54 
53 43 54 62 56 46 54 a3 45 64 
65 26 45 24 64 56 4a 65 26 46 
54 a6 45 64 2a 62 42 84 87 47 
24 26 52 46 54 24 a2 4a 45 64 
a5 46 54 6a 45 64 62 56 42 54 
64 56 a2 65 46 45 24 65 26 46 
54 4a 64 62 56 42 34 65 36 46 
54 a4 34 6a 64 56 a4 65 26 6a 
26 a6 3a 35 a5 6a 62 46 a2 64 
36 4a 63 46 45 65 46 43 54 63 
56 46 54 35 43 64 65 26 45 24 
64 56 53 63 56 a3 65 46 42 54 
62 56 46 24 4a 64 65 26 45 24 
64 56 a4 65 46 5a 64 56 a6 7a 
78 a8 6a 65 46 a5 64 56 4a 65 
46 42 54 62 56 46 54 a2 45 14 
8a 41 64 87 46 84 74 78 48 47 
54 a8 45 64 65 36 45 34 4a 34 
a4 64 56 35 63 26 6a 56 35 63 
26 a6 5a 35 a3 8a 87 a7 5a 35 
a3 6a 62 46 a2 64 56 35 63 46 
4a 45 34 a5 65 26 43 24 6a 36 
42 34 64 56 a2 65 26 3a 62 36 
31 61 46 a1 64 56 6a 46 41 54 
61 56 46 54 15 41 64 65 26 45 
24 64 56 51 61 56 a1 65 46 42 
34 5a 43 24 64 56 a6 4a 42 64 
65 26 45 24 64 56 a4 65 46 2a 
42 62 76 78 68 26 24 52 64 56 
26 a2 6a 65 46 a5 64 56 4a 65 
46 42 54 62 56 46 54 a2 45 64 
65 26 45 24 64 56 6a 46 42 34 
62 36 46 24 3h 42 34 37 38 7h 
46 54 8h 45 64 1h 13 1h 46 14 
a1 6a 15 41 64 a4 6a 36 35 65 
46 a3 64 56 51 61 56 6a 56 a6 
5a 54 65 a4 56 45 6a 65 46 a5 
64 56 5a 54 25 a4 64 26 56 45 
6a 54 25 65 46 a5 64 56 2a 52 
62 16 14 64 26 25 42 65 46 26 
42 14 21 62 64 56 24 52 62 46 
41 61 26 25 42 65 76 7h 24 82 
8h 8h 68 46 6h 86 87 67 46 8h 
64 16 1h 14 1h 1h 8h 85 5h 1h 
5h 85 1h 13 8h 1h ah 2a 52 58 
28 32 31 21 82 85 25 a2 6a 56 
58 68 16 13 63 16 1h 1h 61 46 
2h 42 62 46 ah 64 26 24 32 64 
36 26 42 2a 42 7h 24 62 63 46 
23 42 62 46 43 63 26 23 72 63 
76 26 32 6h 67 36 26 32 34 24 
62 64 36 24 32 62 46 6h 46 ah 
64 26 23 42 63 46 43 63 76 23 
72 78 28 32 68 36 34 64 36 24 
32 62 46 6a 46 42 62 16 31 23 
24 34 23 26 42 43 23 62 42 34 
32 42 14 61 26 23 63 26 24 32 
36 26 82 34 83 2h 62 38 63 23 
42 64 36 32 43 62 46 61 86 31 
83 6h 26 38 23 63 16 14 24 32 
34 24 6h 43 42 46 32 43 63 26 
23 82 6h 36 28 32 62 16 36 23 
26 82 36 83 23 82 5h 35 41 84 
24 12 87 34 63 54 65 62 52 45 
32 43 53 45 47 34 35 23 45 24 
34 53 61 56 36 43 57 25 45 74 
1h 35 63 64 56 34 53 63 46 21 
72 78 4h 42 34 35 23 45 14 87 
27 52 37 53 54 23 ah 35 72 34 
73 54 75 58 23 87 6a 35 42 46 
26 42 41 37 ah 74 73 43 64 21 
32 61 41 52 38 2a 16 14 15 13 
64 86 26 53 4h 62 35 45 31 26 
5h 14 6h 54 68 7h 83 ah 42 38 
24 4a 85 41 58 1h 86 8h ah 6a 
ah 1a ah 
