2
5h 32 6a 61 4b 64 a6 3a 3h a4 
2a 26 a6 21 5a 25 86 26 2h bh 
2h 6b 26 32 3h 63 b6 2b 62 68 
38 36 32 63 83 23 28 b2 8b 86 
b6 36 2b 32 38 28 53 a2 68 5a 
5h 53 25 a2 3a 32 43 a2 86 8a 
34 b3 6b 68 b8 4b a6 86 1a b4 
3b 13 12 68 32 13 1h 18 a2 5a 
52 45 a2 54 65 4a 56 45 48 58 
15 24 a8 42 1a 1h 41 71 47 37 
43 a3 5a 45 41 24 b1 42 14 12 
42 14 5b 65 41 64 54 15 67 51 
65 75 76 56 57 15 67 51 45 47 
14 57 65 41 64 54 65 6h ah bh 
2h 21 6a 76 7b 74 b4 12 64 16 
26 21 61 62 16 62 36 1b 63 76 
75 65 36 b1 63 16 26 21 61 62 
16 62 36 1b 63 76 73 7h 7h bh 
a3 13 41 3b 3a 14 31 a1 b1 3a 
37 13 a7 31 73 1b 37 13 17 41 
37 43 45 35 73 15 71 31 73 b1 
37 13 1a 17 41 46 74 16 71 41 
74 a1 47 14 34 13 17 41 43 74 
13 71 41 34 4b 34 31 23 41 24 
2h 5h 34 13 21 2h b1 4a 41 24 
27 47 14 13 43 14 17 47 34 37 
47 14 12 71 42 74 14 71 37 43 
41 74 31 73 43 14 13 43 74 27 
42 34 31 41 34 37 13 14 34 73 
13 41 43 13 71 27 12 31 34 14 
31 37 23 73 72 32 12 71 a4 17 
21 37 23 13 41 4b 43 b3 13 71 
27 12 31 4a 34 14 31 4b 41 34 
37 13 14 71 34 73 12 71 31 23 
b4 32 13 17 41 37 43 13 41 42 
34 31 73 41 74 34 13 3b 13 12 
41 32 53 5h 4h 24 b4 3b 43 42 
54 65 46 24 34 83 8h 4h 42 54 
65 46 84 8h 8h ah 3a 23 2h 8h 
8h 86 b6 4b 24 2h 2h 5h 5h 12 
a1 3a 23 27 2h 2h 72 32 b3 1b 
21 27 82 17 81 8h bh 2h 3h ah 
1h 4h 6h 7h 6h 7h 6h 7h 5h 6h 
8h 6h 
