1
4h 7h 4a 47 a7 8a 85 38 43 48 
4h 41 34 74 73 43 47 34 47 34 
74 73 43 47 24 2h ah 8h 37 24 
26 73 8a 37 84 24 28 42 73 58 
a4 85 2a 37 42 58 a4 73 6a 37 
85 64 68 68 16 18 15 85 65 68 
63 58 a4 85 3a 73 58 a7 85 2a 
26 a2 8a 26 32 73 27 82 a2 52 
3a 73 25 a7 52 8a 81 25 a1 52 
3a 73 25 a7 52 8a 83 8h 38 25 
87 38 78 73 83 87 38 87 38 52 
83 48 46 86 38 25 83 18 73 81 
28 21 32 81 38 28 32 72 82 87 
18 58 51 81 85 18 27 85 68 64 
84 58 81 58 18 15 85 81 28 78 
72 82 87 18 58 51 81 85 18 27 
85 48 46 86 58 81 58 18 15 85 
81 68 72 86 48 51 84 a8 27 6a 
64 a4 72 7a 73 a3 23 4a 32 15 
46 23 a6 51 7a 32 15 75 23 73 
75 73 67 64 74 a7 8a 28 27 32 
87 38 37 28 42 46 26 32 72 73 
23 27 32 27 82 87 38 27 32 82 
68 64 84 28 23 42 83 68 24 62 
82 38 67 36 86 28 27 32 87 48 
47 87 68 62 36 31 3h 82 38 3h 
8h 7h 5h 7h 5h 7h 5h 7h 7h 13 
1h 1h 7h 7h 18 1h 2h 35 43 4h 
67 46 47 54 5h 7h 8h 78 7h ah 
2h 1a 1h 1h 17 1h 51 5h 87 a8 
58 3a 53 5h 5h 5h 2h ah 4h 6h 
1h 7h 8h 7h 8h 7h 5h 7h 7h 3h 

