1
48 32 75 46 4a 72 a2 7a 71 73 
7h 43 87 81 71 87 82 81 8h 8h 
68 67 6h 8h a8 7a 72 15 a2 37 
3a 38 a8 78 51 57 17 15 75 71 
51 5a 57 a7 56 17 1a 16 a6 76 
7a 71 a1 61 6a 67 a7 6a 65 a5 
4a 17 a6 3a 71 43 46 83 17 84 
34 38 48 43 83 a4 71 7a 75 87 
a5 1a 37 38 78 73 83 17 a5 38 
3a 71 37 a7 37 4a 34 3h 2h 1h 
53 a4 8a 78 a7 6a 35 13 a6 3a 
13 a3 7a 87 a8 5a 53 a3 7a 87 
a8 5a 51 a1 7a 87 a8 3a 31 a1 
7a 87 a8 3a 35 13 a5 4a 31 23 
a4 8a 32 63 a8 7a 87 a8 5a 36 
a3 1a 13 15 35 31 73 51 a1 37 
63 8a 78 a7 3a 63 a3 6a 6h 68 
76 86 87 67 68 a6 1a 15 78 a5 
3a 36 a3 5a 36 13 53 87 a3 78 
2a 51 87 5h 78 a2 87 3a 31 78 
a1 87 3a 23 78 32 53 58 38 23 
54 32 a3 1a 13 a3 1a 18 a8 3a 
38 a8 3a 13 16 12 17 51 35 23 
3h 13 41 34 53 57 25 37 23 26 
53 65 2h 56 35 36 13 41 34 63 
53 65 62 52 35 32 13 52 65 31 
63 53 25 61 26 56 25 23 53 25 
21 51 65 63 16 53 15 65 a6 14 
5a 54 15 a4 51 35 6a 16 53 75 
61 76 56 a5 6a 67 86 85 65 16 
a7 61 36 6a 36 a6 3a 34 a4 6a 
64 26 21 a4 6a 56 58 68 36 31 
23 61 26 2h 2h 12 4h 64 16 26 
12 5h 15 13 25 12 1h 61 65 76 
15 71 61 56 1h 65 76 16 51 6h 
15 71 61 56 5h ah 6a 16 17 81 
1h 81 1h 81 7h 18 51 53 75 72 
37 17 81 52 35 4h 18 71 75 87 
15 81 71 57 1h 18 51 71 87 53 
25 4h 52 85 75 17 13 51 73 87 
15 81 71 57 51 85 65 16 15 65 
86 75 87 67 56 6h 56 51 61 56 
57 15 16 56 75 15 61 65 15 71 
78 27 4h 12 31 5h 56 13 81 71 
37 4h 73 57 67 65 16 18 31 68 
36 16 81 28 12 51 71 75 67 63 
86 73 87 67 36 1h 63 56 15 71 
78 27 4h 78 57 65 36 12 51 75 
47 43 73 87 64 56 15 81 71 57 
34 75 27 28 78 57 65 16 12 51 
75 87 62 86 26 1h 51 62 68 26 
68 26 86 57 85 76 16 31 52 35 
15 61 72 37 62 12 51 57 65 17 
21 56 25 15 71 41 47 17 14 51 
56 75 16 71 51 75 14 15 61 73 
27 67 62 72 12 31 68 56 51 85 
46 6h 75 17 67 56 13 71 73 27 
13 21 71 37 65 36 46 74 17 15 
31 52 72 67 61 56 71 27 58 25 
75 17 28 41 74 57 56 15 76 17 
57 65 68 58 25 13 71 73 87 13 
81 85 82 16 31 65 75 37 17 51 
62 36 52 12 71 76 57 16 21 75 
27 17 61 46 14 71 75 67 15 61 
71 57 63 26 56 52 62 72 37 4h 
14 17 21 65 76 25 15 41 47 64 
76 14 21 73 27 17 51 63 76 43 
67 56 16 71 78 67 61 56 71 87 
67 16 17 34 15 71 61 76 78 17 
16 51 76 87 17 61 67 43 17 41 
58 75 68 46 16 71 51 75 72 17 
15 81 51 58 15 75 67 12 51 58 
35 18 31 51 35 76 87 16 53 65 
82 72 67 51 35 75 17 75 87 16 
51 16 51 78 67 65 75 87 16 51 
16 51 53 85 75 67 71 67 17 34 
1h 71 76 57 64 14 21 27 25 75 
15 21 71 57 51 1h 63 16 51 58 
35 1h 61 86 53 45 16 12 41 51 
65 28 62 86 52 35 43 54 15 13 
21 53 25 16 41 1h 61 15 31 62 
3h 26 56 58 35 8h 54 2h 65 42 
68 24 8h 46 63 4h 32 3h ah 7a 
ah 1a ah 5a ah 2a ah 8a ah 
