1
8a 23 61 a7 3a 31 27 a1 7a 31 
3h a7 1a 13 a3 8a 81 31 23 42 
74 82 8h 6h a2 47 4a 47 41 61 
87 18 13 83 68 64 67 36 31 61 
36 58 63 46 a6 4a 47 48 14 13 
43 a4 3a 31 a1 6a 64 36 a4 63 
86 3a 68 36 32 62 36 a2 3a 3h 
13 12 32 13 8h 86 31 23 21 51 
3h 13 12 32 63 8h 18 36 13 83 
28 23 83 18 2h 81 68 21 86 28 
18 12 82 81 68 21 86 58 57 5h 
12 a5 21 85 28 1a 12 81 68 67 
16 87 18 15 68 16 a2 6a 86 85 
38 65 36 86 18 32 35 63 62 16 
32 13 14 1h a1 6a 76 71 61 26 
7h 62 16 5h 61 76 7h a7 67 16 
6a 16 17 21 67 26 16 21 25 15 
61 65 26 15 21 61 26 a7 62 76 
1a 67 26 16 21 28 27 18 71 a6 
17 61 3a 63 13 71 68 36 38 73 
13 71 68 36 31 73 61 76 36 a3 
6a 67 16 a7 61 76 1a 67 16 17 
51 67 56 16 71 a1 6a 65 16 17 
51 67 56 58 68 76 18 71 61 76 
a8 67 16 17 51 67 56 16 71 1a 
61 65 76 15 71 61 76 a1 67 16 
1a 17 51 5h a7 67 86 1a 41 68 
46 43 63 76 13 71 61 a6 1a 17 
51 a7 15 71 5a 17 51 a1 4a 54 
52 15 14 21 54 75 12 71 51 a5 
1a 17 21 a7 12 81 6a 86 16 a1 
8a 81 a1 6a 61 26 a1 62 76 6a 
76 a6 8a 84 a4 6a 67 16 a7 61 
26 1a 62 16 a6 1a 14 a4 6a 64 
26 a4 62 76 1a 21 67 46 12 81 
64 86 16 21 81 82 68 61 26 81 
78 62 76 86 a8 6a 67 26 a7 62 
46 6a 46 a6 5a 45 48 58 65 68 
26 58 75 62 76 56 45 41 51 65 
67 86 57 85 65 86 81 61 56 51 
25 61 76 52 75 65 a6 5a 57 25 
a7 52 75 8a 28 57 45 82 48 58 
25 45 84 85 78 45 74 84 a8 4a 
47 14 a7 41 74 1a 47 14 a4 8a 
48 41 34 81 38 36 86 78 46 74 
84 a8 4a 47 14 a7 41 74 1a 47 
14 a4 3a 13 18 38 43 48 74 38 
73 43 14 15 45 34 37 83 47 84 
34 83 85 35 43 45 74 35 73 43 
a4 3a 37 13 a7 31 73 8a 18 37 
13 83 18 12 31 38 23 18 71 32 
73 13 a1 3a 37 23 a7 32 83 3a 
83 82 78 32 73 83 28 a8 3a 37 
23 a7 32 83 82 78 32 73 83 28 
7a 82 78 a8 3a 38 23 a8 32 83 
2a 38 23 a3 1a 31 32 73 12 71 
31 73 76 36 13 16 81 36 83 13 
81 86 38 31 23 81 28 38 a3 8a 
82 18 a2 81 28 1a 82 18 16 21 
86 28 18 21 a6 12 71 3a 23 17 
21 31 83 81 78 31 73 74 83 78 
75 75 7h 73 27 23 12 5h 21 32 
5h 23 12 6h 21 32 5h 23 12 6h 
21 32 5h 23 12 6h 21 32 5h 23 
12 6h 21 32 5h 23 12 6h 21 62 
2h 62 5h 26 52 2h 62 2h 62 2h 
32 36 26 32 34 13 24 12 32 13 
17 21 52 78 38 43 58 18 41 2h 
31 53 23 12 57 45 21 32 37 83 
87 37 13 28 72 28 72 31 73 23 
12 54 75 21 32 35 13 25 42 31 
83 5h 38 63 61 24 62 12 32 43 
63 13 16 21 23 26 32 12 31 63 
16 21 23 62 32 36 26 16 31 21 
62 6h 34 13 14 61 36 43 13 51 
57 45 3h 54 75 15 41 31 63 5h 
31 63 13 16 36 31 63 31 63 57 
65 35 13 35 13 16 71 36 53 36 
53 63 54 35 34 63 53 65 34 35 
43 35 83 8h 54 17 51 56 45 51 
45 15 14 81 4h 18 41 64 16 51 
54 65 45 46 56 16 81 17 81 71 
78 18 17 61 54 85 64 14 61 1h 
41 57 85 4h 58 45 78 7h 56 4h 
85 84 54 65 7h 47 56 74 ah 65 
2a 47 56 74 ah 62 3a 45 26 54 
ah 67 1a 43 76 34 ah 62 4a 26 
4h 65 6h ah 5a ah 8a ah 
