2
5h 1a 67 6h 61 6b 64 24 68 26 
25 a5 2a 2h ah 1a 12 a2 3a 3h 
12 a1 4a 48 a8 4a 4h 5h 35 3h 
3h 6h 2h 5h a6 3a 78 38 53 58 
38 43 a5 3a 13 15 35 43 1h 1h 
2h 8h 48 a2 4a 41 84 1h 48 54 
b5 1b 51 45 74 b7 1b a1 5a b5 
4b 54 a5 6a 86 87 67 56 45 b4 
6b 86 84 64 56 b5 6b 56 b5 7b 
74 b4 6b a6 3a 83 86 36 53 b5 
3b 53 b5 4b 47 b7 5b 35 43 46 
36 53 b5 4b 74 76 46 54 35 83 
81 31 53 45 74 8h 47 54 35 63 
67 37 53 45 74 6h 47 54 35 73 
5h 37 53 43 64 6h 61 b1 41 54 
3b 34 53 b4 5b 58 54 75 68 76 
71 61 76 51 75 53 75 73 78 47 
43 73 47 45 34 75 37 47 34 53 
45 74 73 57 43 54 74 37 34 74 
37 35 75 47 45 75 47 43 54 73 
57 47 34 53 45 74 73 57 43 54 
74 37 34 74 37 35 75 47 45 75 
47 43 84 3h 48 54 57 47 54 53 
43 74 73 43 24 2h 23 52 b5 4b 
24 25 32 45 14 1h 16 3h 61 37 
6h 86 3h 68 76 73 87 63 86 76 
b7 4b 64 68 36 48 34 35 45 84 
65 86 46 a4 3a 63 68 56 38 53 
63 b6 2b a2 52 3a 32 83 a2 38 
23 2a 25 a5 35 13 7a 17 37 83 
13 18 38 31 73 78 57 38 53 52 
32 83 72 87 81 71 27 31 23 25 
35 83 75 87 37 83 7h 73 87 85 
8h 28 32 37 83 84 78 34 53 28 
12 3h 83 21 52 38 43 ah 25 82 
87 48 38 53 27 12 6a 86 21 52 
56 26 52 36 53 28 62 83 85 68 
63 83 58 23 72 84 78 64 36 28 
12 1h 63 86 87 38 67 36 34 64 
36 84 78 63 76 86 38 35 43 8h 
58 4h 85 48 ah 45 2a 42 52 82 
68 67 26 87 28 68 56 25 82 86 
58 84 18 26 12 82 68 64 84 18 
71 87 28 27 42 87 48 45 86 78 
65 64 56 64 56 24 72 82 78 65 
26 28 72 81 61 46 27 52 87 48 
68 76 25 72 6h 86 85 48 27 52 
54 28 72 68 16 4h 61 86 27 82 
62 76 85 18 7h 27 81 58 84 72 
45 bh 58 17 84 3b 48 13 73 27 
16 85 18 25 32 68 38 53 61 86 
26 82 73 67 62 16 2h 26 32 35 
63 25 61 31 8h 52 56 53 18 26 
12 82 68 63 26 83 62 4h 38 3h 
26 35 62 ah 54 7a 23 45 32 bh 
56 8b 27 65 72 ah 54 2a 45 2h 
53 5h bh 3b ah 1a bh ah 
