1
1h 31 76 73 6a 67 a7 6a 67 27 
2h 27 23 83 46 84 8h 6h 7h 27 
27 2h 82 83 82 48 65 6h 7h 5h 
2h 61 76 72 84 28 68 76 27 82 
86 48 26 72 84 78 28 62 68 28 
72 a7 6a 76 27 a2 8a 82 a2 8a 
86 48 a6 84 28 26 86 48 2a 62 
84 68 28 62 67 27 82 87 48 27 
12 84 18 28 12 1h 16 13 53 51 
a6 14 7a 76 a6 41 8a 14 82 68 
6h 41 a2 14 8a 68 41 86 48 18 
14 18 61 76 17 51 58 5h 6h 54 
65 75 76 56 57 65 57 35 3h 3h 
76 7h 7h 78 74 7h 8h 1h 61 74 
67 17 41 84 18 71 76 47 16 41 
81 84 14 18 61 48 16 41 81 84 
14 18 21 78 27 17 41 84 18 a1 
5a 45 84 58 75 72 67 52 65 75 
47 84 78 57 56 45 76 47 57 85 
78 74 37 54 35 75 47 84 78 57 
53 25 73 52 a7 45 3a 84 58 35 
a5 4a 84 a8 3a 32 a2 1a 61 23 
16 51 53 65 13 61 51 45 84 58 
15 16 41 56 45 85 84 54 58 65 
48 56 45 85 84 14 51 58 35 18 
31 32 12 61 52 65 15 41 84 18 
51 56 45 4h 16 31 32 3h 5h 1h 
65 61 51 35 3h 13 16 41 36 43 
13 81 83 8h 8h 68 13 61 81 a8 
7a 17 16 41 76 47 42 54 65 a2 
56 35 8a 38 58 35 37 63 57 65 
35 83 87 58 56 45 86 48 4h ah 
2h 6h 2h 6h 2h 6h 2h 4h 2h 3h 
2h 7h 2h 7h 5h 2h 7h 7h 2h 2h 
1h 8h 
