1
15 2a 83 13 23 62 67 63 67 64 
61 a3 86 85 4a 61 56 a4 6a 56 
53 63 76 a3 6a 24 a7 1a 42 16 
13 63 51 24 a3 42 76 24 6a 76 
42 a6 56 51 24 7a 7h 8h 74 75 
76 7h 47 42 72 87 82 48 46 47 
86 48 42 46 4h 4h 3h 35 34 54 
53 43 45 35 74 53 78 48 17 35 
14 18 12 15 16 74 31 3h 34 37 
38 78 48 57 51 71 84 57 48 58 
78 17 18 78 47 43 73 64 67 65 
75 45 37 34 74 87 81 71 47 43 
73 54 57 56 76 46 87 14 17 18 
78 48 61 64 65 45 15 34 31 41 
84 87 47 14 13 43 51 54 14 56 
a1 65 7a 78 56 a8 65 7a 56 47 
46 76 34 37 47 a4 5a 75 73 53 
67 65 75 87 84 74 57 56 76 85 
47 45 48 58 78 64 67 47 84 85 
45 a4 64 5a 58 46 a8 64 7a 74 
a4 37 5a 73 25 27 24 74 54 37 
35 75 27 2h 26 2h ah 7a 57 53 
73 45 47 57 45 4h 46 a6 56 75 
76 56 37 45 3a 54 35 a5 75 37 
1a 73 51 57 53 73 13 65 67 61 
71 51 37 35 75 67 64 74 57 53 
73 15 17 14 74 54 31 37 17 35 
31 51 75 71 51 67 65 75 67 62 
72 57 52 72 35 37 57 a5 7a 73 
a3 37 4a 73 47 a7 6a 65 a5 76 
74 64 37 36 76 37 6a 67 a7 36 
3a 3h 4h 63 26 23 63 26 25 65 
36 35 65 26 2h 8h 4h 8h 4h 8h 
4h 8h 4h 1h 8h 8h 5h 8h 3h 5h 
36 32 3h 4h 4h 1h 1h 1h 8h 6h 
7h 2h 5h 8h 6h 5h 8h 8h 5h 7h 
2h 5h 7h 5h ah 
