0
58 5h 1h 28 42 61 68 64 54 51 
85 67 67 86 37 83 63 53 68 46 
16 14 64 61 46 61 46 16 35 38 
25 28 58 14 64 61 46 85 61 36 
32 62 46 16 14 64 61 46 58 61 
46 85 16 14 35 37 64 61 46 61 
86 82 62 14 56 41 52 62 14 86 
41 87 67 14 56 41 57 67 14 86 
58 35 3h 8h 41 85 81 8h 86 18 
14 84 68 64 76 84 78 68 26 28 
68 26 27 67 86 87 67 86 82 48 
62 46 86 48 41 81 78 72 82 68 
61 46 81 48 68 46 4h 41 34 53 
51 45 31 73 54 75 35 83 86 48 
36 73 84 78 38 43 73 74 34 37 
53 58 45 38 43 74 54 75 43 45 
35 34 73 54 37 53 43 45 35 34 
23 28 38 43 53 54 57 85 47 37 
82 34 23 53 85 28 52 45 75 74 
54 57 35 38 43 58 45 74 34 73 
45 43 53 54 85 82 52 45 35 34 
54 37 83 45 47 57 54 85 35 83 
87 58 53 45 83 78 75 74 85 28 
23 83 58 54 57 45 85 48 74 87 
58 54 75 84 38 57 25 35 32 52 
82 48 47 87 38 58 45 37 23 28 
38 73 54 75 35 43 73 74 34 37 
53 54 75 34 73 53 85 82 52 85 
84 78 54 75 7h 71 76 85 78 7h 
47 58 74 37 38 43 78 27 34 13 
72 17 37 23 24 2h 34 73 71 47 
31 43 42 73 47 27 24 74 72 47 
72 37 32 43 72 47 37 43 48 38 
73 78 47 38 13 74 27 31 23 28 
38 43 78 17 34 23 71 27 37 23 
24 2h 34 73 74 17 34 63 71 67 
37 63 62 46 32 43 63 76 72 47 
62 36 37 43 67 16 34 23 61 86 
32 83 87 37 43 67 16 34 23 61 
86 32 83 84 34 13 64 76 31 73 
74 34 13 64 76 31 73 63 46 78 
47 43 67 46 48 68 46 38 64 76 
78 47 68 46 76 37 36 43 76 17 
34 23 71 87 32 83 86 36 43 76 
17 34 23 71 87 32 83 73 87 84 
74 37 34 13 74 67 31 63 64 34 
13 74 67 31 63 73 67 68 46 78 
47 43 67 46 48 68 46 38 64 76 
78 47 68 46 76 37 36 43 76 17 
34 23 71 87 32 83 86 36 43 76 
17 34 23 71 87 32 83 73 87 84 
74 37 34 13 74 67 31 63 73 47 
67 64 74 76 37 34 13 74 67 31 
23 76 87 32 83 85 35 43 75 17 
34 63 71 67 37 63 65 46 35 43 
47 63 46 45 65 46 75 64 36 35 
43 65 46 36 73 76 47 36 13 74 
27 31 53 72 57 56 76 47 36 13 
74 27 31 53 72 57 37 53 54 34 
73 74 17 34 63 71 67 64 74 17 
34 63 71 67 37 63 65 46 35 43 
47 63 46 76 74 75 37 45 65 35 
43 75 17 34 13 73 17 64 36 37 
43 67 16 34 13 63 16 12 62 36 
32 43 62 76 34 73 63 46 72 47 
67 36 32 43 62 46 36 73 76 47 
36 13 74 27 31 53 72 57 56 76 
47 36 13 74 17 37 13 1h 5h 1h 
18 1h 17 41 48 18 41 4h 2h 6h 
2h 6h 2h 6h 1h 2h 6h 2h 6h 2h 
6h 2h 6h 5h 7h 7h 7h 5h 2h 5h 
2h 5h 3h 5h 8h 2h 5h 8h 2h 2h 
8h 2h 2h 5h 8h 
