2
2a 71 4b 42 b2 12 4b 21 a4 12 
b4 21 1a 1b 21 a1 2a 24 a4 b4 
3a 2b 37 28 7h 2h 5h 14 54 34 
5h 7h ah 2a 27 42 43 41 23 b2 
3b 31 34 14 38 b4 7b 37 3h 73 
b7 4b 41 b1 2b 72 37 b3 2b a2 
8a 72 b7 2b a8 3a 13 14 b2 3b 
43 b3 7b 27 b2 3b 34 13 43 b3 
7b 27 b2 41 3b 31 b1 3b 43 b3 
1b 13 b3 1b 14 b4 1b 12 a1 5a 
27 58 b5 3b a3 4a 45 a5 3a 35 
a5 72 3a 34 a4 5a 53 b3 27 5b 
45 b4 3b 35 b5 8b 83 b3 72 8b 
82 b2 3b 32 43 b2 34 73 4b 37 
43 b3 8b 85 5h bh 3b 34 73 b4 
37 13 1b 13 17 87 82 87 48 17 
41 81 48 43 83 18 13 41 83 48 
18 41 45 4h 4h 74 6h 47 64 63 
4h 74 5h 47 64 64 53 26 46 42 
64 4h 74 35 47 64 26 3h 42 54 
a5 4a 54 a5 6a 67 56 45 24 7h 
42 54 65 86 81 78 61 56 87 58 
48 24 a2 6a 86 85 78 65 76 86 
58 53 83 68 67 56 87 58 68 56 
51 75 61 76 56 85 81 78 51 75 
85 68 65 76 85 78 68 76 6h 76 
7h 57 6h 56 76 57 58 65 67 36 
57 35 65 76 5h 51 35 67 36 56 
15 4h 64 54 75 41 46 74 54 65 
63 46 53 85 64 86 13 68 16 58 
45 36 78 37 67 63 76 63 86 71 
37 71 37 54 35 75 47 46 14 4h 
34 5h 54 65 75 47 43 54 73 87 
67 86 57 35 47 34 54 75 68 16 
5h 45 65 76 51 54 75 65 46 43 
84 74 17 76 37 17 67 61 76 61 
76 73 47 48 34 78 37 47 54 67 
36 45 14 1h 47 54 58 75 48 74 
54 75 76 47 45 84 51 71 67 57 
85 45 74 76 87 ah 46 54 57 65 
47 64 54 75 63 86 5a 45 43 74 
68 36 56 35 47 64 65 86 2h 45 
74 76 57 46 54 74 67 53 15 14 
54 65 75 47 41 71 47 43 54 68 
36 76 27 58 35 7h 87 47 64 65 
86 1h 45 74 76 57 46 54 74 67 
53 45 43 64 53 15 53 15 35 46 
14 34 54 53 45 53 45 41 64 51 
35 51 35 74 37 57 45 68 36 54 
75 76 47 56 85 74 17 7h 67 58 
65 75 47 63 86 46 34 5h 43 64 
74 37 57 15 68 16 56 75 13 53 
45 71 87 47 14 34 64 63 46 63 
46 36 41 34 5h 65 54 75 63 46 
63 16 46 34 46 34 31 41 64 57 
41 2h 75 14 46 14 64 61 41 57 
46 16 6h 15 14 64 63 46 63 76 
78 17 54 35 68 36 56 45 43 64 
43 84 56 85 2h 45 64 67 56 47 
34 65 36 46 24 4h 64 63 76 63 
76 46 54 58 65 36 48 64 56 35 
65 31 83 46 54 28 32 45 5h 63 
84 35 83 56 57 65 57 15 38 23 
42 84 51 75 71 51 25 34 23 53 
45 67 36 17 48 14 68 16 46 74 
53 47 6h 35 74 61 86 47 84 63 
54 3h 46 75 63 16 76 48 64 38 
32 83 47 61 32 57 28 24 1h 76 
73 85 63 86 56 35 37 63 48 62 
32 7h 84 26 23 42 62 38 71 24 
8h 16 23 38 48 61 ah 87 83 14 
73 41 5a 16 8h 37 61 73 ah 14 
3a 41 3h 15 1h ah 5a ah 2a bh 
ah 
