0
1h 84 78 58 73 74 54 64 6h 1h 
15 25 24 21 26 12 17 13 12 14 
31 36 16 81 86 16 21 27 17 31 
31 81 36 26 82 83 8h 87 28 21 
81 72 78 76 86 78 71 73 73 57 
81 54 58 56 5h 48 53 45 78 47 
57 45 43 53 75 73 53 47 45 75 
47 43 4h 4h 2h 8h 2h 8h 8h 1h 
42 48 4h 34 32 3h 1h 42 54 57 
35 47 37 57 24 25 27 32 57 47 
35 34 54 24 35 32 3h 6h 7h 52 
35 3h 1h 4h 43 42 32 14 13 43 
14 18 61 48 64 14 31 38 18 63 
61 68 18 61 38 43 48 38 64 63 
43 13 64 61 65 6h 6h 8h 7h 8h 
7h 8h 7h 8h 7h 3h 8h 7h 7h 3h 
7h 3h 8h 2h 8h 2h 4h 2h 2h 8h 
8h 5h 8h 5h 1h 
