1
16 13 16 1h 81 87 8h 4h 6h 31 
8a 8h 8h 18 83 18 17 87 18 16 
71 31 37 65 63 62 32 52 53 54 
85 28 a4 83 18 7a 32 17 31 87 
68 62 2h 21 23 13 12 71 32 17 
61 67 65 76 23 67 46 17 41 61 
46 47 a4 32 1a 16 21 a6 12 31 
21 23 13 12 71 32 17 61 3a 16 
31 a1 21 8a 78 12 87 18 28 21 
81 82 78 12 87 48 38 35 38 36 
45 46 34 73 78 38 73 64 37 13 
14 71 34 73 75 24 35 73 15 71 
31 83 85 35 83 42 38 13 17 81 
37 83 13 71 81 78 24 87 38 31 
63 42 36 43 81 28 34 23 83 18 
42 32 34 63 24 36 13 83 78 42 
87 18 17 31 87 58 5h 37 43 4h 
57 15 61 41 46 16 14 71 23 17 
21 31 32 73 12 37 63 34 63 43 
46 36 34 73 64 37 63 21 36 23 
24 34 13 26 34 23 2h 4h 2h 8h 
4h 7h 78 14 71 81 78 32 73 83 
18 13 61 83 68 18 31 51 53 13 
15 81 86 38 3h 6h 85 38 3h 37 
43 41 4h 31 53 58 5h 38 73 46 
4h 3h 73 7h 3h 73 72 7h 7h 1h 
1h 8h 1h 8h 8h 6h 6h 5h 6h 6h 
2h 5h 4h 5h 5h ah 27 2h 2h 2h 
7h 5h 5h 5h 5h 3h 
