1
6h 18 7a 78 73 17 18 a7 1a 14 
17 a4 5a 53 57 57 5h 5h ah 8a 
85 35 a3 8a 81 a1 2a 82 a2 3a 
87 82 53 a5 7a 78 a8 5a 51 a1 
8a 85 a5 7a 87 8h 18 31 83 58 
57 15 87 a8 51 3a 35 a5 8a 58 
53 13 25 81 28 58 25 26 56 a5 
3a 13 a1 8a 86 78 a6 4a 87 a8 
4a 42 a2 6a 82 18 a6 5a 15 35 
31 81 a8 7a 78 a8 5a 15 a1 7a 
74 a4 5a 53 85 84 13 a1 5a 35 
13 51 a4 2a 45 48 58 a5 2a 28 
a8 6a 58 45 a6 47 57 8a 85 82 
52 15 31 a2 8a 13 51 75 85 a5 
74 6a 84 38 a6 13 8a 58 54 a1 
7a 84 78 a8 5a 15 31 53 85 87 
18 57 15 85 a8 5a 51 a1 2a 25 
24 54 a5 6a 54 65 a5 8a 18 31 
83 58 56 45 86 38 54 35 85 a8 
3a 38 3h 6h 63 28 21 26 2h 15 
a2 51 6a 36 a3 15 1a 12 a2 52 
6a 36 a3 5a 51 75 a1 21 6a 36 
a3 12 4a 21 57 45 48 58 75 12 
57 35 a8 53 45 5a 65 36 53 45 
a5 21 6a 36 a3 12 4a 47 21 a7 
12 6a 36 a3 21 5a 57 45 a7 12 
6a 36 34 64 53 45 21 54 65 45 
46 56 54 65 a6 54 75 12 57 65 
46 21 6a 54 65 45 46 56 54 75 
64 57 65 45 46 12 a6 21 4a 48 
43 4h 5h 65 42 14 21 42 64 54 
56 25 12 51 a5 46 45 64 7a 45 
74 73 56 43 64 a3 45 64 8a 54 
56 46 45 84 a4 65 8a 83 a3 56 
4a 43 64 a3 46 54 64 65 45 46 
54 6a 45 64 62 42 74 a2 52 47 
24 7a 42 54 24 25 45 42 74 52 
47 64 68 6h 5h 56 75 74 54 75 
7h 7h 3h 2h 67 61 86 71 87 67 
86 21 2h 68 76 78 27 68 26 76 
87 a4 78 67 62 86 72 87 67 86 
84 78 76 27 86 28 78 67 7a 67 
64 86 74 27 68 26 76 87 86 18 
17 87 68 18 16 86 81 78 76 86 
28 71 67 61 71 67 82 68 78 67 
62 86 87 28 67 26 86 78 a4 87 
68 62 76 82 78 68 26 76 87 86 
18 17 87 68 18 16 86 81 78 76 
86 28 71 67 61 71 67 82 68 78 
67 62 86 87 28 67 26 86 78 8a 
78 76 17 86 18 78 67 17 16 76 
71 87 86 18 76 17 87 68 a7 86 
78 7a 71 67 68 78 67 61 71 87 
81 71 37 3h 3h 3h a6 86 18 1h 
1h 1h 7a 67 61 71 47 4h 4h 6h 
34 3h 6h 3h 62 36 35 3h ah 8h 
7h 1h 1h 4h 1h 4h 1h 6h 1h 4h 
2h 2h 5h 4h 1h 1h 5h 4h 3h 4h 

