2
4a 3b 34 38 a8 7a 7h 74 24 73 
7h 87 81 71 78 b7 3b 37 18 b7 
81 6b 26 27 a2 18 6a 62 36 36 
36 a3 2a 81 57 b6 3b a3 18 2a 
b3 2b 27 28 b8 7b a8 75 b5 7a 
2b 12 a7 3a 38 53 57 37 b3 21 
62 4b 26 42 b2 4b a8 48 4a 47 
b8 4b 43 46 24 28 62 48 64 24 
62 4h 42 64 67 47 24 27 32 47 
84 23 82 42 34 2h 43 84 24 a2 
4a 48 34 a8 43 84 3a 48 74 72 
42 84 a3 48 34 3a 23 27 37 b3 
2b a2 42 74 4a 74 a4 7a 76 b6 
3b 63 a6 4a 46 84 a6 48 74 7a 
75 a5 45 24 3a 83 42 84 34 a3 
6a 63 a3 6a 65 a5 3a 35 a5 3a 
43 48 74 38 73 43 b4 7b 74 67 
b4 6b 6h 6h 36 34 53 64 56 36 
53 57 37 63 67 56 37 53 54 34 
73 64 76 36 73 74 34 63 64 56 
5h 34 53 56 52 65 b3 56 35 7b 
87 85 83 53 58 15 73 17 57 35 
38 58 15 12 16 b6 5b 35 32 63 
52 85 b8 36 23 5b 65 32 63 53 
85 82 52 35 36 23 56 25 35 23 
82 38 53 52 65 28 b8 56 25 5b 
25 b5 1b 1h 4h 8h 38 53 52 65 
32 63 53 65 4h 56 35 36 23 56 
25 35 63 4h 36 53 52 65 32 63 
53 45 2h 54 35 36 23 56 25 35 
63 43 46 36 34 53 52 65 54 65 
32 63 53 45 3h 54 65 35 23 2h 
a4 3a 53 56 25 36 23 53 a5 3a 
32 63 a2 36 83 3a 83 85 35 63 
a5 36 53 6a 35 63 a3 6a 86 82 
62 a6 3a 36 53 a6 35 63 5a 36 
53 52 32 63 a2 36 83 5a 85 35 
83 87 37 53 57 65 37 63 53 a5 
3a 36 23 a6 32 63 2a 36 23 25 
35 63 a5 36 53 6a 35 63 a3 6a 
26 27 67 a6 3a 36 53 a6 35 63 
5a 36 53 57 37 63 a7 36 83 5a 
85 81 35 63 6h 8h 85 48 7h 84 
8h 68 26 2h 25 82 4h 28 42 43 
23 82 7h 28 32 34 24 82 4h 43 
7h 28 42 32 34 83 2h 38 43 24 
82 7h 28 42 34 73 3h 83 2h 42 
38 43 23 82 48 24 32 38 43 28 
42 32 83 82 32 83 84 28 34 23 
83 28 42 84 38 32 43 82 48 38 
23 28 38 23 24 52 4h 25 82 83 
23 82 84 38 32 82 48 41 81 28 
23 83 48 21 32 31 21 52 84 58 
28 42 7h 67 56 3h 83 24 72 86 
27 36 48 ah 62 63 23 12 84 18 
28 32 36 43 8a 81 68 28 12 34 
13 23 82 86 48 3h 31 63 23 12 
84 18 28 32 36 83 26 42 12 82 
68 32 63 83 28 14 ah 41 8a 38 
36 23 86 28 38 63 24 62 65 46 
25 82 35 13 64 76 41 75 65 16 
28 72 61 76 2h 12 34 83 84 78 
68 46 21 42 62 56 21 31 53 63 
86 87 38 67 56 83 58 68 36 38 
13 24 82 87 27 42 67 16 14 36 
73 21 52 3h 13 25 72 85 68 41 
75 25 12 24 72 86 78 31 63 64 
56 34 53 63 46 28 32 38 43 28 
42 31 53 61 86 57 37 83 63 86 
24 32 36 13 67 27 42 68 16 36 
83 24 12 85 78 41 24 52 8h 18 
25 62 68 46 28 52 32 83 86 84 
68 72 61 46 81 78 31 23 27 37 
13 82 18 38 73 8h 32 13 27 83 
28 64 36 64 76 68 76 75 65 46 
31 43 63 86 31 52 57 13 87 2h 
18 72 75 25 27 52 62 36 31 53 
68 76 1h 35 23 57 65 76 57 26 
82 36 73 35 28 57 5h 73 ah 62 
65 67 25 5a 86 72 53 27 37 68 
7h 85 72 81 51 27 ah 16 18 75 
68 57 3a 72 8h 27 81 1h 76 6h 
4h 7h bh 1b ah bh 
