1
1h 3h 7h 4a 18 78 17 13 13 a1 
5a 41 a4 54 53 52 54 5h 84 25 
8a 52 45 48 58 45 a5 85 4a 58 
43 a3 5a 53 85 83 a8 7a 58 75 
a5 45 4a 83 47 45 a4 47 54 8a 
47 54 74 75 45 47 a4 57 34 38 
48 43 84 43 24 27 2h 47 84 34 
38 48 43 84 43 84 34 38 48 43 
14 3a 41 34 a4 84 3a 36 a6 48 
4a 46 a4 84 86 46 48 74 4a 74 
75 45 a4 45 84 64 68 48 46 84 
46 74 4a 74 a4 68 7a 73 72 a7 
86 4a 47 a4 47 84 64 68 48 46 
84 46 14 4a 68 14 86 a4 68 1a 
12 61 81 86 16 18 68 a1 86 4a 
41 a1 68 84 8a 46 84 82 81 85 
82 8h a4 64 68 5a 86 46 48 68 
64 84 a5 48 46 86 7a 68 64 84 
86 46 78 71 81 64 a1 46 57 58 
4a 78 57 51 71 a4 64 87 81 71 
46 58 47 67 64 74 8a 68 78 63 
a5 36 87 47 48 78 74 63 87 36 
7a 63 87 83 73 a3 48 38 34 84 
83 43 27 34 38 7a 83 43 27 28 
78 34 a8 43 47 37 34 74 73 43 
27 5a 72 57 34 a7 43 5a 34 65 
43 68 6h 6h 58 68 34 3h 38 45 
48 58 43 25 24 54 12 1h 3h 25 
21 51 25 2h 26 a6 72 76 26 87 
82 83 23 73 62 67 27 82 2a 72 
76 26 37 32 72 87 a7 37 3a 38 
a8 78 2a 28 a8 72 73 23 87 82 
83 23 73 82 8h 87 7a 87 a7 2a 
82 84 24 78 74 84 62 67 27 68 
72 78 28 37 32 72 a7 37 2a 27 
a7 72 7a 73 a3 23 82 2a 82 86 
26 a6 68 62 82 68 5a 86 35 38 
37 87 57 28 26 86 35 34 54 72 
78 74 84 24 65 68 58 62 85 82 
52 38 35 85 a8 7a 57 53 73 25 
27 57 26 35 32 52 75 76 56 37 
35 3h ah 6h 2h 27 62 2a 72 75 
25 a6 67 62 72 57 2a 75 67 27 
a7 72 7a 76 37 3h 3h 1h 4h 1h 
4h 1h 4h 1h 4h 1h 1h 1h 4h 2h 
5h 5h 1h 4h 4h 6h 5h 6h ah 4h 
1h 6h 1h 1h 4h 3h 7h 4h 8h 4h 

