1
31 4a 41 87 45 42 46 45 4h 84 
a6 8a 82 83 42 a4 84 78 7a 87 
68 38 36 35 a5 6a 75 65 67 68 
64 6h 1h 3h 18 a5 81 6a 65 85 
15 86 51 56 58 68 65 85 15 1h 
1h 86 8h 4h 7h 58 56 86 18 12 
13 1h 2h a1 6a 65 13 a5 31 6a 
36 16 13 51 63 15 71 7h 7h ah 
36 76 4a 46 54 a6 45 34 1a 31 
38 37 53 41 54 34 53 a7 35 43 
45 74 35 73 43 54 78 57 47 54 
7a 74 57 a4 75 47 4a 45 34 38 
53 48 54 34 53 58 38 43 48 54 
38 53 43 54 a8 78 57 47 54 5h 
3a 37 63 a7 36 73 6a 37 63 a3 
6a 61 a1 3a 31 73 a1 37 13 7a 
31 73 a3 7a 74 57 51 a4 5a 51 
35 34 13 54 15 35 13 1h a1 31 
53 51 85 31 83 53 15 5a 35 38 
13 58 15 35 13 a5 31 53 6a 56 
36 13 53 65 63 16 53 15 65 16 
a1 5a 56 85 a6 58 35 5a 35 a5 
3a 36 53 a6 35 63 5a 53 65 a3 
56 15 7a 87 51 25 78 27 57 35 
25 2h ah 32 3h 4h 73 75 67 6h 
61 3a 53 16 35 13 63 61 36 a5 
63 86 6a 86 a6 31 7a 67 68 56 
78 57 67 56 52 15 62 76 72 17 
62 86 57 85 73 71 47 4h 1h 65 
36 31 53 58 45 61 86 36 83 54 
65 63 16 53 15 65 a6 7a 57 51 
35 71 37 57 15 38 73 78 17 57 
85 35 a3 5a 58 75 71 87 51 85 
75 17 a5 71 57 5a 58 15 a8 78 
17 57 85 7a 71 87 57 85 a1 58 
15 8a 51 85 a5 7a 75 17 a5 71 
57 3a 83 75 87 37 83 8h 84 a4 
34 53 3a 53 a3 5a 57 35 a7 53 
75 3a 35 73 a5 37 53 5a 57 15 
a7 37 13 53 75 6a 36 57 85 8h 
78 63 76 86 38 31 63 81 78 36 
73 83 68 63 76 83 18 67 16 86 
78 74 37 84 38 78 37 34 63 74 
87 84 28 74 27 87 28 36 73 78 
67 38 23 76 27 37 63 61 86 31 
83 63 76 86 38 36 13 86 18 38 
23 2h 2h 4h 73 67 6h 28 2h 7h 
4h 6h 4h 6h 4h 3h 4h 3h 4h 4h 
8h ah 4h 8h 5h 1h 4h 8h 4h 2h 
4h 
