1
2h 43 18 1a 41 54 a6 5a 54 56 
a5 25 1a 18 a8 28 2h 4a 41 48 
4h 6h 7h a1 4a 4h 4h 54 5h 52 
a5 6a 64 a4 5a 57 a7 8a 85 87 
57 a7 35 5a 35 38 3h 63 76 78 
68 67 62 56 a6 87 75 7a 87 57 
a8 78 25 7a 52 75 a5 85 1a 15 
a5 8a 87 a7 5a 51 57 17 a7 5a 
58 a8 18 16 75 78 58 75 2a 57 
25 21 51 a1 75 2a 23 57 82 75 
85 25 87 82 72 78 28 27 87 52 
78 58 28 57 42 45 25 41 72 74 
24 52 51 21 75 72 52 85 84 54 
85 82 52 85 87 57 45 42 52 75 
78 58 45 48 58 64 65 45 24 28 
48 54 56 46 85 84 54 85 28 52 
45 48 58 64 65 45 84 82 42 54 
56 46 85 84 54 85 87 57 45 47 
57 24 75 25 27 57 52 72 42 15 
14 54 25 27 57 a5 7a 72 a2 4a 
41 a1 74 6a 47 64 a4 6a 65 36 
a5 63 6a 46 45 65 74 76 46 74 
78 48 64 68 48 16 14 64 26 28 
68 46 41 61 84 86 46 84 28 42 
64 68 48 16 14 64 86 82 62 46 
41 61 84 86 46 84 87 47 64 67 
47 86 84 8h 85 8h 1h ah 64 76 
1a 67 16 a6 1a 15 a5 6a 65 a5 
76 1a 67 16 51 5h a6 1a 15 a5 
71 8a 8h 17 28 27 87 21 78 71 
81 28 78 72 82 87 27 18 72 12 
17 27 87 21 78 71 81 28 78 72 
82 87 27 18 17 12 72 82 71 78 
18 71 74 14 81 84 14 78 71 81 
68 67 87 26 24 64 78 76 86 a8 
6a 67 a7 76 2a 67 26 a6 2a 21 
a1 72 2a 72 a2 7a 72 76 7h 46 
4h 67 64 74 67 61 71 26 27 67 
36 3h 34 83 78 72 82 37 38 3h 
6h 5h 4h 5h 4h 2h 5h 4h 2h 4h 
2h 5h 1h 1h 5h 4h 4h 5h 1h 3h 
5h 1h 5h 1h 8h 5h 1h ah 4h 7h 
4h 4h 5h 
