1
6a 83 52 87 8h a2 7a 72 a2 7a 
38 37 a2 7a 73 67 62 a3 6a 64 
6h 36 86 83 63 a4 36 8a 8h 2h 
38 12 17 83 78 63 87 58 5h 36 
71 51 35 65 63 16 17 67 56 a7 
65 36 56 53 63 65 36 65 46 3a 
64 36 a6 56 5a 53 51 35 a5 65 
7a 71 56 a1 65 6a 63 16 17 67 
16 a3 61 36 56 53 63 65 36 65 
16 3a 61 36 a6 56 7a 71 65 a1 
56 5a 53 15 17 57 15 a3 51 35 
65 63 53 56 35 56 15 7a 75 71 
51 57 15 a5 63 1a 71 a7 36 8a 
18 71 87 58 51 35 17 87 68 85 
63 53 56 36 18 75 78 71 63 81 
51 75 85 18 36 15 85 63 68 38 
36 86 83 63 58 36 51 81 63 a8 
36 78 76 7a 57 58 78 35 37 57 
15 18 58 75 73 53 47 45 75 47 
a4 5a 57 a7 35 5a 35 a5 6a 65 
a5 6a 63 a3 46 4a 41 47 48 74 
a8 47 68 26 2a 28 a8 68 74 36 
47 6a 36 74 a6 47 5a 56 a6 74 
5a 53 a3 47 35 74 1a 53 15 47 
a5 74 6a 63 a3 47 5a 51 a1 74 
35 2a 53 25 a5 47 3a 36 74 a6 
47 2a 21 62 63 23 26 a1 74 5a 
36 47 51 75 63 57 65 35 36 56 
53 75 63 54 65 a1 35 36 56 53 
45 63 54 75 5a 35 56 75 72 37 
52 35 75 17 a2 42 71 37 65 73 
27 3a 74 37 42 43 56 23 84 a7 
32 65 6a 67 a7 57 5a 48 56 35 
25 23 53 52 35 52 35 25 23 53 
52 15 a6 32 51 65 75 76 56 57 
15 23 51 85 3a 54 35 48 67 23 
52 35 76 53 15 84 a2 48 51 25 
53 85 5a 35 52 35 67 53 65 75 
76 56 57 35 67 53 15 23 a4 32 
76 3a 48 51 35 32 84 2h 67 a5 
76 3a 31 67 81 41 48 14 48 14 
76 41 54 24 25 45 42 14 52 41 
54 67 45 24 81 3h 13 38 53 25 
45 64 32 13 52 74 76 46 47 14 
25 41 84 43 84 34 38 13 48 52 
31 63 37 63 73 76 36 37 13 67 
31 83 41 24 3h 13 42 54 31 63 
73 76 36 37 13 67 31 63 73 76 
36 37 23 25 1h 35 63 42 14 52 
36 13 43 14 67 41 54 24 25 45 
42 14 52 41 54 76 45 24 83 4h 
14 67 41 24 4h 14 52 38 41 34 
31 63 41 64 34 23 81 8h 35 13 
18 38 13 52 31 43 46 14 73 76 
36 37 13 67 31 63 41 64 34 13 
74 31 23 1h 47 2h 74 52 15 32 
43 5h 45 74 34 73 53 45 ah 54 
35 36 13 56 15 46 51 45 31 63 
47 64 35 63 43 54 57 25 1a 52 
15 47 34 74 36 13 53 15 47 46 
14 54 15 17 5h 15 1h 31 34 63 
14 61 31 43 3h 13 16 41 36 43 
13 71 76 16 31 34 63 14 61 31 
43 8h 34 13 16 41 36 43 13 71 
2h 17 31 34 63 14 61 31 43 8h 
34 13 16 41 36 43 13 71 2h 17 
31 34 63 14 61 31 43 8h 34 13 
16 41 36 43 13 71 2h 17 31 34 
63 14 61 31 23 8h 31 43 1h 34 
13 16 41 36 43 13 71 8h 17 31 
34 63 14 61 31 83 3h 13 16 41 
36 43 13 71 6h 17 31 45 74 64 
35 73 63 43 46 34 46 34 37 53 
13 51 47 34 67 43 64 15 31 35 
63 15 71 73 13 51 47 34 47 24 
64 36 34 53 13 51 64 36 74 63 
76 15 31 35 73 24 26 37 63 67 
56 16 71 31 43 1h 34 73 8h 68 
13 51 61 36 52 75 63 16 12 81 
82 12 31 68 26 68 26 13 21 61 
36 57 25 63 16 15 31 65 76 13 
81 5h 18 41 4h 67 36 37 43 64 
76 36 53 52 75 6h 57 25 35 73 
63 46 5h 63 46 52 35 56 35 65 
63 56 63 26 47 57 35 57 35 75 
3h 53 62 76 35 73 56 53 25 3h 
52 65 63 86 2h 68 36 56 85 34 
83 53 65 64 36 54 85 82 35 23 
65 46 38 43 47 37 53 67 56 58 
36 2h 65 73 72 56 85 27 82 52 
65 62 76 52 75 54 36 47 ah 25 
23 53 65 67 26 28 72 68 76 26 
82 1a 31 32 63 12 81 67 53 74 
18 26 2h 45 81 21 32 35 13 25 
31 7h 52 5h 13 54 31 ah 47 6a 
15 74 51 ah 43 2a 16 34 61 ah 
47 1a 74 1h 45 4h ah 5a ah 8a 
ah 
