1
8h 2h 8h 36 1a 14 12 a2 3a 35 
37 a7 1a 1h 13 68 63 12 a1 61 
64 65 6a 83 63 46 47 67 16 13 
63 43 31 76 71 61 a6 73 2a 26 
37 a6 73 1a 13 17 21 37 12 31 
a7 13 51 5a 54 a4 14 21 7a 73 
12 31 a1 7a 37 a3 5a 53 13 17 
21 37 12 31 71 73 13 17 61 51 
62 65 26 37 65 26 73 56 52 62 
65 26 65 76 36 37 67 63 16 15 
21 73 65 76 36 37 67 63 76 63 
76 36 12 41 63 67 46 16 41 45 
15 61 65 26 54 14 71 31 62 76 
13 16 21 36 12 31 37 17 21 67 
12 61 71 76 16 17 21 67 12 61 
71 63 26 73 13 17 51 37 62 46 
15 41 61 a6 73 1a 14 71 31 37 
17 13 21 73 45 12 41 51 48 37 
a1 73 6a 16 15 65 46 14 51 54 
14 81 86 87 48 16 51 41 45 15 
85 81 48 46 74 37 43 14 54 51 
58 41 48 74 37 43 24 18 42 14 
15 21 45 24 25 14 71 37 13 51 
85 18 71 37 13 a1 21 2a ah 2a 
2h 32 2h 32 8h 72 73 58 23 27 
52 82 85 25 28 72 58 27 52 82 
85 25 37 3h 52 58 28 25 72 73 
23 82 8h 58 28 32 37 27 52 3h 
25 72 3h 27 52 36 25 82 85 63 
8h 36 8h 25 62 3h 26 a2 8a 68 
63 83 48 42 74 82 78 48 74 73 
43 74 7h 75 4h 74 72 75 87 83 
58 73 57 87 58 7h 78 57 3h 75 
87 85 38 75 37 87 a8 7a 73 57 
a3 75 67 8a 68 78 57 5h 61 86 
81 58 61 56 86 58 5h 52 a2 82 
58 5a 54 5h 7h 3h 6h 3h 6h 3h 
3h 2h 3h 3h 2h 2h 3h 2h 2h 1h 
8h 3h 3h 4h 4h 35 3h 1h 1h 2h 
5h ah 1h 2h 1h 
