1
21 63 2a 28 25 23 a3 43 24 24 
72 5a 72 73 7h 78 a5 8a 76 87 
a7 65 1a 17 56 a7 65 8a 8h 81 
85 84 82 a8 1a 15 61 63 64 68 
46 a5 64 2a 46 26 24 a2 64 2a 
42 a2 4a 64 a6 2a 24 a2 46 26 
82 5a 28 52 a2 5a 51 a1 6a 64 
a4 2a 21 52 a1 4a 25 a2 46 26 
4a 42 a2 4a 41 a1 4a 47 a4 1a 
14 a4 6a 62 a2 4a 41 a1 6a 61 
36 a1 63 46 3a 64 36 a6 2a 21 
a1 6a 63 46 a3 64 36 4a 63 46 
4h 3h 3h 4h 4h 2h 34 a6 43 14 
2a 52 41 64 25 72 46 74 24 72 
78 28 42 48 34 28 32 42 34 38 
48 24 28 12 48 14 24 a2 12 4a 
42 14 a2 41 24 1a 42 14 16 46 
14 a6 41 24 4a 24 26 46 14 a6 
41 54 2a 52 42 34 52 53 58 75 
37 47 34 a3 7a 74 37 a4 73 17 
7a 17 12 72 37 a2 73 67 7a 67 
63 73 17 a3 71 57 5a 52 65 62 
52 a5 75 37 3a 32 ah 23 7a 37 
72 37 36 31 35 76 37 26 3h 23 
ah 63 1a 62 8h 32 36 23 3h 13 
a3 7a 67 26 72 37 31 63 71 67 
37 23 72 76 47 36 43 73 17 45 
14 74 67 26 72 37 35 13 75 17 
15 37 13 13 1h 81 1h 31 18 61 
26 12 81 1h 21 3h 63 32 63 13 
61 3h 31 63 64 16 13 41 63 46 
16 21 1h 31 47 34 14 61 31 43 
41 74 64 16 36 13 14 61 63 46 
13 21 1h 31 12 31 36 43 16 71 
34 23 5h 36 43 62 41 54 31 23 
8h 36 13 45 64 42 64 31 63 43 
14 64 36 34 13 64 56 31 23 3h 
43 65 46 36 43 41 64 63 16 43 
14 64 36 17 31 61 46 36 13 16 
51 47 64 34 63 67 56 16 41 43 
74 23 12 31 47 34 14 61 37 53 
63 76 8h 13 81 1h 41 46 34 16 
31 41 64 35 63 43 14 67 56 16 
51 86 48 34 37 63 47 64 34 53 
13 41 46 74 27 42 64 14 31 61 
46 41 74 61 76 46 14 35 73 81 
48 64 63 16 43 14 64 26 6h 36 
62 36 37 43 67 56 41 74 31 73 
43 14 65 36 81 48 14 63 16 46 
34 37 63 47 54 61 76 26 27 67 
62 16 36 13 14 61 63 46 72 45 
74 13 71 41 34 65 36 35 73 65 
16 45 74 61 76 34 13 14 51 34 
53 13 21 3h 12 41 35 43 13 41 
46 34 31 63 41 24 67 26 12 42 
14 64 76 13 41 43 54 13 81 14 
21 85 45 12 31 48 34 14 31 36 
43 58 16 51 34 53 13 81 24 13 
61 2h 38 16 41 42 12 31 35 63 
43 64 15 31 34 53 14 51 67 56 
83 81 31 38 13 38 13 16 41 36 
43 13 81 3h 16 71 34 63 38 63 
17 61 31 43 47 54 64 76 36 13 
14 61 34 73 16 81 8h 14 61 63 
46 13 41 61 36 6h 16 14 31 48 
68 46 13 21 6h 46 45 34 65 26 
16 21 37 63 61 76 31 53 46 24 
3h 13 46 14 34 63 13 41 43 54 
3h 45 34 36 23 63 43 54 27 67 
62 36 45 74 63 76 46 34 36 32 
63 43 64 67 36 34 53 42 62 76 
46 84 8h 35 63 67 26 23 63 76 
26 27 67 62 36 37 32 73 63 76 
27 62 36 37 23 73 72 32 62 76 
36 53 6h 67 86 83 85 35 38 53 
63 76 6h 36 35 23 58 5h 32 83 
85 35 23 65 26 36 53 7h 27 ah 
35 23 1a 61 67 56 17 51 61 76 
32 73 63 16 72 57 17 21 5h 35 
67 26 16 53 ah 71 75 78 67 15 
31 37 83 62 76 16 51 72 67 38 
23 58 25 18 52 32 76 4a 61 25 
23 87 84 53 85 63 13 74 58 36 
3h 41 37 85 45 15 73 ah 34 32 
42 6a 51 57 23 24 75 15 34 ah 
46 42 62 5a 27 5h 21 58 12 72 
83 ah 24 26 38 62 42 2a 85 2h 
58 ah 81 1a 8h ah 2a ah 
