1
47 1a 56 86 16 56 87 12 54 14 
1h 17 a7 37 3h 38 36 53 51 8a 
83 57 85 a3 8a 53 83 a5 7a 78 
a8 7a 75 a5 8a 85 a5 7a 78 a8 
7a 75 7h 5h 3h 74 a4 8a 84 a4 
5a 57 58 a7 54 84 3a 38 28 a2 
3a 36 a6 3a 3h 34 83 86 28 86 
28 38 63 86 25 74 38 23 27 2h 
2h 4h 74 8h 47 4h 45 7h 68 75 
74 8h 54 5h 6h 86 58 a2 85 68 
8a 68 62 82 58 a2 85 68 8a 68 
61 81 58 a1 85 28 8a 28 21 81 
58 a1 85 68 8a 68 a8 6a 36 43 
45 35 63 4h 36 43 46 36 a3 6a 
64 a4 8a 83 58 a3 85 68 5a 86 
58 54 84 68 a4 86 28 5a 65 82 
68 58 65 6h 6h 68 26 5h 85 62 
86 56 25 4h 52 65 68 16 6h 86 
4h 56 25 1h 52 65 68 26 16 12 
62 58 15 65 26 65 26 21 52 26 
52 62 4h 26 25 62 25 82 61 56 
61 56 28 12 48 21 42 82 84 24 
16 15 65 61 56 61 56 16 15 28 
12 65 62 56 62 56 13 53 45 5h 
25 56 25 65 62 56 62 86 53 25 
53 15 48 64 26 51 85 62 86 56 
25 35 32 52 53 65 68 26 63 16 
48 54 35 5h 25 61 86 52 85 65 
26 32 63 56 58 25 48 5h 35 6h 
86 64 86 52 15 23 46 48 68 51 
45 65 86 32 5h 23 54 85 65 36 
3h 62 56 58 15 84 64 26 23 42 
63 46 26 42 84 68 62 46 82 48 
68 26 28 68 46 51 85 82 52 85 
86 28 25 85 18 26 52 56 26 42 
81 48 81 48 43 5h 15 1h 14 61 
3h 16 41 6h 14 61 68 18 41 ah 
14 81 86 16 41 5a 45 15 31 84 
38 1h 41 83 68 14 61 81 48 42 
14 18 61 81 41 24 84 18 14 84 
38 62 36 86 48 35 41 81 68 65 
16 85 48 61 26 42 34 86 18 16 
86 28 18 61 68 1h 81 16 51 1h 
61 1h 81 82 68 16 21 43 81 5h 
14 38 12 61 46 54 53 43 24 85 
14 35 6h 48 31 51 67 56 84 18 
72 15 86 6h 41 28 42 54 27 17 
63 45 82 71 2h 36 74 58 14 65 
83 3h 41 56 63 47 2h 38 76 16 
85 ah 64 52 67 25 4a 71 58 83 
1h 36 65 3h 52 5h ah 2a ah 7a 
ah 
