1
28 48 18 45 4a 26 27 28 67 a7 
5a 57 a7 2a 28 27 17 52 5h 57 
45 65 46 14 68 18 a8 6a 38 a3 
4a 42 a2 6a 64 6h 86 8h a4 6a 
68 a8 5a 56 a6 5a 53 a5 6a 65 
a5 76 7a 47 67 46 a6 76 7a 74 
a4 64 6a 67 a7 8a 86 83 63 46 
a3 67 46 8a 64 76 64 86 81 61 
46 a1 67 46 8a 64 76 64 76 46 
47 67 64 86 82 62 46 a2 76 74 
64 67 46 67 46 76 74 64 67 16 
6a 16 12 62 46 a2 67 86 74 6a 
76 46 47 67 64 76 64 76 46 47 
67 64 16 1h 74 a1 47 8a 8h 74 
85 82 84 78 a5 87 18 7a 81 78 
a8 7a 75 a5 8a 85 78 a5 87 48 
45 85 78 6a 56 87 58 68 46 54 
65 a6 8a 84 58 a4 85 78 8a 78 
a8 4a 45 a5 8a 87 48 a7 84 78 
4a 87 48 a8 4a 54 58 48 34 32 
42 84 85 45 a4 8a 84 78 a4 87 
58 54 84 38 8a 38 a8 2a 28 a8 
3a 36 a6 8a 82 a2 8a 86 78 a6 
87 48 45 85 78 4a 87 48 a8 4a 
24 26 46 54 58 48 64 62 42 34 
37 a7 4a 84 85 45 84 87 58 54 
57 47 87 68 45 74 75 45 74 86 
78 48 24 26 46 84 87 68 47 64 
84 68 26 82 48 46 74 86 78 48 
64 62 42 84 87 58 54 57 47 87 
68 45 74 75 45 74 86 58 54 84 
78 58 57 87 85 48 47 87 68 45 
74 75 45 74 86 78 48 24 26 46 
84 87 68 47 64 84 68 26 82 48 
46 74 62 a2 47 64 8a 68 48 24 
28 48 24 26 46 84 86 46 84 82 
78 42 54 58 48 74 54 57 47 45 
74 45 74 54 57 47 45 64 a6 75 
3a 31 a1 57 4a 74 45 74 54 57 
47 45 74 45 84 85 45 74 84 68 
62 82 48 47 24 87 18 42 14 84 
18 13 71 83 78 18 41 43 74 13 
71 41 84 81 58 54 51 41 81 78 
45 74 84 18 15 85 48 47 64 87 
68 48 24 28 48 24 26 46 84 86 
46 84 82 68 a6 42 14 5a 41 64 
62 82 58 a8 4a 84 81 58 18 48 
74 15 47 14 54 51 41 45 74 15 
47 84 85 45 74 81 28 47 24 84 
68 26 82 48 42 54 82 58 48 14 
51 45 84 81 78 41 74 84 18 15 
85 48 47 64 87 28 24 26 46 86 
78 42 74 84 68 62 82 48 47 54 
87 18 45 14 84 18 17 41 48 54 
51 58 18 48 74 15 71 41 84 85 
45 24 26 46 14 17 81 47 84 87 
28 47 24 84 78 18 61 64 14 81 
87 68 62 82 78 18 41 42 12 41 
46 84 87 68 18 61 47 84 81 78 
41 74 84 68 63 76 83 78 68 46 
48 74 68 26 47 14 62 16 46 74 
13 71 41 64 63 76 43 74 7h 64 
16 14 71 64 76 7h 7h 2h 6h 2h 
2h 2h ah 5h 5h 5h 2h 3h 8h 8h 
8h 2h 3h 5h 3h 5h 2h 5h 2h 5h 
2h 3h 8h 3h 4h 4h 3h 5h 2h 5h 
2h 3h 4h 4h 3h 5h 2h 3h 5h 3h 
1h 
