3
6a 6b 6h 7h 78 6c 63 a3 6a 76 
b7 6b 76 73 78 a7 2a 63 86 82 
a3 62 86 8a 68 b6 7b 76 a7 6a 
67 36 a7 b7 63 8a 8b 86 a6 8a 
8h 38 2h 83 68 28 26 86 3h 68 
a2 86 3a 68 c2 86 3c 8h 38 c8 
3c a8 3a 34 35 42 b3 24 6b 51 
63 42 b3 24 6b 16 42 61 a6 24 
3a 42 c6 24 8c 42 a3 24 8a 86 
58 75 a6 18 5a 81 c6 42 3c 24 
a5 18 1a 57 15 42 1h 18 24 1h 
14 c3 5c 75 c7 4c 42 12 51 75 
17 b1 5b 75 b7 3b 31 b1 5b 75 
b7 3b 32 38 48 4h b2 5b 54 58 
74 c8 47 5c 74 b7 5b 5h 35 36 
43 74 37 13 12 32 63 3h 73 5h 
45 57 45 35 23 21 31 63 2h 36 
13 28 31 23 83 82 32 38 13 28 
31 53 54 15 34 13 53 45 18 31 
38 43 18 41 53 45 4h 42 45 64 
2h 46 54 bh 45 64 4b 54 8h 45 
64 65 45 64 4h 54 8h 45 24 5h 
42 54 56 46 24 bh 42 64 65 45 
24 4b 54 56 46 24 8h 42 64 65 
45 24 5h 56 42 34 31 23 41 24 
34 23 8h 32 43 42 14 32 13 43 
84 4h 84 5h 65 48 24 56 25 45 
64 4h 84 58 45 24 5h 54 25 84 
2h 48 23 63 26 27 42 37 24 32 
16 41 45 34 15 81 15 81 43 84 
23 52 54 24 52 12 41 12 41 48 
34 18 21 18 31 36 23 83 16 31 
46 84 14 81 43 41 34 41 84 32 
13 32 13 14 81 34 23 34 23 43 
51 35 76 42 52 15 45 35 23 35 
23 53 41 34 52 51 43 74 21 31 
32 13 64 67 47 31 23 46 14 43 
14 34 32 43 32 13 43 24 43 24 
34 32 42 43 24 43 24 76 25 12 
67 52 42 34 42 34 24 51 25 4h 
43 24 54 35 32 43 54 15 32 43 
45 24 35 23 53 76 18 61 45 64 
76 16 51 47 84 67 24 72 3h 27 
52 13 41 32 76 31 73 54 65 67 
57 15 36 43 53 25 76 31 23 12 
31 51 75 23 72 48 74 24 32 54 
85 35 43 25 62 34 73 4h 26 42 
43 54 2h 12 24 12 42 41 34 1h 
43 24 21 52 12 42 34 15 21 25 
43 54 14 31 37 43 17 34 2h 71 
1h 73 3h 42 51 63 24 62 32 43 
41 64 58 65 45 64 8h 31 23 47 
32 76 8h 24 13 18 42 54 38 23 
24 62 52 45 42 35 7h 24 bh 53 
87 42 52 32 78 8b 24 25 23 27 
45 81 37 26 14 5h 68 57 86 7h 
73 62 72 32 41 1h 25 28 26 86 
56 bh 67 63 64 73 46 1b 62 3h 
32 2h 26 bh 68 8b bh 6b ch ah 
bh 
