1
1h 4a 83 28 21 a1 8a 87 84 83 
28 2h 25 a7 2a 21 82 81 84 21 
78 72 74 82 68 46 a7 2a 26 a6 
4a 42 a2 4a 4h 8h a8 2a 28 42 
a8 4a 42 41 54 51 41 54 a5 45 
7a 74 73 71 7h a4 2a 23 62 6h 
68 a3 6a 68 28 62 62 6h ah 14 
16 1h 46 4a 41 a1 5a 54 a4 5a 
5h 56 5h 8h 6h 8h 6h a5 4a 45 
a5 8a 84 a4 3a 23 a2 8a 82 a2 
48 42 1a 14 a4 6a 16 82 18 68 
16 15 65 46 48 14 68 16 46 84 
a8 7a 67 61 86 71 87 67 86 85 
18 65 76 75 17 65 26 87 28 68 
26 23 63 86 83 28 63 76 71 57 
45 34 61 36 46 14 82 38 41 64 
68 16 48 14 64 26 36 32 62 63 
86 23 68 46 41 24 61 56 75 17 
42 84 71 87 47 14 83 18 48 74 
73 27 43 84 81 58 65 36 41 34 
64 16 72 17 67 a6 8a 48 43 24 
83 58 a5 42 34 4a 74 71 27 41 
34 72 37 32 72 17 42 14 74 27 
a7 8a 78 72 37 82 38 36 86 28 
76 27 87 28 26 86 78 76 27 86 
38 72 37 87 38 73 78 27 38 72 
47 41 64 83 71 67 47 14 38 41 
64 62 42 14 83 41 74 72 17 42 
14 38 74 57 a5 83 7a 27 38 72 
47 41 84 71 67 48 64 74 17 68 
63 16 76 47 48 24 78 27 47 24 
28 48 74 78 27 48 34 72 37 3h 
47 64 34 61 46 41 24 61 36 42 
34 37 23 27 82 86 26 72 32 83 
82 32 63 62 32 83 87 37 23 26 
36 23 27 37 63 67 37 23 28 12 
38 73 21 72 32 73 78 38 23 26 
12 36 13 23 62 68 28 32 31 53 
a5 21 72 6a 16 27 82 61 56 28 
52 62 16 54 5h 61 46 45 14 65 
26 25 12 65 16 42 14 64 26 24 
12 64 16 64 16 1h 1h 8h 3h 8h 
5h 8h 5h 8h 5h 7h 5h 7h 5h 5h 
ah 2h 8h 4h 7h 7h 8h 4h 4h 8h 
8h 4h 8h 5h 7h 4h 5h 8h 5h 6h 

