2
16 26 32 8a 8h ah 7b 76 71 27 
2a 27 b6 2b 27 2h b2 4b 27 24 
b2 3b 3h 5h 34 32 32 83 a2 3a 
34 a4 7a 73 a3 7a 72 a2 3a 32 
13 a2 31 63 1a 36 43 42 32 63 
a1 36 13 2a 31 43 23 24 34 32 
63 a4 36 13 6a 31 63 a3 4a 42 
a2 3a 36 13 a6 31 43 3a 43 a3 
4a 4h 47 54 a7 1a 15 61 a5 16 
3a 37 13 63 a7 36 3a 43 48 38 
23 27 37 83 87 37 a3 63 6a 61 
a1 31 6a 13 65 61 a5 65 63 1a 
15 a5 35 6a 53 62 36 82 63 76 
7h 35 3h 31 53 51 31 73 27 32 
13 15 35 a3 6a 56 51 61 76 27 
62 16 15 65 b6 36 13 3b 13 b3 
1b 17 18 72 1h 31 2h 13 51 53 
13 51 ah 15 31 35 15 31 5a 51 
53 13 15 31 15 31 51 53 13 15 
71 27 12 31 1h 31 ah 13 71 27 
12 31 5a 15 21 1h 21 1h 51 13 
51 31 35 73 72 32 53 13 15 71 
5h 17 51 ah 15 31 35 73 15 71 
31 53 5a 1h 17 51 bh 15 71 5b 
17 51 b1 5b a1 31 53 54 56 34 
53 46 5a 75 ah 64 5a 75 2h 46 
1h 64 2h 46 1h 64 2h 57 15 46 
51 25 5h 15 64 51 25 1h 52 75 
46 57 45 43 14 71 53 75 78 15 
71 63 7h 57 58 35 56 35 28 72 
47 46 84 76 87 47 84 53 75 74 
87 54 85 83 48 75 47 87 58 48 
74 78 37 48 34 74 87 51 35 28 
72 47 45 84 75 87 47 84 81 78 
74 57 84 58 78 47 53 45 75 87 
41 54 51 35 21 85 28 48 54 53 
15 74 17 57 85 81 48 51 75 72 
17 52 15 75 17 84 58 57 15 27 
82 48 43 74 83 78 48 14 54 35 
74 37 8h 57 45 85 78 73 47 41 
54 57 15 47 34 84 28 8h 48 43 
74 83 78 48 34 75 37 8h 85 38 
47 24 7h 45 24 83 28 73 27 87 
38 47 54 47 54 83 58 48 74 48 
74 51 75 51 35 41 84 41 84 87 
38 47 14 47 14 74 83 18 53 15 
85 78 7h 71 57 87 18 82 38 51 
35 85 18 21 82 78 48 47 54 53 
15 43 24 41 74 84 12 75 37 85 
38 21 78 57 47 45 84 ah 48 54 
74 75 87 4a 78 57 45 84 12 6h 
48 54 75 87 21 6h 78 57 45 84 
83 18 82 68 43 54 83 58 36 48 
34 51 85 78 67 63 73 17 46 84 
36 48 24 71 67 5h 85 73 17 36 
87 38 68 63 42 64 72 52 85 34 
54 35 56 25 86 48 86 28 87 28 
78 58 45 71 87 12 82 72 67 81 
68 78 67 57 85 57 15 84 78 84 
78 76 27 86 48 86 48 68 43 64 
43 24 45 24 54 ah 83 86 48 36 
84 38 74 37 87 48 45 41 54 67 
52 15 42 64 82 78 76 86 28 47 
24 84 68 8a 48 45 24 54 84 78 
73 67 86 38 52 78 21 6h 45 17 
63 bh 54 85 36 83 68 58 45 47 
5b 85 74 71 37 57 15 83 78 83 
48 51 76 84 6h 45 17 38 57 35 
85 78 72 41 82 1h 57 24 28 81 
41 75 2h 18 6h 14 ah 57 84 75 
5a 42 53 24 4h 36 41 63 3h 18 
1h bh 8b ah 3a bh ah 
