1
4h 1h 72 54 32 67 17 5a 5h a5 
6a 65 a6 3a 35 3h 3h ah 3h 6h 
2h 25 3a 43 63 52 46 a4 3a 36 
53 a6 23 4a 46 a6 7a 32 78 a8 
3a 53 a3 23 4a 42 4h 4h 74 71 
a1 5a 51 a1 5a 5h 25 32 3h 31 
23 21 2h 51 85 84 54 65 a2 56 
25 24 54 15 31 63 8a 36 13 51 
85 84 54 85 8h 52 15 31 a3 83 
78 7a 7h 27 23 73 27 6h 2h 62 
2h 2h 62 64 24 62 1h 51 65 25 
32 5h 76 17 16 23 62 72 67 16 
71 27 26 12 76 17 27 62 67 27 
62 61 76 21 72 62 16 71 67 26 
21 32 17 67 16 23 12 62 16 4h 
61 26 21 72 61 76 26 12 71 27 
62 61 36 17 27 12 63 16 26 12 
6h 62 16 18 68 16 7h a8 28 21 
72 78 28 12 72 17 5a 15 16 13 
21 27 32 17 31 21 72 5h 35 1h 
15 61 7h 71 57 53 45 5h 45 5h 
15 16 31 71 37 56 15 17 61 57 
65 15 71 4h 17 51 56 75 16 71 
51 65 73 17 13 61 73 47 73 47 
16 41 56 45 15 61 75 37 75 37 
16 31 71 57 71 57 34 54 74 17 
74 17 15 61 75 67 17 41 2h 82 
2h 82 2h 72 14 81 76 87 45 26 
42 76 47 16 51 57 17 51 14 61 
24 72 24 72 68 18 61 42 75 47 
75 47 16 41 71 57 2h 25 12 52 
51 71 27 25 12 75 17 27 52 51 
53 65 71 34 74 17 21 62 74 17 
52 45 5h 25 71 47 26 42 72 17 
72 17 56 25 57 25 75 72 57 72 
67 51 25 51 25 15 23 62 7h 57 
71 37 57 15 57 15 75 71 51 57 
15 57 85 8h 71 26 72 73 17 34 
14 74 67 13 81 86 16 31 78 67 
78 67 21 42 21 42 76 17 72 17 
27 21 72 21 62 74 17 74 17 13 
81 73 47 73 47 18 41 71 37 71 
37 26 12 27 12 72 71 27 86 34 
24 71 68 4h 12 17 27 62 13 71 
73 47 13 81 74 87 17 41 26 72 
26 32 78 37 34 71 67 21 42 8h 
24 62 72 17 14 13 41 13 73 ah 
21 37 26 42 32 16 21 71 37 23 
12 17 61 73 23 62 74 12 5a 27 
31 35 15 31 72 57 51 25 71 47 
73 52 34 4h 17 15 75 27 26 52 
13 61 53 23 71 4h 15 32 37 34 
74 24 51 8h 47 4h 12 43 21 ah 
35 7a 18 53 81 ah 34 1a 43 1h 
32 3h ah 2a ah 6a ah 
