1
4a 46 76 17 47 37 42 12 4h 8h 
4h 4h 54 38 35 31 41 a4 34 38 
7a 75 a5 7a 71 a1 71 7a 76 73 
51 87 67 68 78 76 27 a8 15 72 
57 1a 75 17 a7 57 2a 28 a8 75 
7a 71 67 a1 76 17 57 51 71 75 
87 7a 17 75 87 a7 51 8a 86 a6 
15 7a 72 67 51 76 87 a2 78 67 
5a 68 78 57 a7 17 1a 15 a5 75 
7a 71 67 a1 76 87 86 76 87 7a 
27 26 76 87 a7 51 6a 62 a2 15 
6a 67 51 a7 15 6a 68 51 a8 15 
7a 78 51 a8 15 7a 76 57 a6 75 
17 57 51 71 75 17 75 67 1a 76 
17 a7 57 2a 28 a8 75 7a 71 67 
a1 76 17 57 51 71 75 17 75 37 
8a 82 73 27 a7 51 8a 86 a6 15 
7a 72 67 51 76 87 a2 15 78 57 
1a 75 17 a7 57 2a 26 a6 75 7a 
71 57 51 71 67 62 72 67 68 78 
27 28 78 57 a7 17 1a 15 a5 75 
7a 71 67 a1 76 17 57 51 71 75 
17 75 67 7a 17 57 51 71 75 67 
a7 15 8a 82 51 a2 15 8a 87 51 
a7 15 2a 27 51 a7 15 8a 86 51 
a6 15 7a 72 51 a2 15 7a 76 51 
a6 15 2a 26 51 a6 15 8a 87 68 
62 67 27 87 82 72 87 84 51 a4 
15 18 58 51 81 85 15 18 58 51 
81 8a 28 72 a5 27 8a 72 78 15 
76 86 51 a6 15 18 58 51 81 85 
15 18 58 51 81 1a 15 81 68 26 
82 a5 18 58 51 81 85 15 78 8a 
51 78 15 74 84 51 a4 15 17 57 
51 71 75 15 68 26 82 51 17 18 
75 17 87 57 18 75 6a 26 a2 57 
6a 81 68 64 84 24 a2 75 18 57 
6a 81 68 75 a8 57 2a 42 a4 75 
7a 71 a1 51 17 1a 51 71 a5 15 
67 1a 76 17 a7 57 8a 86 a6 75 
18 57 8a 18 75 a8 57 1a 13 75 
a3 57 1a 12 1h 1h 24 81 75 83 
13 42 68 57 61 81 24 28 48 42 
82 84 24 18 75 16 86 42 71 73 
13 53 68 35 67 87 53 61 35 68 
18 53 71 78 18 35 67 6h 4h 5h 
21 24 14 21 28 62 18 61 6h 26 
25 65 27 26 21 2h 8h 8h 3h 8h 
3h 3h 21 37 32 72 73 23 27 37 
a2 73 6a 37 36 76 73 63 67 37 
36 76 73 63 72 62 32 87 23 86 
76 81 32 67 61 71 23 38 56 57 
82 58 23 78 68 32 27 26 76 32 
62 63 23 87 32 86 76 23 57 87 
53 52 5h 5h ah 4h 6h 4h 6h 4h 
7h 4h 7h 1h 2h 4h 3h 1h 4h 3h 
1h 3h 3h 4h 2h 1h 4h 2h 2h 1h 
5h 1h 4h 3h 4h 3h 4h 
