1
17 6a 61 61 6h 6h 8h 8h 7h a1 
3a 63 86 a8 28 5a 5h 5h 2h 6h 
28 a6 5a 53 5h 45 13 85 24 28 
72 76 73 a1 31 4a 74 73 73 17 
37 31 71 73 47 13 74 87 58 75 
67 63 46 73 47 67 46 76 a7 4a 
4h ah 4a 43 14 5h 41 a4 85 2a 
24 21 52 a4 28 12 8a 21 82 58 
45 a8 54 85 2a 82 52 85 a5 25 
8a 52 8h 82 48 8h 48 42 14 82 
18 48 14 2h 41 34 4h 34 38 48 
14 3h 34 31 41 43 14 43 14 34 
31 41 43 74 67 46 a4 13 5a 31 
54 35 a4 15 13 53 51 35 51 35 
15 13 53 51 25 5a 25 24 54 35 
a4 51 35 15 13 53 51 85 1a 58 
15 a5 35 2a 12 53 21 52 32 35 
31 25 21 72 67 26 12 13 23 12 
53 21 52 32 35 31 25 21 a2 51 
5a 53 15 13 53 15 a5 35 2a 12 
53 21 52 32 35 31 25 21 72 67 
26 12 13 23 12 53 21 52 32 35 
31 51 53 85 21 23 82 13 52 15 
35 85 83 18 53 81 28 23 12 83 
18 28 12 1h a1 5a 58 15 a8 51 
35 1a 53 15 a5 1a 1h 41 1h 1h 
31 1h 31 38 18 31 8h 13 81 5h 
13 81 1h 31 38 18 41 4h 45 4h 
4h 34 3h 32 8h 23 7h 84 8h 67 
83 82 38 82 38 76 83 48 42 34 
82 38 36 48 34 4h 34 3h 1h 51 
3h 83 15 61 38 63 43 54 4h 34 
13 81 5h 35 18 43 3h 81 24 53 
25 45 34 18 21 18 21 37 53 81 
51 75 31 83 32 45 28 1h 13 54 
18 38 12 45 8h 23 5h 81 84 14 
38 56 8h 41 63 37 42 8h 75 23 
13 56 ah 34 68 32 86 4a 61 25 
17 52 6h 23 3h 78 7h ah 8a ah 
2a ah 
