2
4h 4h 3a 3b 45 b1 2b a4 2a 28 
a2 7a b2 4b 48 45 42 a4 7a b8 
4b 48 74 27 b8 48 2b 24 b4 2b 
21 27 28 b2 4b 42 64 b2 3b 42 
a4 3a 34 35 31 a3 6a 63 6h bh 
67 4b 41 b1 65 a4 7b 72 b2 7a 
76 7h a6 7b 57 5a 53 a3 73 57 
5a 45 24 26 46 b4 6b 62 b2 8b 
84 8h 6h b4 6b a6 76 57 4a 75 
47 48 54 78 57 25 47 14 a8 52 
41 24 4a 24 a4 1a 45 42 14 a4 
52 1a 17 a7 25 4a 52 47 24 a7 
45 74 2a 47 24 a4 54 2a 45 b2 
4b 42 54 b2 42 34 4b 34 36 46 
a4 25 5a b6 2b a5 24 8a b4 54 
2b 45 a8 54 2a 26 52 42 a6 24 
2a 42 b6 24 82 2b 82 b2 8b 85 
8h 87 b5 78 2b 25 42 87 24 82 
72 78 28 27 42 b5 87 2b 52 78 
25 42 46 26 72 b6 82 87 27 28 
52 78 25 72 82 87 27 28 72 4b 
54 27 82 45 84 86 24 52 74 25 
82 83 81 87 58 23 52 82 58 6h 
85 28 25 42 85 48 28 52 5h ah 
2a 82 84 58 24 52 54 53 47 27 
42 87 48 28 12 5h 85 84 18 54 
15 13 17 28 42 1h 24 12 26 12 
6h 23 42 18 41 21 82 42 14 12 
31 7h 42 34 14 21 ah 12 41 43 
24 13 21 41 24 28 12 14 81 24 
82 12 41 85 48 18 21 41 34 4a 
84 81 58 28 12 42 14 18 21 24 
82 14 81 21 42 85 38 6h 83 58 
7h 24 12 18 41 28 42 12 81 41 
24 21 32 6h 41 84 85 38 28 12 
45 34 7h 21 82 84 18 24 12 82 
78 6h 87 28 21 42 81 48 43 54 
28 72 2h 82 83 18 23 12 82 18 
45 34 15 31 41 24 28 52 78 47 
84 25 82 42 14 85 38 18 51 6h 
48 64 4h 24 21 82 41 84 24 12 
83 18 15 31 85 38 25 32 18 41 
48 54 18 51 41 84 23 52 68 46 
14 12 81 42 84 14 71 1h 21 17 
21 25 42 15 31 48 64 26 82 42 
84 81 28 24 12 84 58 13 51 81 
48 23 42 43 54 23 12 83 58 21 
52 48 14 18 31 48 34 14 71 7h 
18 41 43 84 13 81 41 84 25 12 
14 51 47 27 82 42 34 15 31 41 
24 28 52 6h 16 13 81 41 74 71 
82 78 18 17 87 47 34 12 31 41 
24 84 68 1h 86 38 bh 18 41 42 
34 1b 81 84 28 14 21 81 48 25 
72 2h 52 1h 12 41 81 68 8h 18 
14 21 84 78 12 61 7h 14 21 25 
42 26 42 15 41 21 52 43 14 13 
51 43 74 71 41 34 27 12 27 12 
15 31 41 54 24 72 61 24 62 63 
23 12 23 12 16 41 17 41 26 32 
26 72 74 24 72 12 41 12 41 45 
24 25 12 51 57 27 47 34 12 71 
64 3h 46 12 31 27 64 6h 13 41 
46 34 ah 72 8a 28 16 71 82 78 
18 21 18 21 81 82 12 18 21 18 
61 2h 16 81 82 85 28 43 18 27 
34 4h 81 52 74 18 61 27 62 12 
81 84 78 85 68 45 15 21 28 52 
18 51 21 82 47 64 7h 28 12 15 
81 25 82 12 51 84 28 24 52 84 
58 87 12 75 7h 28 41 47 17 41 
82 78 71 27 43 14 36 16 51 46 
86 72 15 64 ah 28 57 61 41 64 
63 43 82 75 34 1a 28 57 14 31 
82 48 41 24 81 42 75 18 6h 24 
17 56 13 73 83 42 65 31 bh 27 
58 34 36 46 16 72 85 64 4b 21 
67 58 28 18 76 ah 84 4a 62 81 
85 15 26 bh 57 7b 54 ah 68 45 
86 6a 51 63 15 bh 32 2b 57 ah 
75 5a bh 5b ah 3a bh ah 
