3
5h 2h 7a 7b 7c 76 a7 2a 2h 23 
b6 7b 7h 72 47 47 42 a2 4a 82 
18 32 42 43 4h c4 23 67 8c 18 
76 12 41 84 c8 1c b1 67 8b 48 
34 23 42 14 c1 8c 76 b8 4b 67 
64 74 76 46 47 84 67 c8 1c b1 
76 8b 48 a4 8a 67 84 8h 1h a4 
c1 76 5a 1c 18 1h 1h 1h b1 67 
6b c8 3c b6 1b c3 41 8c b4 76 
8b 67 8h 76 8h 67 ch 76 8c 48 
ah 84 58 58 67 2a 76 5h 57 25 
28 35 38 32 58 52 35 31 38 14 
4h ch 2c 8h 4h 14 21 ah 12 31 
37 1a 21 34 23 13 21 25 15 21 
76 ch 67 2c 28 42 76 24 32 35 
43 25 42 32 43 46 24 23 82 43 
84 85 45 34 25 32 42 84 36 83 
6h 43 24 3h 42 54 4h 64 67 47 
64 c7 38 23 27 82 37 63 28 62 
43 84 4c 64 6h 63 6h 86 38 8h 
68 61 36 81 58 63 76 7h 85 38 
32 53 82 58 38 23 ah 32 83 85 
28 35 23 83 58 4a 74 5h 47 34 
32 53 42 54 34 23 5h 32 43 41 
24 31 23 43 54 bh 45 34 32 73 
6b 76 74 72 42 62 56 32 73 43 
24 65 16 2h 61 36 37 23 27 37 
23 63 76 ah 67 36 32 53 62 76 
62 76 35 23 36 23 63 62 36 62 
56 37 23 37 23 65 26 36 73 8a 
68 76 38 73 3h 53 5h 15 1h 13 
6h 31 62 86 82 18 62 16 31 23 
81 32 6h 28 13 16 36 23 27 37 
63 87 36 bh 78 73 83 68 72 4b 
34 86 28 38 7h 63 87 47 82 36 
ah 74 68 23 73 43 86 5a 37 bh 
64 38 78 32 46 8b 25 ah 67 85 
76 6a 53 61 35 ch 14 4c 58 52 
82 2h 27 bh 72 2b ah 2a ch 1c 
bh ah ch 
