1
4h 4a 46 a6 7a 73 7h 46 45 43 
48 24 74 7h 74 27 2h 2h 28 23 
a2 1a 1h 13 14 18 15 a8 1a 21 
25 15 42 41 21 42 47 14 12 31 
42 61 34 64 63 14 13 a1 3a 36 
a6 3a 31 a1 6a 61 a1 41 4a 46 
74 a6 4a 16 a7 1a 14 a4 64 6a 
61 a1 41 4a 46 54 a6 16 45 2a 
61 a4 2a 27 a7 47 12 1a 84 26 
82 a1 6a 42 14 61 46 24 28 a6 
8a 82 a2 42 8a 87 8h a7 14 64 
61 41 46 84 16 4a 84 8h 5h 2h 
83 a8 4a 24 61 27 a2 47 6a 14 
16 a1 46 7a 61 64 a7 8a 68 63 
6h 83 78 76 86 58 14 13 85 18 
38 31 48 41 64 67 47 64 62 42 
81 74 72 42 84 83 78 43 a4 8a 
78 a8 4a 34 14 13 43 41 31 a4 
2a 13 28 a8 31 7a 76 a6 2a 26 
a6 2a 32 12 13 23 21 31 82 86 
26 a2 8a 82 68 13 a2 86 1a 18 
a8 38 3a 31 a1 4a 64 62 42 14 
84 81 41 83 43 a8 2a 26 13 64 
a4 8a 28 62 86 a8 4a 46 a6 8a 
74 78 31 48 34 14 13 43 41 a4 
31 74 17 3a 71 37 a7 17 6a 62 
71 a2 17 8a 71 84 58 a4 85 68 
5a 86 58 a8 17 2a 26 71 a6 17 
8a 85 68 a5 86 28 6a 82 18 78 
71 81 87 28 68 62 82 86 38 26 
83 58 17 a6 85 38 71 83 68 2a 
86 28 a8 17 6a 68 71 a8 17 6a 
62 71 a2 17 6a 64 71 a4 17 8a 
82 71 a2 17 8a 84 58 a4 71 3a 
85 38 17 83 28 24 84 58 a3 71 
8a 78 73 57 83 58 78 17 a8 73 
57 31 5a 56 51 57 5h 85 87 57 
15 13 53 75 78 58 75 73 67 53 
65 6h 4h 3h 36 75 37 31 67 16 
42 4h 4h 63 86 8h 2h 7h 31 71 
37 45 73 27 25 75 37 24 32 72 
57 54 74 27 23 12 17 13 73 23 
52 71 37 31 71 37 25 32 72 17 
12 72 17 13 73 27 23 73 27 21 
32 71 57 31 21 32 75 37 27 12 
17 27 12 13 23 72 73 23 42 45 
25 32 37 27 32 31 21 72 71 21 
72 73 57 23 52 72 57 45 74 27 
25 32 75 37 27 52 54 24 72 73 
17 12 72 37 17 13 73 71 27 23 
73 17 27 32 37 27 32 31 21 42 
45 25 12 13 23 72 73 23 a2 3a 
37 a7 3a 31 a1 6a 76 71 61 76 
73 57 63 56 76 57 45 74 67 65 
36 75 37 67 56 54 64 76 73 57 
63 56 76 37 52 35 75 67 62 36 
72 37 67 56 57 25 67 26 56 15 
17 57 65 62 76 52 75 65 76 17 
61 56 57 25 67 26 56 75 71 51 
65 62 76 52 75 65 76 73 57 56 
15 17 16 76 56 35 71 37 3h 2h 
57 65 61 6h 51 65 67 36 57 35 
35 3h 3h ah 6h 8h 4h 1h 4h 1h 
2h 2h 4h 1h 1h 2h 4h 4h 1h 7h 
4h 1h 4h 1h 4h 7h 7h 5h 7h 5h 

