2
2h 6h 8a 8h 6b 82 b5 6b a1 5a 
56 a6 56 7a 76 74 54 87 a6 1a 
81 81 b8 6b 76 b7 4b 54 51 85 
b8 6b 76 b7 8b a8 1a 18 a8 6a 
76 a7 4a b4 6b 76 b7 5b 52 a5 
1a b2 5b a5 51 b5 6a 76 5b a5 
57 b5 1a 5b 15 13 a5 8a 85 a5 
1a 1h 4h 6h b4 15 1b 1h 71 b8 
4b 17 21 b4 6b 12 a1 6a 16 51 
b6 1b 58 41 b8 76 14 3b 31 32 
b1 31 3b 31 1h 67 ah 76 1a 67 
1h 76 b1 67 6b a1 7a b6 7b a6 
4a 4h 41 bh 2b 27 b7 2b 23 b3 
7b 73 b3 2b 21 2h 28 a1 2a 27 
62 37 26 32 72 73 23 27 82 a8 
37 2a 62 73 26 72 32 37 27 23 
82 a8 73 5a 54 a4 37 2a 62 73 
26 72 32 37 27 23 82 a8 73 2a 
62 37 26 32 72 73 23 27 62 37 
26 b2 73 4b 45 b5 37 4b 42 47 
48 4h 45 64 1h 46 14 4h 64 4h 
64 4h 64 1h 46 14 18 48 64 4h 
64 67 47 64 64 64 36 32 62 76 
4h 64 76 1h 41 16 41 61 64 36 
7h 72 63 76 73 75 47 17 14 31 
61 36 21 63 46 76 12 42 34 72 
67 72 37 47 14 34 83 17 21 3h 
53 1h 41 35 83 47 54 17 21 62 
86 84 64 86 34 83 65 86 36 53 
3h 43 3h 43 1h 41 31 63 43 14 
13 71 43 74 68 76 58 46 34 16 
31 38 18 61 48 64 14 81 35 73 
63 56 1h 41 43 84 13 81 85 16 
31 65 45 84 64 36 16 41 48 34 
37 83 47 64 67 56 47 54 53 41 
74 13 63 76 46 34 15 71 35 45 
64 61 76 1h 16 31 38 53 51 31 
83 53 58 38 35 13 18 15 81 31 
83 58 35 13 18 51 81 85 15 35 
83 13 21 1h 31 38 53 51 31 83 
53 58 38 35 13 18 15 81 31 83 
58 35 13 18 51 81 85 15 35 83 
13 21 1h 31 38 53 51 31 83 53 
58 38 35 13 18 15 81 31 83 58 
35 13 18 51 81 85 15 35 23 42 
54 51 41 84 54 58 48 45 14 18 
15 81 41 84 58 45 14 18 51 81 
85 15 45 84 14 51 1h 41 48 64 
18 51 46 24 32 83 13 51 4h 34 
41 84 34 53 1h 13 41 34 38 53 
83 85 48 14 61 35 85 48 43 54 
83 58 67 56 48 34 17 31 35 41 
1h 73 74 81 86 18 86 58 34 63 
68 38 43 65 26 34 83 85 24 64 
56 36 43 15 21 65 27 17 41 31 
43 74 72 32 13 14 51 34 53 13 
51 68 46 38 15 81 42 62 86 13 
51 61 46 6h 36 18 68 26 31 23 
47 14 63 86 15 21 64 36 31 73 
48 45 14 85 27 64 86 13 41 43 
74 13 51 16 51 5h 61 68 16 68 
36 47 84 41 34 37 47 14 67 86 
32 68 48 ah 83 86 74 36 73 18 
71 31 63 41 24 3a 83 85 18 65 
16 86 78 18 61 68 56 18 51 61 
86 47 84 87 47 14 67 41 82 76 
6h 14 78 76 86 78 41 64 68 16 
48 24 47 61 72 1h 84 86 46 24 
87 31 42 78 6h 13 24 68 42 82 
31 87 26 1h 74 23 42 62 15 3h 
58 24 26 67 47 85 ah 71 73 56 
13 65 3a 54 32 7h 28 45 82 2h 
51 5h ah 1a ah 2a ah bh 
