1
5h 43 7a 86 a8 3a 37 36 46 a7 
8a 86 38 a6 1a 46 14 17 13 15 
1h 43 a5 8a 83 a3 2a 28 2h 28 
25 18 41 42 4h 4h 7h 6h 5h 24 
a6 2a 21 a2 42 74 75 7a 45 14 
17 31 34 14 71 31 37 17 13 73 
41 43 47 13 64 61 41 64 68 48 
14 18 48 61 64 14 61 a6 4a 41 
74 a1 47 84 4a 84 a4 8a 81 a1 
4a 41 74 a1 47 14 6a 41 64 6h 
5h 63 67 62 76 a4 67 46 56 54 
64 65 46 5a 64 56 53 63 76 25 
67 46 43 63 86 a4 68 76 52 67 
46 36 34 64 63 86 6a 86 a6 25 
8a 43 85 8h 34 a5 43 87 38 8a 
48 34 83 68 65 76 85 78 68 76 
a3 67 46 36 34 64 63 46 6a 86 
87 18 a4 81 38 48 43 83 84 38 
67 56 7a 84 78 43 65 76 86 38 
a6 84 38 1a 83 18 a8 43 1a 15 
34 a5 43 8a 85 38 a5 83 48 38 
34 84 83 28 3a 82 38 a8 48 4a 
43 84 83 43 74 a8 47 84 34 38 
48 43 14 7a 41 74 7h 83 a4 38 
7a 83 71 87 8h 18 37 81 38 78 
73 87 73 57 5h 8h 18 58 51 81 
85 18 1h 85 a8 7a 57 51 5h 71 
57 58 78 57 52 72 87 82 72 57 
5h 56 85 28 25 85 28 27 87 58 
57 87 58 52 15 82 18 17 87 18 
57 65 81 68 58 15 12 81 52 75 
86 78 72 82 68 52 75 86 78 16 
31 3h 58 35 36 3h 56 85 87 68 
57 65 63 53 65 83 68 58 75 64 
86 84 78 58 75 64 86 85 78 65 
46 87 48 68 a6 1a 81 84 58 14 
51 81 78 58 15 18 41 58 45 15 
a1 6a 56 54 85 64 86 56 a5 6a 
68 46 a8 64 86 7a 47 68 26 74 
27 67 86 26 28 68 62 76 78 47 
68 46 76 a7 5a 65 64 86 54 85 
82 52 85 62 86 56 85 87 68 65 
76 85 48 67 46 86 38 3h 5h 6h 
64 56 57 45 67 46 56 35 36 56 
35 34 54 65 64 54 65 63 76 53 
75 65 46 43 63 56 57 45 67 46 
56 35 36 56 35 34 54 65 64 54 
65 63 76 53 75 65 a6 1a 51 57 
45 17 41 51 45 34 53 15 14 31 
41 43 13 53 75 14 71 51 a5 8a 
18 17 41 87 48 18 31 38 18 31 
34 14 81 84 14 81 83 78 13 71 
81 48 43 83 18 17 41 87 48 18 
31 38 18 31 34 14 81 84 14 81 
83 78 13 41 87 48 83 28 13 21 
81 28 27 2h 2h 87 18 17 41 87 
48 18 31 38 18 31 34 14 81 84 
14 81 83 78 13 71 81 48 43 4h 
83 18 17 41 87 48 18 a1 6a 86 
84 78 64 76 86 a8 5a 65 67 46 
57 25 64 26 56 a5 8a 68 62 36 
82 38 68 76 34 3h 67 86 84 78 
64 76 86 a8 5a 65 67 46 57 45 
65 46 43 63 56 53 75 63 76 56 
a5 8a 68 67 46 87 28 64 26 86 
a8 5a 65 62 46 52 64 a5 76 1a 
21 67 36 12 31 61 36 34 64 16 
14 71 64 26 17 21 61 a6 8a 18 
12 31 82 38 63 76 7h 18 31 3h 
3h ah 5h 6h 1h 7h 7h 4h 7h 4h 
7h 7h 7h 4h 4h 2h 4h 4h 2h 8h 
2h 8h 3h 
