1
8h 15 28 73 8a 86 81 87 85 a5 
1a 86 18 a8 1a 1h 18 14 17 21 
21 23 a2 1a 17 a7 2a 21 25 a1 
23 82 8a 81 a1 21 58 5a 52 62 
a6 5a 41 86 58 a8 2a 28 62 a8 
6a 86 a8 28 12 3a 86 24 82 62 
a3 1a 68 28 26 52 a1 58 2a 75 
72 41 52 57 53 56 45 a3 15 27 
86 2a 12 68 52 51 21 a5 3a 86 
75 a3 2a 82 62 68 28 26 72 86 
74 52 68 54 24 75 73 53 45 75 
86 5h 75 5h 68 ah 54 15 17 57 
45 86 52 15 5a 25 54 65 58 65 
85 86 56 58 15 2h 62 51 65 25 
62 58 52 15 5h 65 82 56 15 12 
61 52 65 15 61 6h 62 7h 7h a2 
6a 63 46 43 63 46 4h 4h 14 31 
36 16 41 2h 14 61 72 16 51 57 
65 63 53 45 17 41 51 45 6h 46 
48 34 3h a5 4a 34 36 46 34 31 
41 64 61 41 34 35 45 14 16 46 
14 15 45 64 65 45 14 13 21 43 
24 14 21 28 18 41 48 34 18 51 
43 24 15 21 41 34 27 32 42 14 
17 31 47 34 14 21 24 52 14 51 
21 32 3h 5h 65 16 15 31 65 36 
37 3h 34 53 1h 51 54 14 51 34 
53 13 51 ah 15 31 35 43 15 41 
31 53 43 45 35 34 13 15 41 35 
43 13 51 1a 31 34 53 14 51 31 
53 45 34 13 15 41 35 43 13 51 
53 13 51 54 14 31 34 14 31 35 
43 15 41 31 53 45 34 13 15 41 
35 43 13 51 53 13 51 54 14 31 
34 14 31 35 73 7h 15 41 45 15 
41 8h 14 51 54 14 51 5h 8h 83 
4h 41 8h 87 ah 78 3a 38 53 8h 
87 4h 35 13 14 51 34 53 13 41 
56 35 78 62 32 73 83 87 37 38 
43 45 35 43 15 41 31 53 12 78 
14 51 52 12 41 32 73 51 75 35 
13 14 81 8h 15 41 31 53 58 38 
73 53 15 14 71 5h 35 31 23 5h 
15 32 43 17 81 57 85 15 71 46 
74 14 61 31 83 8h 87 47 37 53 
57 15 48 74 34 73 78 38 43 48 
74 38 23 51 25 35 13 16 21 36 
53 51 65 31 63 53 15 23 1h 47 
34 14 31 36 43 41 74 12 32 63 
13 81 8h 47 34 36 23 24 34 63 
23 26 36 32 43 46 42 64 34 63 
26 32 43 46 24 64 62 42 32 63 
43 74 3h 36 83 47 84 34 63 3h 
43 47 24 78 2h 38 73 7h 87 8h 
8h 38 23 26 36 83 2h 62 38 63 
23 82 ah 28 32 36 83 26 38 5a 
62 63 85 23 58 ah 82 1a 35 28 
53 ah 81 4a 32 18 23 ah 85 7a 
34 58 43 ah 81 1a 32 36 26 6h 
67 7h 8h ah 6a ah 
