1
8h 32 51 3a 85 a8 2a 23 2h a3 
7a 72 7h 72 58 78 7h a7 48 7a 
27 24 74 67 6h 1h 27 65 63 6h 
62 46 47 67 86 85 65 76 74 64 
76 72 47 62 42 72 46 48 58 47 
46 43 4h 85 a6 58 24 62 3a 26 
42 37 a7 85 34 4a 58 34 85 a4 
58 2a 62 a6 85 7a 74 58 a4 85 
7a 58 37 35 38 3h 78 27 62 76 
87 85 75 27 62 76 a7 2a 62 a6 
4a 47 a7 2a 62 a6 4a 45 a5 64 
2a 46 24 23 43 63 a6 24 7a 42 
74 a4 7a 47 45 75 24 27 47 64 
36 43 74 72 42 67 64 74 62 87 
86 76 47 42 72 64 68 48 37 26 
24 63 74 26 27 67 46 47 67 24 
26 28 46 24 2h 5h 1h 61 72 37 
23 16 52 5h 61 a5 25 16 82 61 
4a 16 84 24 61 72 37 23 16 42 
48 28 61 74 16 72 42 61 34 37 
47 16 24 23 73 72 42 61 34 37 
47 16 24 72 47 61 34 31 41 83 
84 34 23 21 31 82 43 42 32 74 
73 13 17 47 34 31 71 73 43 14 
17 47 a4 3a 31 71 a7 83 6a 38 
76 17 61 23 26 28 68 38 72 17 
21 86 83 63 82 86 26 32 36 26 
73 17 31 62 63 23 a2 3a 36 a6 
83 7a 38 17 a1 63 3a 63 a3 6a 
68 a8 86 3a 36 73 17 31 63 68 
38 a8 86 83 63 86 7a 68 17 36 
38 68 71 73 13 17 37 31 71 a7 
86 83 63 86 4a 68 34 38 48 76 
17 61 83 84 34 86 83 63 46 43 
63 74 17 41 36 34 64 a6 4a 43 
a3 84 7a 48 17 a1 34 2a 43 52 
54 24 72 17 21 52 53 23 42 43 
23 74 17 41 32 34 24 a2 4a 43 
a3 84 6a 48 76 17 61 54 56 46 
74 17 41 54 58 48 64 68 48 76 
17 61 84 86 46 54 5h 5h 5h ah 
25 82 84 24 82 8a 28 62 64 24 
86 82 8h 8h 3h 3h 3h 7h 4h 62 
17 1h 4h 1h 4h 1h 15 78 51 76 
86 15 78 75 85 42 67 65 75 24 
38 42 36 86 24 37 34 3h 1h 1h 
1h 1h 6h 1h 2h 2h 5h 6h 5h 7h 
5h 4h 5h 4h 5h 4h 1h 5h 5h ah 

