0
26 2h 2h 13 54 15 26 28 2h 2h 
32 35 25 82 85 78 25 12 17 27 
82 87 65 27 12 1h 3h 56 27 52 
62 65 25 87 26 52 87 8h 38 32 
36 26 25 32 36 73 16 71 31 83 
82 78 32 73 72 41 32 73 14 82 
78 41 38 73 74 71 7h 74 17 41 
74 87 83 58 73 57 87 18 41 84 
78 75 67 85 68 78 57 67 65 75 
76 87 85 68 75 67 87 18 41 84 
78 76 57 86 18 75 47 84 18 78 
17 12 51 72 57 17 51 16 51 61 
65 15 16 51 16 71 76 57 16 51 
71 87 82 58 72 57 87 18 17 51 
87 58 18 41 24 12 81 85 68 15 
61 67 17 51 87 58 18 41 24 12 
81 85 68 15 61 81 48 24 82 18 
16 41 86 28 12 41 21 24 84 18 
12 41 12 71 84 78 76 86 58 16 
51 81 48 24 82 18 15 61 85 68 
18 51 67 15 61 71 76 16 17 51 
67 15 81 87 58 17 51 81 48 24 
82 18 15 61 85 68 18 41 24 12 
81 86 48 16 21 82 48 28 24 14 
81 82 48 82 78 14 71 76 16 51 
86 58 18 41 24 12 81 85 68 15 
41 86 28 12 41 21 24 84 18 12 
51 82 58 18 41 24 12 81 85 28 
15 71 82 78 18 41 24 12 71 75 
67 15 61 68 18 51 78 57 17 61 
67 17 41 24 12 71 76 16 71 75 
67 61 65 71 57 86 75 87 81 71 
57 61 75 67 6h 6h 6h 4h 7h 2h 
87 85 18 75 17 15 75 17 85 18 
78 47 46 76 87 81 58 71 57 87 
58 81 58 18 15 85 81 58 81 78 
71 57 81 58 78 67 26 72 87 85 
68 75 67 87 58 64 56 86 78 74 
57 84 58 78 67 68 56 78 57 67 
56 58 5h 1h 1h 2h 8h 2h 8h 53 
5h 4h 1h 4h 1h 4h 1h 4h 2h 8h 
8h 2h 1h 2h 2h 4h 4h 3h 7h 3h 
7h 3h 6h 45 41 4h 8h 2h 5h 2h 
1h 2h 3h 
