0
3h 5h 1h 41 64 84 8h 16 76 26 
74 82 8h 7h 12 73 85 78 71 87 
83 73 18 17 1h 71 81 27 28 21 
81 71 68 67 61 71 67 21 61 62 
64 64 56 51 5h 61 56 53 54 15 
1h 4h 18 1h 76 87 81 71 38 37 
87 28 27 87 38 32 82 38 38 3h 
3h 3h 5h 7h 65 63 76 53 75 65 
46 4h 28 78 57 58 25 78 27 24 
64 16 57 15 65 16 13 1h 63 56 
53 45 63 46 48 68 46 4h 58 45 
47 57 45 4h 4h 3h 8h 45 34 3h 
25 82 8h 8h 68 36 31 3h 35 83 
87 8h 37 13 15 1h 8h 63 56 51 
5h 5h 8h 5h 35 61 76 31 51 73 
75 35 13 1h 65 76 78 7h 57 68 
56 58 15 68 16 78 17 67 16 57 
15 65 16 1h 6h 4h 2h 3h 8h 7h 
8h 7h 8h 7h 8h 8h 5h 8h 5h 
