0
32 32 31 61 64 64 65 67 26 24 
64 62 36 42 32 62 36 3h 8h 68 
53 58 5h 5h 5h 38 76 73 7h 37 
67 53 5h 46 45 65 46 43 63 56 
53 75 63 86 57 25 68 26 23 63 
76 53 85 67 86 56 85 83 53 65 
63 76 53 25 67 16 52 15 65 16 
17 18 68 26 21 61 56 58 75 68 
76 56 75 78 67 65 86 82 62 56 
76 52 75 76 52 65 62 52 85 2h 
26 58 45 4h 74 87 3h 34 4h 62 
78 37 3h 6h 46 43 73 87 47 54 
75 78 27 58 25 75 27 28 78 57 
58 25 78 47 52 45 41 84 75 87 
47 84 82 42 74 72 87 42 84 74 
37 63 46 48 24 68 26 46 24 28 
48 64 68 26 48 14 62 16 46 14 
15 45 64 65 86 45 84 64 86 82 
62 46 42 84 62 86 46 34 73 67 
61 86 71 87 67 86 8h 3h 2h 43 
84 8h 28 84 28 48 42 74 76 17 
46 14 74 17 18 71 87 82 72 47 
41 24 28 48 24 2h 21 26 2h 76 
87 84 74 17 61 76 47 48 78 37 
32 3h 72 87 84 8h 48 78 27 35 
3h 1h 72 87 84 28 2h 25 61 74 
27 2h 8h 4h 4h 5h 4h 5h 2h 5h 
1h 5h 1h 5h 1h 3h 6h 5h 5h 7h 
3h 6h 6h 5h 3h 1h 3h 6h 3h 
