1
2h 5h 18 54 57 54 53 5h 42 45 
25 7a 52 54 75 7h 73 24 53 15 
42 41 21 24 14 a3 41 5a 15 54 
15 45 41 51 54 85 86 56 75 72 
82 8h 7h 47 a8 17 14 74 71 47 
1a 74 17 a7 47 4a 41 43 53 15 
a5 75 7a 71 67 a1 76 17 57 51 
71 75 17 75 67 1a 76 17 a7 57 
5a 51 65 a1 56 75 6a 57 15 75 
71 51 57 45 4h 17 a6 71 4a 17 
42 43 14 52 15 45 14 16 75 a6 
57 1a 1h 8h 6h 61 75 16 71 74 
67 14 61 71 67 54 76 57 47 45 
75 74 54 17 16 76 45 31 54 37 
17 45 31 32 12 54 71 72 12 45 
57 51 71 45 15 47 17 57 51 54 
14 74 65 47 61 51 74 75 45 47 
57 54 74 15 16 56 47 71 75 14 
a1 57 47 65 74 6a 61 47 a1 51 
74 65 47 6a 6h 5h 74 65 6h 6h 
47 46 76 74 64 67 47 46 76 74 
64 75 65 45 37 54 36 76 45 47 
57 54 74 75 45 67 63 73 54 46 
a7 64 56 6a 56 57 67 a7 47 35 
74 36 56 47 35 74 3a 3h 3h 47 
a3 74 2a 53 47 25 74 a5 47 2a 
26 74 a6 47 5a 56 74 a6 47 35 
74 2a 25 23 53 52 47 a3 74 35 
32 52 47 35 74 2a 25 23 53 52 
47 a3 74 35 47 2a 53 74 25 47 
a5 74 3a 35 47 a5 74 3a 32 47 
a2 74 3a 37 3h 3h 8h 1h 6h 8h 
7h 47 53 52 32 74 73 43 47 37 
34 74 23 25 35 47 a3 74 2a 23 
47 a3 74 5a 53 47 a3 74 5a 52 
47 a2 74 25 47 1a 52 74 15 47 
a5 74 1a 47 41 71 74 14 17 47 
31 74 32 12 47 41 71 74 14 17 
47 a1 74 5a 51 47 a1 74 25 47 
5a 74 25 47 a5 74 2a 32 a3 47 
5a 52 74 a2 47 25 23 53 74 15 
6a 51 47 65 63 53 74 a3 47 25 
74 1a 1h 52 47 65 62 52 74 46 
45 65 74 54 57 47 26 74 25 65 
47 a6 74 1a 47 51 52 12 74 45 
41 51 74 14 17 47 25 74 21 51 
47 a5 74 1a 12 47 a2 74 21 47 
4a 12 41 48 18 a8 78 24 2h 87 
21 78 6a 87 26 16 78 21 28 58 
25 2h 2h 5h ah 3h 3h 8h 3h 3h 
7h 6h 8h 4h 8h 3h 7h 6h 7h 1h 
7h 8h 3h 8h 3h 8h 3h 8h 
