1
7h 3a 3h 54 74 64 86 56 82 52 
18 a1 5a 53 57 a5 4a 43 a3 4a 
47 4h 43 48 a7 1a 18 1h 5h 3h 
6h 35 a8 5a 37 a7 25 5a 25 a5 
2a 24 2h 14 28 2h 51 a2 15 3a 
51 52 a5 12 53 25 3a 52 45 64 
56 a5 21 7a 12 75 73 53 57 a5 
37 57 25 8a 51 85 a5 12 4a 64 
a6 21 5a 12 58 a5 58 35 21 53 
45 4a 12 48 4h 21 a8 68 2a 56 
25 a5 8a 68 a6 2a 42 a4 8a 68 
a6 7a 73 a3 5a 54 a4 7a 75 a5 
8a 68 14 a6 7a 74 76 a4 68 3a 
35 86 a5 68 3a 34 86 3h 68 a4 
86 5a 54 74 73 27 23 82 73 87 
27 32 67 23 82 83 23 62 72 76 
26 73 17 23 12 16 31 3h 6h 61 
4h 45 a5 16 3a 38 61 a8 16 3a 
1h 31 4h 13 81 4h 42 8h 24 a3 
42 8a 38 24 a3 42 5a 4h 47 a5 
74 3a 83 47 8h 74 7h 37 38 78 
27 24 32 74 37 27 32 35 83 87 
37 83 5h 38 53 6h 35 73 78 38 
63 61 31 83 87 37 83 86 36 73 
76 36 73 78 57 38 53 73 57 54 
85 74 87 57 35 34 83 54 85 8h 
8h 18 4h 81 78 73 17 83 18 78 
67 63 73 87 81 68 71 67 87 18 
8h 18 4h 81 78 76 47 7h 47 1h 
74 67 87 68 46 1h 71 78 67 74 
67 63 26 82 12 41 1h 21 28 62 
18 41 74 87 26 82 72 67 1h 41 
45 15 21 28 42 18 51 52 12 81 
54 25 24 54 85 15 31 1h 51 76 
47 15 41 71 57 58 65 1h 12 81 
71 47 56 45 75 17 18 61 78 47 
14 51 21 46 74 67 57 85 46 1h 
17 61 58 75 14 71 51 85 76 47 
8h 64 3h 76 17 21 32 2h 42 7h 
17 12 61 72 37 53 25 21 51 35 
24 32 72 17 14 16 41 16 76 2h 
61 67 17 61 52 75 71 27 51 45 
56 72 64 4h 15 17 57 25 28 72 
16 81 76 26 51 8h 17 62 65 68 
58 28 71 4h 85 8h 12 86 21 ah 
67 5a 14 76 41 ah 68 1a 86 1h 
62 6h ah 2a ah 3a ah 
