2
43 8a 75 6b 86 82 82 86 86 38 
37 34 87 b8 1b 13 14 12 18 14 
12 81 84 78 14 71 81 78 b7 1b 
18 b8 6b 31 43 14 71 52 67 16 
b6 21 67 2b 15 76 21 67 b1 76 
3b 43 b4 67 1b 12 76 b2 67 21 
8b 12 31 52 76 43 14 67 31 43 
b8 76 1b 67 41 25 31 34 35 76 
b4 67 5b 76 23 53 67 b3 76 1b 
41 b4 67 3b 35 76 b5 32 67 3b 
31 31 76 53 52 32 67 13 14 34 
76 23 25 35 67 63 73 76 36 37 
67 53 52 32 76 73 74 7h 34 64 
23 25 87 35 83 85 35 46 28 23 
83 64 b2 32 75 46 58 64 5b 23 
87 46 58 64 b8 32 78 46 5b 52 
53 64 b2 46 5b 53 5h 5h 58 64 
a8 46 25 64 2a 53 46 25 64 a5 
46 7a 64 b7 46 5b 52 64 b2 46 
35 8b 52 64 15 46 b8 64 5b 85 
46 b1 64 3b 58 46 35 64 b5 25 
46 2b 23 64 b3 53 46 5b 52 64 
b2 46 25 35 32 52 53 64 15 46 
1b 41 23 61 64 14 16 46 21 31 
32 12 13 64 a1 46 5a 64 35 25 
23 53 52 46 45 65 64 54 56 46 
25 35 32 52 53 64 b5 46 a5 64 
2b 46 2a 64 b3 46 8b 64 a2 46 
8a 81 32 64 a1 46 b1 64 2a 46 
2b 64 a3 46 8a 83 64 a3 46 b2 
64 28 46 1a 64 1b 13 82 46 b3 
64 a3 46 28 64 1b 46 21 81 64 
28 46 8a 28 64 a8 46 1a 18 64 
a8 46 21 64 1a 46 21 64 a1 46 
2a 21 64 b2 46 a2 64 5b 46 5a 
64 35 32 52 46 45 65 64 54 56 
46 25 23 53 64 a5 46 b5 64 8a 
46 8b 81 64 b1 46 a1 64 2b 46 
8a 64 28 46 b8 64 2b 27 2h 3h 
4h 28 52 57 27 85 8h 32 38 58 
b5 35 8b 85 83 53 23 58 32 38 
35 85 83 53 23 58 32 b3 85 38 
35 25 32 2b 52 85 38 31 81 b1 
58 25 32 8b 23 58 51 81 32 38 
28 12 b1 8b 83 b3 48 8b 64 68 
48 46 86 84 64 b6 58 2b 85 32 
38 28 62 46 24 82 83 23 18 b1 
52 8b 25 38 32 82 68 46 84 28 
23 83 62 68 28 12 15 25 82 86 
26 38 52 b5 83 58 25 62 1b 46 
24 52 85 18 13 83 b3 38 2b 83 
52 53 23 58 32 38 35 85 83 53 
23 58 32 38 35 b8 53 5b 85 28 
62 46 24 82 58 b5 35 8b 85 83 
53 23 58 32 38 35 85 83 53 23 
58 32 b3 85 38 23 52 5b a5 2a 
b2 a2 8b 38 8a 32 28 b8 2b 32 
b3 8b 83 b3 38 7b 32 a2 b7 3a 
2b 82 38 31 81 a1 28 21 81 38 
8a 38 35 85 a5 53 58 38 23 2a 
62 46 4h ah 2a 82 85 25 78 72 
82 68 64 84 28 27 87 12 b1 58 
2b 85 12 b1 58 3b 85 73 78 38 
43 a4 3a 43 a4 8a 87 a7 78 6a 
87 68 6h 8h 6h 2h 3h 1h 4h bh 
58 52 82 53 56 36 28 26 86 75 
73 53 62 68 35 5b 86 15 1h ah 
26 37 b7 78 72 82 73 28 23 83 
72 38 5a 27 35 37 57 87 62 73 
65 68 25 62 7b 26 86 72 78 28 
12 1h b8 38 53 56 36 85 83 53 
85 87 57 38 37 87 65 16 51 73 
78 38 75 83 85 35 78 53 2b 87 
52 57 27 37 68 16 81 75 72 52 
73 28 23 83 75 32 38 35 85 25 
63 16 31 58 62 63 23 85 12 16 
26 38 31 81 52 53 23 58 57 87 
32 37 27 65 16 51 78 73 83 72 
35 32 52 68 16 81 23 25 68 27 
62 35 82 63 28 23 83 72 58 52 
82 65 48 4h 56 42 4h 25 24 54 
25 27 57 32 13 21 75 72 52 45 
42 52 45 47 57 25 27 57 25 24 
54 72 74 24 35 13 51 72 75 25 
32 13 21 42 45 25 32 13 21 42 
47 27 32 13 21 52 57 27 32 13 
21 52 54 24 35 13 51 72 75 25 
32 13 21 72 47 24 52 57 27 35 
13 51 72 74 24 35 13 51 72 75 
25 32 13 21 42 45 25 32 13 21 
42 47 27 52 57 27 52 54 24 75 
74 54 32 13 21 65 a2 56 15 8a 
31 38 58 36 15 16 56 83 81 31 
75 48 45 47 57 54 74 84 13 65 
68 38 51 73 75 35 13 16 36 83 
81 31 58 57 87 43 47 37 65 16 
51 48 13 75 84 61 78 36 73 47 
83 53 74 78 48 47 87 84 74 35 
34 54 37 68 16 81 75 73 53 78 
35 38 58 63 16 31 85 83 53 87 
15 18 58 35 37 57 63 61 31 65 
83 85 35 78 53 15 31 87 43 78 
48 47 87 84 74 34 58 15 81 73 
78 38 53 15 31 43 48 38 53 15 
31 43 47 37 83 87 37 83 84 34 
78 74 84 53 15 31 78 73 83 58 
15 81 48 43 83 58 15 81 48 47 
87 58 15 81 38 37 87 58 15 81 
a8 2a 52 15 21 32 34 24 73 74 
34 52 15 21 73 72 32 53 15 31 
43 42 32 53 15 31 43 47 37 23 
27 37 23 24 34 72 74 24 53 15 
31 72 73 23 52 15 21 42 43 23 
52 15 21 42 47 27 52 15 21 a2 
5a 15 a1 3a 37 a7 3a 34 a4 13 
3a 51 53 56 36 16 a1 75 74 54 
73 75 35 73 2a 37 52 57 27 43 
47 37 45 42 52 a3 8a 45 28 25 
85 b2 48 4b 4h 1h 84 61 6h b8 
48 4b 4h 4h 3h ah 2h 7h 7h 7h 
7h 6h 6h 1h 5h 1h 5h 5h 64 1h 
7h 7h 1h 1h 1h bh 4h 4a 8h 8h 
ah 
