1
6h 2a 47 54 35 34 3h 61 63 6h 
6h 68 56 58 68 56 52 a3 1a 63 
16 a6 4a 41 42 4h 5h 45 a1 6a 
64 16 56 a4 5a 25 15 a5 65 6a 
26 24 64 a6 56 5a 51 54 a5 51 
35 5a 35 a5 61 6a 26 25 23 2h 
8h 24 a2 24 72 75 25 12 3a 21 
42 12 14 24 21 a2 41 23 52 4a 
25 42 47 27 a2 12 3a 21 27 42 
46 26 a2 23 72 12 17 27 21 82 
2a 72 21 82 a2 17 6a 64 a4 71 
6a 26 28 52 68 56 26 52 53 23 
62 63 76 23 42 67 46 26 42 a4 
17 6a 62 86 a2 71 68 36 4a 63 
46 a6 17 2a 26 a6 71 5a 65 62 
52 65 64 76 54 75 16 57 15 65 
67 36 71 51 63 46 57 25 26 56 
75 24 72 76 15 26 82 16 28 52 
51 65 16 51 21 a5 62 2a 62 67 
27 32 a7 23 72 12 17 27 21 72 
21 32 7a 23 72 76 26 12 16 26 
12 17 27 32 a7 23 72 62 67 27 
26 72 26 42 5a 45 25 12 31 42 
43 43 64 47 64 74 76 31 46 47 
54 52 75 42 74 54 75 64 57 65 
67 57 35 47 53 45 46 74 76 45 
74 56 13 47 84 31 57 85 45 74 
81 47 34 38 48 54 51 75 41 34 
57 35 45 34 a3 67 8a 85 a5 76 
3a 43 74 64 67 47 46 34 a3 76 
5a 58 a8 67 5a 76 54 35 45 43 
74 64 67 47 46 74 46 74 64 67 
47 53 a3 74 76 46 47 34 35 45 
64 7a 46 74 a4 64 8a 85 a5 46 
4a 47 34 a7 67 43 64 5a 46 74 
46 54 a4 67 5a 53 a3 76 4a 43 
64 47 64 74 76 46 a3 47 34 38 
48 34 5a 75 65 67 43 64 74 76 
54 56 75 46 57 45 47 34 57 35 
45 34 a3 67 8a 85 a5 76 3a 43 
74 64 67 47 46 34 a3 76 5a 58 
a8 67 4a 74 46 54 53 75 43 a4 
1a 57 a5 4a 14 54 85 83 53 15 
13 67 53 15 18 58 31 a5 1a 38 
a8 4a 81 41 84 a1 6a 43 a4 5a 
15 46 76 74 51 a5 4a 74 a4 64 
6a 67 a7 2a 38 47 a2 5a 35 85 
83 53 74 58 65 47 38 56 45 46 
75 34 84 57 56 a5 6a 83 43 a6 
4a 24 a8 5a 65 38 75 76 56 57 
25 45 a4 5a 52 83 15 a2 1a 38 
18 a8 67 2a 13 76 58 a2 15 7a 
15 71 45 a1 5a 54 61 a4 6a 67 
a7 5a 75 76 15 16 17 51 57 35 
16 41 53 a5 45 15 8a 67 64 61 
a8 4a 64 a1 6a 62 a2 1a 42 84 
a1 7a 48 a1 8a 34 17 a8 4a 54 
a3 4a 54 71 a4 6a 46 45 34 65 
76 72 62 a6 5a 43 12 a5 14 24 
8a 21 27 a8 17 6a 86 12 41 68 
56 17 31 42 72 84 65 27 86 13 
a1 3a 46 54 a3 83 1a 72 81 45 
a4 6a 63 a6 4a 74 18 24 71 21 
41 63 56 42 12 65 34 a6 4a 14 
a3 1a 21 a7 1a 27 21 41 a1 8a 
74 72 a8 14 12 42 6a 76 16 21 
26 16 71 7h 78 78 7h 3h 6h 27 
47 21 34 83 48 a4 7a 71 a1 6a 
37 83 a6 4a 14 61 38 73 67 62 
16 47 24 71 67 26 46 84 38 43 
74 17 16 76 47 14 12 42 71 67 
54 62 72 45 34 76 16 a7 6a 21 
43 a6 5a 64 12 81 46 54 38 a4 
2a 62 13 a1 4a 45 64 24 26 a5 
1a 31 83 62 42 46 a6 84 8a 34 
13 a8 41 4a 34 38 18 31 a1 41 
3a 34 a4 3a 35 a5 8a 18 a1 7a 
67 26 72 a7 4a 45 64 26 42 14 
1h a5 1a 31 a5 8a 85 13 61 26 
58 a8 12 51 7a 87 48 64 26 15 
a1 8a 62 85 a5 3a 46 54 58 48 
34 a4 8a 78 27 62 76 37 3h 8h 
8h 2h 2h 8h 2h 58 5h 2h 5h 5h 
1h 4h 31 3h ah 6h 6h 8h 6h 8h 
6h 8h 2h 8h 2h 5h 2h 4h 1h 5h 
2h 7h 53 5a 86 8h 8h 8h ah 6h 
3h 2h 
