1
46 31 6a 68 a8 5a 51 31 61 31 
3h 23 68 6h 58 25 61 67 26 28 
2h 48 62 a6 46 45 43 2a 23 2h 
a3 7a 72 a2 8a 84 a4 7a 7h 71 
72 87 81 71 ah 6a 78 47 41 71 
57 a6 75 67 5a 76 17 14 74 67 
18 76 57 76 17 87 81 a6 18 7a 
71 a1 8a 87 a7 17 6a 65 71 a5 
4a 41 47 a1 5a 56 54 5h ah 5a 
15 17 57 a5 8a 85 a5 7a 71 a1 
7a 7h 75 64 67 47 46 76 74 a7 
1a 17 a7 64 1a 15 a5 46 7a 75 
64 a5 7a 67 47 46 76 74 a7 5a 
57 64 a7 8a 86 8h 5h 6h 1h 46 
4h 4h a4 5a 51 5h 5h 4h a4 5a 
15 45 a4 1a 14 a4 5a 54 75 a4 
57 65 7a 56 75 74 67 54 65 75 
17 12 72 57 56 15 76 17 57 65 
a4 56 15 7a 75 67 a5 76 17 13 
17 6a 1h 81 87 68 63 16 83 18 
68 46 6h 86 6h 46 6h 46 6h 46 
8h 48 68 46 42 62 86 82 78 62 
36 87 38 68 76 1h 71 4h 34 61 
86 84 18 64 36 81 38 61 36 86 
48 16 84 18 17 41 87 48 18 61 
41 84 81 68 76 87 18 48 14 16 
81 84 68 14 31 6h 87 48 61 46 
86 78 48 64 68 76 48 74 61 36 
35 73 87 43 84 74 87 81 48 47 
14 87 18 48 74 5h 47 84 81 78 
13 1h 87 38 48 74 16 71 41 84 
74 17 14 31 16 31 86 48 78 47 
46 84 87 58 47 54 84 78 13 71 
81 48 76 17 16 31 76 27 13 72 
84 31 2h 67 68 78 47 13 61 74 
87 81 38 7h 17 16 21 83 28 8h 
38 6h 83 48 45 64 ah 85 68 48 
34 64 63 43 46 84 83 58 43 54 
84 38 1a 61 ah 83 48 45 34 85 
38 31 81 38 41 54 83 58 7a 17 
48 14 74 87 85 48 36 16 46 54 
86 28 13 21 45 34 27 17 51 87 
68 43 64 84 78 15 61 7h 13 41 
43 64 25 75 72 37 52 73 57 27 
25 75 72 37 17 31 46 34 14 71 
52 46 76 57 16 21 75 27 17 51 
12 51 72 71 67 21 6h 12 43 14 
15 31 45 64 25 46 24 54 52 42 
61 63 13 16 31 16 31 61 63 13 
16 21 45 34 15 21 1h 51 52 12 
31 41 64 ah 14 13 51 8a 48 83 
28 15 31 36 25 85 68 18 21 1h 
81 14 51 86 5h 68 48 43 54 3h 
42 6h 84 26 83 62 3h 28 85 2h 
56 5h ah 7a ah 1a ah 4a ah 6a 
ah 3a ah 
