2
1a 18 6b a5 1a 71 71 7h 76 27 
a6 1a 41 46 4h 4h 2h 8h 5h 67 
48 4h 76 34 3h 67 35 3h 76 36 
26 37 13 a1 6a 67 27 2h 27 23 
b3 62 2b 62 b2 43 4b a4 74 7a 
72 a2 42 4a b4 34 7b 76 b6 43 
4b 74 76 17 a6 26 8a 62 71 87 
83 82 8h 3h ah 1a 5h 52 45 14 
18 41 84 14 18 48 a8 21 7a 17 
72 17 27 1h 21 26 16 a1 76 7a 
b7 37 8b 84 73 b4 37 1b 31 34 
14 81 74 18 31 38 63 18 61 62 
12 81 32 63 18 61 31 83 47 38 
63 65 74 35 13 15 81 35 63 18 
61 31 83 47 38 63 64 6h 65 86 
5h 68 76 47 64 86 ah 68 76 47 
64 86 8a 4h 74 a8 47 3a 83 74 
63 46 4h 43 73 87 63 86 76 57 
8h 58 78 57 51 71 57 ah 75 87 
81 58 71 57 87 58 53 83 58 54 
35 5a 35 bh 68 5b 25 86 52 35 
34 54 35 2h 53 25 21 51 35 2h 
68 5h 25 86 52 35 36 23 56 25 
35 43 27 12 5h 21 42 46 26 42 
36 43 23 12 57 15 48 14 54 35 
24 82 17 32 43 52 45 35 23 47 
54 57 25 47 14 35 13 43 54 52 
15 4h 34 35 63 4h 54 36 73 45 
74 2h 28 72 42 64 ah 46 24 34 
53 27 42 47 84 27 62 35 63 23 
52 48 64 25 32 34 83 2a 42 46 
74 38 73 4h 74 bh 34 53 26 42 
47 84 27 62 35 63 23 52 48 64 
25 32 34 63 2b 42 43 54 23 82 
68 51 35 41 34 54 85 35 43 45 
14 35 13 43 74 4h 34 31 53 41 
54 52 42 14 32 13 43 74 ah 47 
34 31 23 41 24 25 45 14 35 13 
43 74 4a 34 31 53 26 12 42 54 
56 46 24 36 73 21 72 41 74 32 
73 58 25 24 82 13 43 17 47 34 
54 35 28 42 45 84 57 27 62 53 
65 25 32 48 54 31 83 63 53 15 
43 64 25 32 48 34 38 48 74 36 
73 35 83 23 52 86 25 82 57 47 
34 36 53 46 74 35 73 35 73 53 
57 37 47 64 35 63 28 62 28 43 
86 5h 32 84 64 68 48 38 73 28 
72 51 75 51 75 46 14 45 14 54 
24 82 34 83 23 42 86 5h 35 24 
82 62 68 28 38 43 58 45 35 43 
26 52 53 85 23 82 41 84 46 84 
17 26 32 56 35 25 62 37 53 48 
64 24 62 57 45 37 83 54 65 25 
42 45 74 25 72 42 54 38 73 86 
71 8h 18 38 63 ah 45 24 28 52 
48 54 53 43 84 23 82 42 84 56 
25 24 32 54 35 87 68 38 36 73 
86 56 45 26 42 43 52 2a 34 65 
24 62 52 45 43 24 53 65 58 65 
85 25 32 45 34 24 52 86 48 31 
53 23 52 17 26 72 84 38 36 43 
86 34 27 6h 48 63 62 32 73 31 
84 17 4h 63 78 56 48 3h 25 84 
63 23 53 48 1h 32 3h 85 36 58 
bh 64 2b 81 46 18 ah 63 8a 36 
8h 65 6h bh 5b ah 7a bh ah 
