1
67 5a 57 53 5h 1h 4h 52 5h 3h 
15 56 45 a2 42 5a 65 64 54 75 
a4 57 25 5a 25 a5 2a 26 a6 5a 
56 75 a6 57 65 7a 56 75 a5 2a 
26 76 74 32 73 57 56 75 7h 56 
25 48 52 a5 84 3a 35 31 3h 1h 
8h 8h 82 84 18 16 a5 7a 74 27 
24 2h 1h 74 17 1h 4h 81 87 8h 
78 25 87 68 6h 35 32 17 a1 31 
63 8a 68 38 73 63 67 37 36 83 
87 68 37 63 83 a8 3a 36 73 a6 
37 63 7a 36 73 76 7h 36 73 a6 
37 63 8a 78 36 23 87 28 23 52 
53 23 52 58 28 32 38 28 32 35 
73 25 62 37 63 23 62 67 6h 8h 
27 32 37 63 27 62 61 21 72 31 
73 85 37 63 6h 6h 1h 5h 5h 76 
85 67 86 27 12 1h 6h 1h 1h 76 
71 61 56 58 5h 15 17 81 61 76 
56 a5 6a 67 16 18 71 68 76 16 
71 a6 17 61 5a 65 15 71 61 56 
51 75 61 86 57 85 65 76 72 17 
62 16 76 17 12 61 67 26 17 21 
61 56 58 75 68 76 56 15 12 41 
4h 52 85 72 67 62 86 72 47 68 
46 76 87 57 a5 3a 73 78 67 38 
43 76 47 37 63 67 26 2h 37 43 
48 38 43 4h 5h 1h 6h 7h 7h 2h 
7h 2h 7h 2h 2h 8h 2h 8h 3h 8h 
8h 4h ah 8h 
