1
4h 3a 62 72 63 64 56 a4 5a 53 
13 13 a1 5a 52 82 57 65 61 51 
75 76 56 a6 35 3a 36 a6 2a 56 
25 a5 2a 26 a6 5a 56 35 a6 53 
45 5a 45 41 51 35 4h 74 53 15 
18 58 35 a8 53 85 8a 81 a1 51 
35 6a 76 53 15 7h 51 35 27 42 
53 65 5h 15 a6 24 5a 15 18 58 
15 a8 51 35 1a 42 53 15 a5 24 
1a 14 a4 6a 61 a1 6a 67 a7 1a 
17 a7 5a 54 85 a4 58 35 8a 53 
85 84 54 35 a4 53 15 21 3a 32 
3h 5h 15 a2 51 75 5a 75 a5 7a 
76 a6 5a 56 15 a6 51 45 5a 45 
48 58 15 a8 51 85 1a 58 15 a5 
4a 43 41 31 a1 4a 45 a5 35 36 
8a 6h a8 3a 38 13 15 35 43 43 
41 42 74 72 87 42 84 74 87 85 
81 84 81 84 86 18 78 17 85 87 
48 8h 48 6h 57 4h 47 54 51 41 
74 71 41 64 7h 46 14 75 17 15 
47 54 2h 45 14 54 51 41 45 14 
45 74 75 17 45 14 74 17 13 73 
47 43 24 73 27 47 34 1h 61 43 
64 14 71 72 47 46 34 76 37 12 
31 47 34 14 71 74 67 14 61 71 
a7 8a 18 16 41 86 48 18 41 43 
84 81 68 41 64 84 a8 4a 46 14 
a6 41 64 1a 46 14 13 61 43 64 
14 61 a3 16 41 46 34 16 31 41 
64 4a 14 13 61 43 64 14 61 62 
12 61 a4 16 41 8a 68 14 61 81 
28 21 81 28 26 86 18 16 86 18 
12 61 68 62 18 51 5h 53 8h 82 
86 48 26 5h 84 28 5h 68 62 82 
86 28 2h 62 82 68 8h 68 5h 86 
48 6h 84 68 67 87 68 16 41 5h 
14 61 63 46 13 41 61 76 78 68 
16 14 31 64 36 16 a1 6a 63 46 
a3 64 36 4a 63 46 a6 4a 84 87 
47 a4 6a 64 36 a4 63 46 8a 28 
64 26 86 28 27 87 68 67 46 87 
48 68 a6 1a 81 84 38 14 31 81 
28 26 86 18 13 41 83 48 18 31 
42 84 82 38 42 34 18 31 41 84 
81 38 41 34 35 45 14 85 18 48 
14 15 81 84 28 3h 82 48 45 64 
18 61 41 84 85 18 45 24 16 71 
86 28 48 24 17 81 84 28 25 87 
48 18 21 47 84 87 68 47 64 84 
78 1h 41 32 73 83 78 5h 87 38 
37 23 87 58 14 51 81 48 46 54 
86 18 14 61 84 68 18 41 32 53 
ah 35 43 13 81 45 34 35 23 45 
74 32 47 18 23 3a 84 51 53 13 
51 48 34 31 53 7h 35 13 43 84 
15 31 35 73 15 71 48 74 31 73 
1h 14 81 37 43 47 54 37 53 43 
54 18 31 34 53 1h 41 43 54 1h 
31 34 53 7h 35 43 13 81 45 34 
35 73 45 74 34 73 86 78 38 43 
48 64 38 53 46 54 16 51 41 64 
74 76 46 47 14 15 61 17 61 71 
45 84 35 63 17 13 81 41 84 87 
18 14 51 8h 48 15 31 84 78 13 
71 81 48 41 54 4h 14 84 18 17 
31 87 48 47 54 87 58 48 54 13 
81 84 58 1h 41 48 54 52 42 84 
14 31 36 23 83 48 43 64 1h 71 
1h 21 83 78 15 71 81 38 52 8h 
18 17 31 87 38 18 21 31 83 81 
78 31 73 46 74 34 63 73 76 36 
37 43 83 18 46 74 3h 81 68 47 
64 47 64 74 76 46 47 38 67 8h 
14 13 87 43 3h 78 64 31 73 83 
18 76 8h 38 67 46 74 67 34 13 
84 78 86 31 67 4h 48 73 46 37 
87 64 4h 13 78 74 12 32 84 4h 
21 23 13 47 3h 78 86 35 2h 61 
54 17 45 5h 78 86 6h 5h 7h ah 
6a ah 
