2
1h 48 4a 8b 84 28 b4 8b 87 86 
8h b7 5b 52 85 b8 2b 12 b1 8b 
81 28 b1 82 18 12 82 58 8b 58 
54 5h 84 b4 18 5b 81 25 a8 21 
51 25 5a 25 a5 1a 15 a5 8a 78 
28 28 25 2h 23 72 34 74 24 72 
75 87 a5 78 2a 87 82 84 24 74 
7h 7h 48 42 82 48 47 87 48 43 
83 28 27 87 42 48 28 42 a4 2a 
82 84 24 38 42 32 82 b8 6b 68 
b8 2b 23 24 34 b4 12 4b 43 b3 
21 42 2b 42 b2 4b a4 2a 24 a4 
72 2a 32 34 24 72 a2 4a 43 a3 
7a 73 a3 2a 23 a3 12 4a 21 42 
a2 7a 47 b4 2b 27 b7 32 2b 32 
b2 7b 74 b4 7b a7 3a 37 a7 2a 
27 32 34 24 72 a2 7a 74 a4 2a 
24 a4 12 3a 21 32 3h 73 a7 3a 
37 32 31 a7 3a 63 61 61 63 65 
a3 86 83 63 16 85 18 68 16 4a 
61 46 a6 4a 47 a7 6a 67 16 a7 
61 46 1a 64 16 a6 1a 1h 12 5h 
4h b2 12 1b 41 42 12 41 bh 14 
31 4b 13 41 7h 14 31 1h 41 3h 
35 14 51 b4 13 51 1b 31 35 15 
41 3h 43 13 81 86 48 16 41 81 
48 45 46 4h 4h 74 4h 74 4h 74 
72 42 74 73 67 43 64 74 37 3h 
5h 2h 27 5h 72 2h 5h 54 4h 2h 
72 47 46 14 18 31 48 64 74 67 
13 41 47 64 57 15 71 46 74 14 
31 76 87 37 63 5h 45 43 74 14 
51 78 67 3h 15 81 76 87 17 21 
24 14 61 31 43 42 32 53 bh 35 
13 3b 43 47 24 16 42 37 61 2h 
74 73 43 24 4h 34 37 23 47 24 
34 23 28 38 43 48 74 48 74 34 
83 4h 34 73 48 43 84 43 84 34 
38 48 43 84 43 84 16 81 41 34 
41 34 37 13 34 13 43 41 34 41 
64 37 13 37 13 46 84 31 73 42 
31 28 7h 14 13 43 64 18 31 37 
83 17 81 31 73 46 74 34 63 3h 
43 41 74 78 17 37 13 41 74 73 
87 31 41 54 72 57 32 53 47 54 
34 73 74 17 34 13 73 47 7h 37 
31 43 71 47 46 24 65 75 17 35 
13 12 34 23 74 27 37 43 47 41 
74 34 73 78 47 43 14 73 87 47 
34 37 47 54 31 53 4h 74 35 73 
43 74 78 37 34 13 74 87 37 43 
47 37 53 18 51 31 73 48 54 65 
86 76 36 13 78 72 87 15 81 72 
57 37 63 62 32 73 74 27 34 23 
73 47 61 36 31 43 61 26 35 23 
75 17 63 16 63 73 3h 36 37 61 
73 1h 36 17 73 61 5h 37 16 54 
61 56 38 43 18 71 34 4h 17 83 
31 83 73 17 65 36 61 73 1h 36 
57 32 75 18 68 4h 53 2h 87 81 
35 18 78 2h 86 84 53 64 35 bh 
51 1b 47 48 78 8h 82 2h 5h bh 
8b bh ah 
