1
48 14 38 14 5a 5h 75 74 35 37 
36 a4 3a 36 35 a3 13 8a 86 81 
a6 3a 38 a8 43 4a 47 a7 2a 37 
43 46 36 43 45 46 47 4h 14 12 
1h 18 42 54 a7 53 5a 43 54 a4 
5a 53 5h 7h 8h 7h 8h 58 18 65 
71 75 15 76 71 61 67 17 16 81 
76 18 a1 67 5a 57 56 25 a7 52 
85 5a 85 a5 4a 41 84 a1 48 54 
58 25 48 24 54 85 4a 58 25 45 
84 a5 48 24 21 45 84 4a 84 a4 
2a 27 2h 82 8h 28 42 48 64 28 
62 42 64 65 45 24 25 82 45 84 
24 32 31 21 42 48 14 28 32 41 
74 23 72 75 25 82 45 84 24 12 
13 23 42 48 64 28 62 42 34 31 
41 24 26 32 46 74 23 72 42 74 
76 7h 46 24 26 82 46 84 24 32 
37 83 27 82 32 83 8h 85 18 17 
87 a8 4a 42 64 a2 46 24 6a 42 
64 a4 7a 71 31 43 46 24 36 23 
43 14 a1 3a 32 63 a2 36 73 4a 
74 34 23 78 27 37 43 48 74 72 
67 42 64 38 63 74 67 37 43 47 
24 37 23 43 14 18 48 34 32 63 
42 64 34 83 81 31 43 46 54 36 
53 43 54 57 5h 5h 1h 47 34 37 
23 47 24 18 42 64 32 63 43 64 
a8 46 24 3a 42 64 34 23 a4 32 
63 61 68 6h 6h 6h 7h 2h 7h 2h 
7h 2h 7h 2h 7h 7h 5h 5h 1h 4h 
1h 8h 7h 8h 7h 8h 5h 5h 1h 8h 
4h 4h 1h 8h 5h 5h 1h 8h 3h 8h 

