1
54 8a 81 8h 8h 78 a7 8a 87 a7 
8a 58 28 52 56 54 35 a4 6a 64 
16 18 13 a4 68 5a 53 85 a3 56 
85 5a 85 82 68 65 6h 85 68 28 
26 86 82 68 82 a8 58 5a 26 56 
25 a6 52 65 85 86 58 6a 85 68 
62 82 68 a2 86 28 58 52 85 6a 
52 65 6h 26 68 26 86 82 68 a5 
86 28 68 62 86 2a 68 26 25 65 
26 a5 62 16 1h 6h 26 15 62 46 
41 61 26 4a 62 46 43 63 26 a3 
62 16 13 63 26 1a 15 71 62 76 
16 71 75 7h 15 21 73 12 61 65 
26 15 21 61 26 2h 6h 3h 26 67 
46 62 36 73 67 a6 3a 36 76 73 
63 71 47 a6 2a 27 a7 2a 42 4h 
41 54 5h 6h 6h 62 46 45 65 36 
32 62 36 4h 34 37 64 76 4h 46 
34 73 47 84 81 38 41 34 84 68 
64 36 84 38 37 47 68 36 32 83 
6h 36 68 36 31 73 86 37 43 73 
74 34 37 43 1h 37 43 73 74 34 
37 23 47 32 43 73 74 68 ah 34 
37 23 47 32 43 73 74 34 37 43 
3a 23 86 32 43 74 37 43 5h 68 
74 37 43 2h 86 74 37 43 5h 68 
74 37 43 2h 86 74 37 43 5h 68 
74 37 43 2h 34 23 24 72 34 73 
23 42 43 23 42 47 27 32 37 27 
32 34 73 24 72 32 43 74 37 23 
24 72 34 73 23 42 43 23 42 47 
27 32 37 27 32 34 73 24 72 32 
43 86 5h 68 2h 23 42 37 32 73 
32 73 23 27 37 32 73 32 73 48 
74 34 23 34 23 51 28 72 38 43 
38 43 42 54 32 53 82 76 57 28 
37 23 47 24 34 73 26 42 46 74 
34 53 26 42 47 54 34 73 74 67 
23 62 72 87 13 72 47 3h 28 74 
37 34 63 14 71 27 23 42 73 47 
27 32 82 83 23 28 72 74 37 24 
32 72 37 28 36 13 41 76 47 37 
43 26 72 73 67 13 76 17 37 31 
71 27 42 32 73 72 67 12 31 83 
86 36 23 78 27 37 23 68 45 64 
25 62 35 63 23 72 43 54 27 82 
2h 52 7h 74 37 25 32 36 53 26 
42 76 57 43 64 23 62 42 14 4h 
24 26 32 46 34 14 21 42 43 64 
23 62 42 34 75 67 13 41 24 27 
32 47 34 24 72 35 63 87 28 42 
36 53 43 74 23 72 42 34 76 57 
13 41 24 26 32 46 34 24 12 41 
24 62 37 43 47 64 24 72 32 83 
86 36 43 48 24 68 36 73 12 41 
24 23 62 43 64 24 32 75 67 13 
21 42 47 34 27 32 42 74 35 83 
3h 23 47 54 78 24 52 14 31 43 
25 42 32 73 45 64 74 27 34 53 
72 87 7h 27 23 42 73 47 27 32 
46 34 24 72 35 63 73 17 41 74 
37 27 42 45 74 15 21 82 73 17 
51 48 54 74 37 36 53 76 47 26 
52 14 25 12 72 47 35 74 2h 43 
57 32 53 24 27 42 27 62 41 74 
41 64 35 63 43 74 75 37 45 14 
45 14 54 73 17 57 47 45 74 45 
74 71 37 36 13 27 12 32 73 42 
54 42 54 76 57 36 23 27 37 23 
43 74 43 74 34 37 47 51 31 63 
41 74 41 64 25 72 84 38 53 73 
47 23 62 74 17 3h 71 37 8h 48 
42 14 17 35 73 82 15 37 23 47 
24 34 73 75 35 43 82 86 46 24 
36 13 28 52 48 54 53 47 54 73 
68 74 37 27 32 35 73 72 47 32 
53 73 27 23 24 32 72 37 35 23 
86 51 71 47 68 27 62 37 63 23 
72 71 21 32 74 87 83 73 47 28 
32 28 12 45 14 24 32 75 47 45 
14 75 17 36 53 26 52 57 24 72 
34 53 75 67 25 62 72 47 45 43 
54 74 87 3h 72 47 45 24 75 27 
26 82 42 64 74 57 48 28 24 52 
72 47 46 84 76 27 46 84 64 31 
53 46 23 52 73 67 25 62 72 57 
46 24 28 32 48 64 23 62 42 34 
75 37 31 53 71 27 41 84 26 82 
47 84 72 74 27 74 67 78 17 28 
12 13 23 42 73 47 28 12 74 37 
25 32 35 25 42 82 31 53 28 51 
31 53 71 87 72 87 27 24 72 24 
82 72 47 72 17 1h 24 35 23 26 
42 23 42 26 52 48 14 25 12 51 
41 84 64 34 68 38 43 38 43 25 
12 25 12 52 46 84 36 53 6h 31 
83 43 24 15 21 52 41 64 86 48 
34 36 13 46 14 32 83 3h 23 34 
63 21 6h 12 42 45 64 5h 48 1h 
24 81 25 18 5h 82 26 8h 61 6h 
ah 7a ah 3a ah 4a ah 1a ah 5a 
ah 
