1
36 73 52 58 5a 57 5h 52 35 34 
54 34 75 73 53 a5 7a 76 75 7h 
4h a4 8a 87 85 78 a8 5a 57 a7 
8a 87 a7 5a 85 a8 7a 75 a5 7a 
78 17 a8 61 7a 67 17 16 76 a7 
81 6a 76 a7 18 5a 58 51 75 a8 
57 65 1a 56 15 a5 6a 76 a7 1a 
12 17 17 21 a7 12 31 3a 38 43 
a8 18 61 2a 16 41 31 34 14 a2 
41 3a 32 43 13 14 31 14 51 52 
65 12 61 51 a5 43 1a 34 16 41 
a6 13 61 3a 16 41 34 23 a4 32 
43 4a 14 61 34 73 16 71 76 16 
21 36 23 13 a1 41 3a 14 32 43 
a2 31 63 1a 36 43 14 21 a4 12 
41 4a 13 41 a1 31 3a 43 4h 45 
34 23 ah 32 63 2a 36 23 a3 2a 
25 a5 3a 35 23 a5 32 13 3a 13 
14 21 34 23 13 21 26 a4 3a 32 
43 a2 34 23 21 31 63 3a 63 a3 
6a 67 a7 3a 37 63 a7 36 13 12 
32 83 5a 38 23 21 31 53 a3 5a 
51 a1 3a 31 23 28 8h 4h a1 5a 
53 25 a3 2a 2h 72 57 a5 6a 65 
a5 6a 65 67 26 42 76 24 a2 67 
4a 76 4h 67 47 46 41 46 41 64 
76 47 84 8h 81 8h 1h 18 7h 67 
81 6h 18 1h 6h 1h 6h 6h 68 76 
4h 84 67 86 46 84 81 41 64 61 
86 41 84 64 86 87 85 48 46 74 
86 78 48 64 8h 87 68 48 74 63 
56 8h 47 54 83 78 64 16 4h 61 
76 86 78 45 64 68 76 48 74 64 
86 3h 68 46 47 84 67 86 46 74 
84 68 64 76 84 78 65 76 86 48 
72 47 87 48 45 74 78 67 48 54 
76 57 47 84 5h 48 74 76 87 46 
84 74 67 87 48 47 64 87 68 62 
56 25 86 78 46 74 84 78 76 47 
48 64 78 67 65 75 87 45 84 74 
57 62 56 76 57 86 48 46 54 86 
58 72 17 48 64 28 1h 82 6h 28 
ah 82 7a 27 ah 72 87 85 68 75 
67 87 58 62 76 72 57 62 16 87 
18 68 76 75 27 4a 84 72 57 48 
14 13 43 84 83 18 43 14 84 18 
67 46 48 24 6h 86 42 34 68 36 
6h 86 81 28 6h 16 2h 61 76 75 
27 26 76 57 27 25 75 72 67 65 
62 56 76 57 25 72 67 65 26 56 
52 62 72 57 67 16 7h 61 36 3h 
75 17 ah 71 57 4a 24 2h 75 27 
2h 75 17 1h 31 3h 3h 73 57 52 
72 37 ah 73 27 25 75 37 8a 58 
73 57 87 38 2h 72 83 27 ah 38 
6a 72 83 27 ah 36 4a 78 63 87 
ah 32 1a 74 23 47 ah 36 6a 78 
75 85 5h 51 1h 3h ah 5a ah 
