2
4a 13 14 1h 6b 86 86 8h a6 8a 
87 b7 5b a7 48 4a 42 4h 36 3h 
35 43 a2 82 8a b8 3b 38 43 b8 
5b 53 b3 5b 54 5h a4 24 52 8a 
75 78 58 75 a5 85 7a 72 7h 3h 
3h 74 7h 6h 73 12 1h 58 b4 85 
37 58 7b 85 37 58 b7 85 3b 58 
a3 85 1a 58 b1 85 7b 71 58 b1 
85 37 58 3b 32 3h 85 a2 58 63 
6h 85 3a 58 13 1h 62 6h 6h 76 
57 56 76 86 25 27 24 74 54 68 
67 87 86 76 78 68 25 86 27 57 
85 65 68 58 56 86 a5 68 3a 86 
73 68 72 32 86 67 63 78 67 37 
87 83 73 78 38 37 87 83 73 86 
76 78 68 38 36 86 47 43 42 32 
72 68 63 83 86 36 38 68 27 23 
73 86 47 68 27 24 74 72 42 37 
32 72 86 63 67 38 63 73 83 87 
37 38 78 73 83 87 37 86 36 38 
68 78 76 86 23 27 24 74 34 68 
67 87 86 76 78 68 23 86 27 37 
83 63 68 38 36 86 a3 68 5a 86 
75 68 72 52 86 67 65 78 67 57 
87 85 75 78 58 57 87 85 75 86 
76 78 68 58 56 86 47 45 42 52 
72 68 65 85 86 56 58 68 27 25 
75 86 47 68 27 24 74 72 42 57 
86 24 54 74 68 65 85 86 56 58 
68 27 86 25 75 87 67 68 78 76 
86 a7 68 5a 52 86 a2 68 65 85 
86 56 58 68 45 86 5a 68 45 86 
42 52 68 a2 86 65 7a 58 27 25 
75 86 b7 24 3b 42 53 52 32 68 
65 85 86 56 58 68 23 25 86 24 
54 34 68 65 85 86 56 58 68 23 
86 25 35 83 63 68 38 36 86 a3 
68 5a 52 86 a2 68 65 85 86 56 
58 68 85 6a 58 65 67 57 a7 87 
65 6h 6h 78 16 87 3a 61 78 43 
87 46 36 78 42 4h 87 63 62 32 
78 86 83 63 78 38 37 87 26 23 
63 78 26 24 64 87 36 34 64 78 
23 26 36 87 83 73 78 38 37 87 
63 62 32 78 86 83 67 86 36 a3 
85 b8 76 3a 23 1b 67 32 63 65 
a6 35 b3 75 6a 26 31 23 63 a6 
57 6b 26 75 8a 28 68 a6 3a 38 
b3 57 3b a3 38 b3 75 3a 23 57 
6b 26 2h 6h 2h 2h ah bh 4h 1h 
4h 1h 4h 2h 2h 8h 8h 4h 7h 7h 
8h 4h 4h 7h 7h 5h 4h 4h 5h 8h 
7h 5h 4h 5h 3h 
