1
2h 4h 6h 35 7a 43 64 a3 83 7a 
67 64 62 86 a2 6a 68 16 1h a8 
1a 15 1h ah 7a 61 46 a7 3a 36 
34 64 a4 63 1a 12 56 a2 6a 46 
43 63 56 a6 1a 61 65 15 26 a1 
61 46 12 4a 42 84 a2 62 46 8a 
64 36 32 62 a8 48 36 5a 84 63 
56 a6 48 5a 51 58 57 8h 84 2h 
48 23 4h 32 4h 42 42 84 2h 48 
34 8h 43 84 87 47 84 54 51 85 
82 38 52 35 85 18 2h 81 58 51 
35 37 34 81 38 31 73 2h 37 23 
7h 31 23 3h 13 12 32 63 56 25 
21 51 75 2h 57 65 36 a3 6a 63 
16 53 15 12 52 15 62 16 56 15 
14 61 65 76 15 71 78 18 51 68 
56 16 81 54 75 8h 57 65 64 86 
54 75 65 76 58 56 85 56 75 85 
68 85 68 73 67 36 76 86 58 86 
58 57 65 67 57 65 63 26 85 28 
24 68 56 53 85 84 78 54 75 85 
38 56 58 65 58 75 53 25 63 86 
63 86 87 28 67 58 37 a6 85 82 
78 83 78 52 75 85 28 35 1a 51 
13 51 57 25 85 78 76 27 86 28 
78 37 71 67 37 17 13 51 58 75 
53 75 76 87 17 81 56 75 71 67 
51 65 75 27 87 58 56 15 86 18 
58 65 17 81 87 68 17 61 81 78 
51 75 85 18 38 31 81 83 58 57 
15 53 15 87 18 35 81 28 31 51 
82 48 4h 53 15 53 15 35 31 51 
53 15 53 15 35 47 4h 53 51 75 
74 54 35 1h 53 15 16 71 56 75 
15 71 72 57 51 65 71 67 57 35 
37 57 35 36 56 75 76 56 75 73 
17 53 15 75 67 12 31 61 71 57 
52 15 63 13 53 25 16 21 75 27 
17 51 57 65 17 61 51 35 31 51 
35 36 56 15 16 56 15 13 61 53 
65 15 61 36 13 51 56 75 16 71 
51 75 72 17 15 61 75 67 17 61 
36 13 71 73 27 13 21 71 27 23 
2h 5h a3 8a 58 51 65 81 68 58 
25 2h 62 86 82 18 62 16 86 28 
ah 82 68 61 26 81 28 68 26 25 
82 86 18 26 12 82 68 8a 28 21 
52 3h 81 68 62 16 82 18 68 26 
3h 62 86 81 28 61 26 86 18 25 
32 4h 23 52 3h 81 68 62 16 82 
18 68 26 4h 62 86 81 28 61 26 
86 48 8h 68 62 16 82 18 68 26 
3h 62 86 81 28 61 26 86 18 25 
62 65 16 86 18 17 51 87 58 18 
71 28 62 38 17 31 67 36 27 82 
21 82 12 16 21 16 81 13 71 23 
62 23 62 68 76 16 81 21 32 2h 
62 67 16 27 32 38 61 36 86 85 
68 85 78 15 47 84 58 81 58 53 
86 18 13 41 74 17 61 81 78 23 
42 84 78 28 12 16 81 26 72 18 
71 8h 82 68 17 61 65 76 15 31 
15 31 81 28 67 36 27 12 87 58 
21 52 12 16 51 61 65 26 61 76 
53 23 12 23 12 32 83 78 15 71 
81 28 61 56 82 48 8h 28 26 12 
86 18 28 32 2h 82 17 31 87 38 
27 62 21 62 12 18 21 18 71 63 
76 16 81 83 28 32 12 71 83 23 
28 62 61 86 85 18 17 51 87 48 
27 42 82 78 61 26 82 78 68 26 
27 12 67 86 32 84 28 64 76 82 
78 68 26 63 76 15 81 25 32 25 
32 52 86 38 58 28 25 62 85 26 
82 52 83 68 67 36 87 28 47 82 
58 14 21 18 51 21 82 21 72 86 
18 86 78 28 12 15 81 25 62 18 
61 25 72 16 81 82 68 12 51 63 
56 18 51 61 86 83 48 6h 26 8h 
18 62 36 83 48 28 15 81 24 14 
31 15 31 51 27 52 87 18 47 81 
62 74 2h 18 76 82 78 21 25 42 
68 46 84 53 68 16 28 42 63 46 
26 82 26 82 62 15 21 35 68 26 
16 8h 62 31 6h 51 53 13 87 64 
15 38 5h 76 31 81 48 64 87 4h 
16 78 84 13 7h 38 41 68 14 3h 
47 ah 86 74 68 2a 41 ah 83 14 
38 8a 47 85 74 5h 46 4h ah 6a 
ah 5a ah 
