0
13 57 51 51 81 28 2h 54 5h 53 
85 83 53 65 6h 6h 1h 68 68 6h 
26 24 24 2h 12 1h 58 75 74 64 
16 15 65 46 41 61 56 51 61 26 
21 82 61 86 26 82 76 28 72 73 
74 54 85 83 8h 53 6h 1h 87 65 
8h 38 68 36 58 35 65 36 37 67 
56 57 67 15 16 14 64 54 86 85 
87 65 18 16 86 58 57 35 87 18 
1h 53 41 45 46 56 45 48 58 65 
68 58 65 64 54 86 85 65 15 86 
48 51 64 56 58 68 35 36 18 56 
35 3h 34 3h 7h 3h 8h 7h 7h 8h 
8h 14 1h 41 48 18 31 3h 8h 7h 
71 83 8h 8h 17 1h 8h 71 78 7h 
7h 34 18 63 41 75 35 47 43 73 
47 4h 4h 6h 2h 46 4h 4h 4h 3h 
1h 8h 8h 3h 7h 5h 4h 4h 4h 5h 
6h 5h 
