0
35 23 87 8h 18 1h 48 4h 62 15 
65 68 6h 65 15 68 48 16 1h 13 
71 72 74 74 12 41 61 46 47 67 
16 17 31 67 36 16 41 34 36 37 
31 3h 2h 2h 6h 8h 31 43 47 37 
63 67 37 86 83 63 85 86 84 56 
54 64 65 36 45 35 65 43 46 48 
36 25 14 13 43 64 68 76 52 48 
67 54 24 56 58 68 76 42 48 28 
34 67 31 41 76 82 53 54 67 56 
28 34 53 63 46 43 54 63 56 46 
82 54 53 5h 7h 7h 8h 4h 3h 51 
75 74 54 57 47 25 28 74 72 42 
47 58 34 27 25 75 72 43 52 57 
34 35 45 34 36 13 46 14 34 73 
23 27 37 32 72 53 56 85 27 36 
83 53 25 75 72 52 57 27 45 41 
51 72 74 7h 24 71 35 38 63 58 
17 36 15 13 42 53 73 75 71 51 
31 35 37 57 23 25 21 51 31 25 
23 25 2h 3h 8h 12 53 24 62 35 
13 43 41 31 64 24 13 12 32 31 
21 63 65 12 35 43 45 84 35 13 
48 23 14 24 72 12 17 27 21 71 
42 41 84 32 31 21 48 53 12 54 
34 13 23 21 52 56 26 42 46 34 
26 82 43 84 24 86 82 62 31 68 
28 13 26 32 86 21 42 46 84 8h 
26 82 13 85 8h 87 68 6h 31 3h 
63 6h 7h 62 6h 42 74 32 63 47 
54 36 53 63 65 35 36 13 46 14 
34 53 65 36 13 17 1h 5h 37 53 
63 65 35 36 43 47 56 24 37 65 
63 42 53 56 74 36 35 23 65 47 
24 34 56 23 26 36 72 73 23 42 
46 34 26 72 43 74 24 52 71 7h 
2h 12 17 1h 5h 1h 45 27 47 57 
31 62 64 65 24 37 17 42 63 61 
45 74 25 62 12 71 41 32 74 73 
43 14 13 43 51 54 14 52 31 35 
15 41 42 12 34 71 31 41 73 74 
34 53 51 25 31 23 53 75 7h 7h 
8h 1h 3h 1h 3h 1h 1h 2h 1h 2h 
2h 4h 2h 4h 5h 6h 
