1
24 2h 63 51 81 84 8a 28 24 72 
75 a8 7a 7h 6h 7h 6h 68 61 78 
27 26 25 2h 52 76 57 27 52 a5 
7a 72 87 a2 38 6a 73 67 62 72 
a2 16 17 67 46 42 62 16 6a 16 
a6 8a 81 31 a3 1a 18 a8 7a 76 
47 a6 74 57 4a 75 87 81 71 57 
a4 75 37 8a 13 71 87 a7 1a 17 
37 31 71 83 82 a7 1a 71 a7 5a 
52 a2 1a 71 25 a7 52 5a 5h 53 
a5 25 1a 71 a7 38 3a 52 36 34 
53 15 71 57 45 a6 54 15 71 86 
1a 57 15 16 56 15 17 14 23 7h 
32 a6 23 1a 32 1h 41 23 14 61 
3h 16 41 7h 67 2h 76 32 14 71 
34 61 67 17 16 71 4h 16 71 61 
67 17 16 41 76 14 71 61 67 7h 
7h 78 47 68 74 17 18 41 78 47 
17 21 27 17 41 2h 14 21 1h 41 
24 12 a1 31 37 4a 24 7h 42 8h 
24 a2 4a 24 a2 8a 86 8h 83 28 
4h 82 48 28 a6 82 4a 41 81 48 
45 21 a5 45 12 4a 74 21 47 34 
35 73 45 74 34 73 71 47 43 14 
73 17 47 34 3h 37 13 21 32 73 
ah 37 13 21 32 73 4a 74 34 13 
73 47 43 14 73 17 47 34 18 31 
32 12 71 42 54 31 53 43 14 17 
51 ah 47 34 31 73 41 74 34 13 
78 57 3a 43 48 14 38 53 17 81 
47 84 14 71 35 83 6h 17 41 43 
74 13 71 41 34 75 87 6h 78 57 
2h 43 14 17 31 47 34 14 71 38 
53 6h 17 41 67 35 83 76 43 74 
13 71 41 34 75 17 15 31 75 87 
41 54 37 63 34 53 63 43 46 14 
36 3h 41 74 35 13 14 51 34 53 
13 41 78 57 6h 14 31 37 43 17 
41 31 73 48 14 18 71 31 83 43 
64 3h 41 84 34 13 36 13 17 41 
37 83 14 61 6h 17 41 43 74 76 
2h 13 61 41 74 75 17 14 31 74 
37 17 41 46 16 51 2h 41 74 73 
17 43 64 15 61 75 67 56 17 31 
47 34 14 71 76 16 51 38 43 48 
24 38 23 82 42 84 34 83 15 61 
75 47 65 15 61 38 63 48 54 78 
57 47 54 13 71 56 74 87 43 13 
81 71 37 46 84 36 76 17 14 31 
74 67 13 61 71 47 27 24 74 72 
17 13 41 73 47 17 41 72 71 37 
48 64 34 74 17 18 41 78 47 65 
74 37 47 17 51 16 81 46 84 14 
71 76 16 41 73 87 14 21 6h 12 
41 63 78 67 37 48 74 18 31 41 
64 28 45 24 75 27 36 83 47 14 
37 53 15 81 82 12 71 12 71 43 
54 34 35 83 73 67 57 47 45 34 
75 43 74 76 37 17 21 46 74 56 
12 51 47 54 14 71 64 17 61 65 
15 71 73 47 75 47 46 34 38 63 
14 21 4h 12 51 17 51 71 73 17 
73 57 17 31 17 31 48 74 41 74 
35 83 14 17 41 17 81 31 53 43 
74 3h 35 73 56 75 43 1h 37 54 
65 34 23 18 41 46 24 34 83 15 
61 38 43 28 48 54 38 53 36 23 
15 74 32 81 5h 47 83 13 81 74 
37 31 43 71 87 65 45 14 35 13 
43 54 17 31 37 53 17 21 56 36 
73 46 74 71 41 64 31 63 72 43 
28 8h 17 14 74 37 36 13 18 41 
43 84 13 61 42 71 28 2h 84 ah 
37 32 72 17 65 48 54 38 45 15 
83 2a 54 51 38 15 45 28 75 8h 
53 51 54 82 87 14 34 27 6h 41 
4h 73 45 37 ah 52 1a 76 25 67 
ah 54 7a 45 7h 53 5h ah 3a ah 
8a ah 
