2
8h 1a 8b 8h 48 a7 8a 84 8h 85 
68 a4 8a 68 75 16 1h 57 28 23 
26 2h b2 75 4b 42 68 b2 4b 48 
57 18 16 13 14 b1 8b 86 b6 2b 
21 b1 4b 41 4h b1 6b 75 68 b8 
57 2b 24 75 48 b8 1b 23 2h 7h 
7h b2 8b 84 21 82 86 26 82 46 
b6 28 1b 12 b2 6b 64 b4 6b 68 
b8 4b 48 b8 1b 18 b8 2b 28 52 
b8 25 62 1b 61 21 62 64 6h b4 
6b 16 12 51 62 56 16 b1 6b 65 
36 73 b5 3b 37 67 a6 16 51 1a 
51 a1 7a 73 a3 5a 75 76 37 35 
75 73 57 73 57 37 35 75 73 17 
6h 53 71 37 4h 75 37 b7 5b 53 
73 75 37 b5 73 47 4b 46 34 a6 
53 45 14 16 51 46 54 34 35 15 
31 5a 51 41 45 34 32 15 b2 51 
72 57 54 74 57 14 5b 85 8h 41 
a4 5a 58 a8 5a 56 35 31 38 34 
6h 8h 6h 65 6h 3h 53 56 15 36 
13 53 65 8h 56 35 31 63 51 65 
35 63 5h 53 65 61 36 35 13 65 
16 34 13 63 46 6h 56 8h 65 36 
31 53 61 56 36 13 41 34 63 65 
16 35 13 63 56 6h 56 5h 15 8h 
51 35 31 23 51 25 35 13 41 34 
53 52 15 32 13 53 15 17 41 45 
15 31 34 23 6h 56 32 53 13 71 
64 26 2h 51 35 31 23 51 25 35 
13 41 34 53 52 15 32 13 53 15 
17 31 43 45 15 31 34 23 4h 32 
43 8h 37 53 57 17 21 54 75 37 
23 13 71 57 85 5h 75 74 54 35 
32 73 52 75 35 23 8h 68 26 4h 
14 21 61 46 45 65 16 36 53 12 
41 51 31 63 62 16 32 13 63 56 
15 31 36 23 65 15 21 31 53 64 
26 54 34 13 16 51 36 43 15 41 
31 63 ah 36 13 15 61 35 63 13 
51 62 46 56 16 31 32 63 12 61 
54 14 81 34 83 32 83 23 28 38 
18 21 31 23 65 16 13 41 45 15 
31 61 56 32 43 53 63 16 12 31 
62 36 16 51 35 63 61 26 15 35 
23 63 56 14 21 54 64 36 31 53 
61 46 35 43 63 16 6a 36 35 43 
53 63 16 12 31 62 36 34 16 8h 
23 21 6h 65 46 12 41 32 53 51 
31 23 65 16 65 16 32 53 51 31 
23 65 26 bh 15 3b 53 31 53 13 
57 35 37 13 62 31 51 26 8h 13 
85 37 13 62 86 62 86 52 75 71 
51 75 54 25 34 13 34 13 68 26 
56 25 31 43 3h 63 65 46 58 38 
13 61 46 36 13 52 65 51 85 67 
16 37 83 53 25 14 31 64 76 13 
71 61 36 35 13 41 34 53 63 16 
52 45 47 67 86 14 31 54 75 13 
71 51 35 32 5h 13 45 51 45 35 
13 68 26 68 26 51 35 83 82 32 
13 68 56 35 23 61 56 38 65 82 
1h 23 26 51 82 32 13 57 68 31 
2h 15 76 83 28 67 86 74 17 41 
57 14 38 62 8h 25 ah 71 73 46 
52 37 64 17 7a 75 23 46 67 54 
32 4h 71 26 68 14 ah 45 83 57 
38 7a 86 62 2h 7h 4h 8h bh 2b 
ah bh 
