2
35 2a 27 2h 2b 27 26 a6 5a 56 
a6 56 2a b1 7b 72 b2 7b 7h 74 
a4 84 86 8h 8h 8h 76 7a 78 17 
18 15 1h 13 52 78 57 51 51 5h 
6h b5 27 2b 25 b5 4b 42 b2 4b 
43 4h b3 2b 23 42 45 b3 2b a2 
42 7a 74 67 6h a4 1a 1h b1 4b 
a1 7a 47 57 54 74 75 b5 67 3b 
76 37 b7 3b 32 b2 4b 54 b5 8b 
82 72 78 28 27 87 82 72 b7 4b 
54 b5 2b 72 b7 4b 54 b5 8b 83 
b3 38 4b 83 54 b5 48 6b 6h 84 
78 73 83 47 54 75 38 23 82 47 
54 75 48 47 87 38 23 82 48 46 
b6 24 3b 42 34 24 23 43 42 32 
b3 24 6b 42 74 78 48 b6 67 64 
74 27 3b 72 37 27 23 73 72 32 
b3 27 4b 32 46 73 b6 24 37 7b 
37 42 b7 34 4b 34 b4 7b 74 67 
b4 76 37 5b 73 57 87 85 75 78 
67 b8 76 37 6b 73 67 b7 4b 24 
b2 7b 76 37 b6 73 47 7b 87 58 
75 67 b4 76 37 2b 73 27 47 42 
72 74 67 b4 76 37 5b 73 57 87 
85 75 78 67 b8 76 37 4b 24 73 
27 b7 8b 58 b5 2b 23 b3 7b 73 
67 43 76 47 b7 4b 42 74 b2 37 
32 42 74 27 42 34 7b 74 87 58 
75 47 27 43 24 74 72 37 42 47 
64 b7 46 84 4b 84 54 58 48 45 
64 b5 46 34 6b 43 64 b4 7b 27 
b2 4b 46 34 b6 43 74 4b 84 58 
45 74 24 73 27 47 42 34 72 43 
84 58 45 34 74 67 b4 76 47 4b 
43 64 b3 73 67 47 34 23 42 64 
7b 74 27 b4 72 47 3b 74 67 68 
64 64 67 62 85 4h 58 4h 85 2h 
62 46 1h 47 1h 67 36 12 18 b6 
4b 64 63 76 43 74 64 76 78 37 
68 36 76 47 48 34 78 37 47 64 
67 36 47 34 64 36 35 3h 2h 62 
36 3h 73 ah 37 83 6a 76 38 73 
63 76 74 37 36 83 76 87 85 75 
67 35 63 73 87 64 56 7h 37 65 
86 73 87 67 36 34 73 64 86 37 
53 68 56 6h 56 ah 57 3a 73 63 
76 78 37 36 83 76 87 81 58 37 
53 83 68 63 83 78 68 36 38 68 
36 71 57 31 53 61 86 81 61 26 
73 17 24 64 86 71 37 68 26 73 
27 7h 87 83 28 73 27 87 38 3h 
ah 6a 76 72 17 18 78 37 35 23 
63 86 81 61 26 4h 75 37 36 53 
76 57 37 63 1h 36 73 75 67 18 
4h 81 76 57 37 13 3h 73 75 67 
35 63 73 57 62 56 4h 65 26 75 
37 36 53 76 57 37 63 43 46 36 
34 73 75 67 74 67 35 63 62 16 
81 58 73 57 87 38 32 73 82 18 
61 26 37 23 63 46 6h 36 32 73 
62 16 81 28 37 23 83 78 75 27 
6h 56 86 48 47 87 38 34 63 84 
78 36 73 83 68 65 36 85 18 15 
85 18 63 16 4h 34 37 53 86 78 
48 72 67 84 82 58 56 87 68 37 
53 65 26 85 28 68 76 75 65 86 
46 82 68 62 46 24 84 58 73 57 
87 38 62 76 78 57 68 56 35 23 
75 27 37 83 85 86 58 38 43 6h 
37 83 85 78 35 73 47 87 58 34 
73 34 53 83 78 72 47 82 38 72 
57 83 58 78 37 38 23 78 27 34 
23 73 87 65 86 85 65 36 75 47 
81 48 78 17 32 43 63 86 63 56 
82 38 82 58 68 36 34 83 64 56 
38 53 67 86 24 35 23 51 71 81 
28 61 46 48 68 46 36 83 36 13 
8h 31 63 68 62 86 36 13 7h 67 
24 82 18 38 13 62 16 36 23 2h 
73 87 86 38 76 47 72 83 24 2h 
37 68 62 82 68 73 27 28 42 65 
86 76 37 85 68 24 52 34 53 74 
35 25 86 1h 67 53 52 48 41 32 
43 62 72 81 34 26 2h 17 28 43 
13 73 82 bh 21 25 15 6b 37 38 
52 51 83 73 21 ah 16 15 65 3a 
58 3h 57 34 75 85 42 bh 51 56 
24 65 15 5b 43 5h 34 ah 47 7a 
4h bh 5b ah bh 
