2
1a 4b 35 3h 34 38 37 35 a8 1a 
14 34 64 b3 6b 62 a3 4a 64 6h 
23 64 a6 32 3a 34 a4 24 43 7a 
34 73 42 71 67 a3 24 46 6a 46 
a6 7a 62 64 24 56 42 53 63 76 
24 71 7h 42 a6 24 3a 35 a5 42 
7a b7 1b a1 3a 31 a3 5a 31 51 
63 24 a1 6a 42 b6 1b 15 b5 24 
3b 13 42 16 36 a3 7a b7 1b 73 
17 b7 24 5b 56 b6 42 1b 24 1h 
18 8h 42 b1 24 6b 65 b5 42 7b 
24 71 27 24 2h b1 2b 2h 72 87 
7h 27 8h 72 87 7h 27 4h 72 87 
83 86 56 4h 65 a8 56 2a 23 65 
2h 52 a3 26 32 8a 43 24 82 65 
8h 68 a2 86 48 56 84 58 68 65 
85 86 48 56 34 5a 43 84 58 5h 
15 a8 68 4a 34 a3 51 5a 86 5h 
52 51 85 81 48 51 45 61 54 65 
84 68 58 35 18 53 15 85 81 51 
58 45 34 53 45 18 54 15 16 56 
45 86 54 85 81 48 51 45 61 54 
65 84 68 15 86 38 16 83 b8 61 
4b 51 56 45 35 34 54 53 45 53 
45 35 34 54 16 b5 61 8b 48 43 
83 48 16 84 58 54 65 51 35 84 
38 58 65 15 16 56 51 45 61 54 
85 48 54 a5 16 4a 43 83 84 68 
34 a3 86 48 61 34 6a 43 84 68 
a8 18 4a 34 a3 81 7a 67 65 46 
75 17 64 86 71 37 68 36 46 43 
63 6h 46 18 64 36 73 47 81 74 
87 85 48 75 47 42 87 48 28 24 
84 82 48 15 82 78 72 47 82 48 
51 78 47 41 4h 3h 63 46 4h 43 
54 1h 45 14 1h 45 34 3h 32 3h 
1h 3h 38 53 5h 51 bh 15 4b 14 
4h 54 51 41 54 56 85 46 84 54 
65 87 28 5h 45 82 78 48 24 5h 
65 8h 42 14 87 18 56 15 85 78 
1h 61 87 58 48 74 51 85 81 28 
51 25 85 28 47 54 58 75 48 24 
57 25 45 84 8h 85 78 27 82 58 
6h 56 86 78 58 65 27 87 67 16 
57 15 65 76 82 18 2h 67 56 58 
75 68 76 56 85 8h 81 68 67 16 
87 18 68 76 7h 2h 82 81 78 21 
72 82 18 1h bh 3b 23 27 12 37 
21 bh 73 72 32 13 4b 24 31 42 
bh 13 5b 24 31 42 bh 15 6b 23 
51 32 bh 14 8b 26 41 62 bh 15 
5b 23 27 37 7h 78 8h 1h bh 7b 
bh ah 
