1
2a 67 5h 26 1h 16 86 82 72 17 
a1 41 5a 5h a4 7a 27 a2 5a 57 
54 25 75 72 52 57 27 a5 6a 65 
a5 6a 68 62 a8 5a 58 a8 4a 56 
75 a4 1a 57 25 72 57 85 86 56 
25 72 57 85 a1 4a 58 45 a5 2a 
72 a7 4a 43 46 43 47 48 74 3h 
42 74 3h 24 27 47 42 74 1h 47 
24 74 72 42 47 14 16 46 74 24 
27 47 42 84 72 48 a4 27 5a 72 
54 75 a4 25 27 57 52 75 7a 52 
75 a5 25 2a 27 a7 57 2a 24 21 
75 a4 57 5a 54 85 a4 24 24 58 
75 45 47 57 54 85 74 58 15 2a 
82 51 85 25 82 81 21 82 87 8h 
48 ah 74 87 38 2a 42 3h 13 24 
12 6h 32 31 21 23 12 7h 21 32 
12 13 23 21 32 ah 21 32 12 13 
23 21 32 8a 78 23 72 31 82 38 
ah 18 13 83 81 78 31 87 38 18 
13 83 42 7a 24 81 78 42 a8 24 
2a 31 28 72 13 a8 48 1a 17 84 
a7 48 1a 37 16 84 1h 71 13 41 
6h 14 81 41 48 18 14 31 8h 17 
51 57 35 17 31 37 51 35 3h 73 
5h 75 35 73 71 31 73 4h 84 37 
53 51 75 31 73 53 45 8h 54 65 
61 51 75 7h 6h 8h 6h 8h 78 7h 
67 63 73 67 68 16 72 37 6h 86 
82 38 78 17 62 36 35 83 65 16 
13 63 16 73 17 68 16 76 37 86 
85 38 36 86 48 76 47 35 43 42 
73 67 83 68 65 85 38 75 37 87 
68 32 73 72 67 32 43 87 48 38 
73 76 47 3h 83 87 58 8h 58 3h 
63 85 28 61 76 31 23 83 18 67 
56 3h 65 16 32 73 86 58 37 23 
8h 68 32 73 86 58 56 86 58 74 
57 87 68 67 87 68 61 76 81 78 
68 76 34 53 73 87 86 18 76 47 
8h 68 74 67 87 18 68 76 31 81 
71 47 61 46 83 18 76 17 13 73 
67 64 16 74 37 36 31 61 71 47 
81 48 78 17 63 16 13 63 16 15 
81 65 36 35 65 36 75 27 63 72 
18 36 6h 87 51 56 16 51 78 57 
2h 17 61 67 56 35 23 3h 73 13 
71 75 87 15 31 35 23 15 21 28 
18 21 71 87 37 83 84 78 73 17 
83 48 78 37 38 31 83 31 71 5h 
13 17 78 38 8h 87 83 71 38 5h 
87 13 18 38 53 71 87 71 87 56 
82 58 68 72 87 12 76 17 36 23 
21 31 63 68 65 86 65 26 35 13 
16 36 53 71 67 71 57 37 63 64 
76 34 13 34 53 85 67 41 7h 18 
16 41 81 48 73 17 35 18 78 57 
14 51 71 47 67 86 67 16 8h 63 
76 31 35 73 63 56 72 84 3h 17 
48 24 34 82 65 75 4h 43 28 32 
84 1h 56 6h 57 7h 43 28 84 3h 
41 12 4h 26 6h 5h 2h ah 
