0
81 38 71 73 74 7h 71 7h 37 67 
57 5h 5h 56 5h 5h 25 26 26 57 
45 46 4h 56 15 21 42 48 38 34 
37 31 53 13 15 35 31 34 51 54 
85 37 63 6h 58 14 15 45 41 51 
54 14 65 62 52 65 64 6h 6h 3h 
7h 7h 2h 2h 13 54 25 31 42 54 
13 15 35 23 42 34 83 86 36 53 
51 45 24 52 75 31 73 53 65 68 
58 75 78 17 58 35 38 13 73 47 
58 45 25 72 37 31 47 41 73 74 
34 17 13 73 43 47 41 37 31 71 
73 13 27 52 31 51 21 35 34 54 
83 15 71 87 12 51 85 37 83 53 
25 12 51 75 73 17 21 53 72 15 
17 14 27 52 41 45 15 14 54 51 
41 75 27 52 75 71 51 37 35 75 
27 12 71 87 86 76 27 12 71 37 
36 76 53 56 36 17 21 72 45 43 
47 37 63 57 25 36 83 12 51 65 
38 63 53 25 12 51 45 47 4h 2h 
74 12 14 17 47 41 71 74 14 17 
47 41 34 27 36 83 46 74 38 13 
47 14 34 72 74 13 15 35 73 43 
23 75 45 25 35 82 47 34 37 54 
57 47 83 68 6h 74 75 45 23 47 
64 57 5h 46 84 86 46 74 75 45 
32 84 8h 82 58 57 87 18 1h 4h 
24 14 23 17 1h 17 1h 7h 6h 7h 
6h 7h 6h 6h 7h 7h 6h 51 5h 6h 
5h 3h 5h 3h 5h 23 2h 7h 75 78 
58 62 6h 1h 4h 4h 8h 2h 8h 8h 
3h 
