2
5h 8h 23 8a 5b 52 87 87 82 a8 
48 5a 57 58 35 b7 53 25 5b 25 
b5 65 67 47 2b 28 a8 3a b8 2b 
24 4h 5h a3 2a 2h 32 43 3h 23 
52 58 35 28 62 53 75 71 51 a5 
75 1a 57 17 a7 2a 72 71 75 15 
25 72 76 26 52 51 56 16 26 a2 
6a 61 65 15 a5 7a 72 75 71 87 
a2 78 3a 35 87 a5 78 6a 62 87 
a2 78 1a 12 87 81 71 78 73 a2 
18 3a 81 73 67 62 62 36 18 63 
56 52 62 36 81 63 86 16 18 68 
61 26 25 65 36 81 63 a6 18 3a 
81 63 56 52 62 36 18 63 16 86 
81 61 68 26 25 65 36 18 63 a6 
81 7a 37 18 73 b7 37 81 63 56 
52 62 56 3b 65 36 37 43 b6 76 
4b 18 41 67 1h 76 5h 67 a4 76 
1a 67 1h 17 13 21 2h 25 b3 52 
1b 12 2h 25 ah 52 3a 25 2h a3 
5a 52 5h a2 1a 14 51 54 35 14 
31 51 35 37 57 15 17 31 57 35 
15 41 3h 43 13 41 bh 14 31 34 
83 14 81 87 17 41 37 43 13 41 
3b 31 43 45 14 13 81 43 84 14 
31 4h 48 34 14 81 35 23 7h 32 
43 45 84 14 81 35 43 41 24 4h 
14 34 83 13 41 43 24 86 38 18 
21 25 15 81 45 34 18 21 43 24 
7h 14 81 83 28 7h 13 41 48 34 
18 31 41 34 36 13 14 81 34 83 
13 41 82 48 46 24 86 38 16 21 
76 34 73 84 78 38 43 12 41 42 
74 12 81 32 73 18 71 31 83 84 
18 34 23 81 68 4h 86 18 17 41 
87 28 38 23 14 81 83 28 5h 82 
78 5h 13 41 48 34 18 31 41 84 
32 13 12 81 32 73 41 74 34 13 
18 21 38 23 13 51 5h 52 32 12 
81 35 83 13 21 84 58 28 18 31 
34 83 14 81 31 23 82 18 13 21 
83 28 18 31 38 18 21 35 83 85 
35 83 81 48 31 43 83 18 6h 81 
68 8h 58 8h 58 8h 58 6h 36 34 
13 81 58 18 15 85 12 51 38 63 
15 61 46 36 23 14 51 53 13 81 
85 38 85 38 18 51 85 18 41 32 
63 31 43 63 13 16 81 82 38 86 
48 47 54 15 21 41 34 38 13 48 
24 31 63 1h 38 73 14 81 16 81 
37 83 13 41 87 38 51 37 13 87 
58 31 53 84 58 32 13 12 41 24 
67 28 25 42 85 25 62 35 63 23 
72 23 72 14 31 12 31 21 23 12 
23 42 17 31 17 31 36 53 16 71 
16 71 32 73 25 24 72 54 27 52 
42 37 23 17 51 34 53 85 78 15 
71 81 48 45 85 78 43 74 84 18 
52 14 21 84 38 58 12 51 4h 28 
21 82 21 82 12 18 28 21 82 21 
82 83 48 23 12 23 12 15 41 25 
32 25 32 47 34 52 17 21 54 14 
71 25 72 5h 81 48 45 85 18 12 
51 82 58 18 21 43 84 83 28 43 
54 27 52 18 31 42 74 32 12 81 
84 38 14 21 83 28 18 31 35 83 
15 21 52 81 48 31 43 83 18 12 
47 24 15 84 bh 31 78 4b 42 54 
24 38 53 23 43 42 34 42 34 24 
35 43 25 35 83 87 68 61 63 13 
83 78 16 31 36 16 31 54 52 87 
58 37 43 17 21 31 73 85 68 42 
74 8h 78 48 54 24 14 12 41 12 
41 21 45 14 25 45 64 38 53 48 
64 35 63 43 84 43 84 34 86 36 
46 51 52 87 58 37 13 28 38 73 
25 72 32 53 13 81 13 81 42 34 
62 43 64 24 85 38 15 21 1h 41 
83 28 35 48 34 54 86 16 41 53 
13 61 45 34 45 64 62 48 34 82 
12 51 43 54 13 61 81 28 45 24 
35 41 54 81 58 3h 85 45 1h 18 
82 1h 24 28 48 54 53 27 52 32 
42 84 81 28 41 24 35 84 76 4h 
13 18 38 53 25 45 3h 52 6h 84 
53 81 41 23 5h 18 1h 34 16 3h 
62 27 6h 75 7h bh 8b bh 4b bh 
5b bh ah 
