1
8h 23 18 5a 67 63 64 75 76 a5 
2a 25 12 a5 75 2a 28 a8 78 4a 
45 a5 6a 64 a4 2a 74 a7 6a 26 
25 62 61 a6 21 82 81 21 82 3a 
28 32 a2 3a 3h 3h 31 37 a7 2a 
27 82 a7 28 12 6a 16 26 82 12 
18 28 21 62 68 46 28 42 62 a6 
2a 23 12 a3 21 82 8a 81 a1 21 
82 3a 34 28 42 a2 6a 26 23 42 
32 62 46 a4 2a 23 26 12 a3 21 
82 1a 28 32 36 26 82 a1 28 72 
5a 27 52 a2 5a 54 a4 2a 24 82 
a4 28 42 5a 24 52 56 26 82 a6 
28 12 8a 21 82 a2 5a 53 a3 53 
45 2a 54 28 12 a8 45 21 32 1a 
23 12 a2 54 6a 63 a3 45 2a 54 
21 32 a1 45 23 12 8a 21 82 54 
28 72 7h 45 4h a8 2a 32 36 26 
42 46 26 42 43 4h 4h 23 42 12 
42 14 18 48 24 28 48 54 56 46 
84 82 42 84 81 41 84 52 15 14 
54 51 75 72 52 85 41 58 45 15 
14 18 54 58 a5 48 4a 41 84 81 
41 84 a4 14 5a 25 27 57 85 41 
58 45 15 14 54 51 75 72 52 85 
41 58 45 15 48 54 58 75 41 74 
7h 4h 87 84 17 14 74 71 27 25 
75 87 41 78 47 17 14 18 48 41 
74 71 27 41 54 57 47 24 54 85 
15 25 21 72 74 24 82 51 28 52 
12 15 25 21 42 47 27 42 45 84 
25 82 42 84 8h 8h ah 6h 7h 6h 
7h 81 8a 58 75 27 24 32 74 37 
27 52 85 78 73 17 83 18 14 78 
57 25 82 84 38 24 32 82 58 75 
27 23 12 73 57 54 84 38 21 32 
82 68 62 82 68 63 83 28 23 83 
28 26 32 38 28 42 74 87 83 86 
38 78 37 63 76 87 83 58 36 76 
57 87 38 51 35 85 78 71 37 81 
38 78 57 58 35 78 67 53 65 75 
87 68 76 57 58 35 78 17 53 15 
75 87 86 76 57 51 35 71 87 53 
85 75 87 83 18 73 17 87 58 53 
15 83 18 58 75 78 37 58 35 75 
67 65 75 67 63 73 57 53 73 57 
56 35 37 57 45 24 72 73 76 37 
27 32 63 26 72 73 17 36 26 12 
72 17 1h 7h ah 37 3h 1a 1h 4h 
7h 8h 3h 8h 31 37 54 35 3h 6h 
6h 4h 6h 4h 6h 4h 6h 8h 6h 8h 
5h 6h 4h 1h 4h 7h 4h 6h 4h 4h 
2h 6h 2h ah 
