2
1a 8b 84 86 87 a7 8a 8h 38 6h 
8h 68 a6 2a b6 86 7b 78 b8 7b 
74 72 7h 76 72 b2 67 8b 82 b2 
6b 68 b8 78 67 6b 64 b4 6b 61 
74 37 31 71 a7 b7 8a 8b 84 b4 
a4 2b 26 2a 28 a8 68 2a b8 6b 
26 27 2h a6 3a 23 23 2h 4h b2 
8b 82 b2 8b 86 b6 4b 43 48 38 
34 84 b4 1b 83 18 15 85 b5 28 
26 2b 32 86 38 28 42 48 28 42 
43 23 82 83 23 82 84 68 24 62 
82 68 b6 2b 28 62 82 86 38 34 
84 38 b2 83 68 8b 68 b8 2b 28 
b8 2b 42 43 23 b2 8b 82 b2 8b 
86 28 b6 82 68 3b 86 28 34 82 
38 48 43 83 84 68 b3 86 28 26 
86 38 34 84 68 62 82 68 2b 28 
26 32 b8 23 82 86 26 32 8b 68 
23 62 82 68 b6 8b 68 b6 4b 43 
b3 2b 28 62 b8 26 4b 42 b2 8b 
86 b6 8b a8 4a 48 a8 2a 28 a8 
b2 4a 47 45 a7 2b 3a 38 a8 3a 
32 a2 8a 82 a2 8a 83 a3 8a 87 
a7 4a 84 38 37 87 a8 5a 85 a8 
2a 27 a7 8a b8 5b a5 8a b8 2b 
23 b3 7b 73 b3 8b 42 48 41 28 
42 b2 8b 84 b4 a8 6b 68 b8 2a 
52 a5 3b 37 b7 5a 5b 51 b1 21 
a2 8b 86 8a 68 b8 1b 21 b2 6b 
a6 8a 86 28 a6 12 81 28 5a 12 
81 58 a8 58 54 1a 18 28 21 82 
b5 21 82 1b 18 21 62 65 25 82 
a2 18 28 21 82 1a 28 12 a2 82 
1a 28 b2 6b a1 3a b6 3b 34 b4 
1b a4 6a b1 3b 32 63 a3 28 6a 
68 36 a8 63 16 3a 38 13 63 16 
a8 1a 14 74 1h 16 51 58 18 61 
47 16 51 56 54 52 65 15 61 62 
56 51 25 61 26 56 15 4h 74 8h 
51 65 47 81 1h 56 15 81 58 15 
74 5h 15 16 21 56 25 15 61 23 
62 12 61 65 26 21 52 61 56 26 
12 53 15 47 82 85 25 28 52 28 
62 63 56 23 82 74 26 82 62 65 
26 47 58 68 46 25 42 62 56 13 
41 65 26 85 14 81 83 13 51 13 
51 24 72 74 24 82 67 46 67 46 
15 81 21 72 64 36 2h 52 62 16 
23 25 82 12 51 56 45 74 57 65 
15 21 61 56 28 12 52 45 18 21 
74 12 71 41 47 57 15 62 46 51 
35 5h 15 16 21 56 25 15 61 28 
62 12 51 64 86 56 85 36 13 21 
24 62 14 61 21 82 52 15 16 41 
74 17 61 51 25 65 16 15 41 65 
46 16 51 28 42 35 13 61 62 56 
12 51 61 76 6h 26 67 26 24 12 
64 86 15 41 25 42 12 51 68 26 
35 13 51 62 56 16 21 24 62 14 
81 65 46 76 74 64 67 56 26 52 
51 65 62 16 47 18 41 52 45 15 
21 68 26 28 42 68 56 18 41 65 
46 16 41 26 52 56 85 26 82 52 
75 5h 25 28 62 58 65 25 62 14 
51 52 65 72 1h 21 17 41 56 25 
26 82 56 85 25 72 2h 52 58 65 
28 62 52 65 61 26 25 72 67 56 
26 12 52 65 62 86 52 85 65 26 
14 81 72 67 56 51 25 61 26 56 
35 5h 15 53 15 18 61 58 45 62 
86 12 81 61 26 54 85 72 67 16 
15 21 65 26 16 51 31 35 15 13 
61 62 56 63 56 12 51 61 26 58 
45 72 67 16 18 21 68 26 16 21 
25 62 61 56 21 82 54 85 25 12 
64 86 71 27 52 56 15 26 12 52 
35 5h 25 21 62 51 65 25 12 68 
46 71 27 52 58 15 28 12 52 45 
16 21 26 82 16 81 21 62 54 85 
76 27 12 15 61 25 62 12 51 35 
13 21 26 52 16 51 21 62 58 45 
76 27 12 18 61 28 62 12 61 65 
26 21 82 71 67 16 28 12 62 56 
16 31 1h 21 83 12 61 65 26 72 
71 61 26 27 12 27 12 62 56 16 
21 26 82 16 81 21 62 54 85 76 
27 12 15 61 25 62 12 51 31 35 
15 13 21 26 52 16 51 21 52 13 
12 61 58 25 28 62 12 61 64 86 
56 25 21 42 71 57 15 24 12 52 
65 14 81 61 26 51 45 62 36 6h 
26 25 12 65 16 26 52 18 51 54 
85 14 81 24 82 51 65 61 46 51 
45 65 16 28 42 31 63 56 52 15 
62 16 56 75 5h 25 57 25 24 62 
54 85 61 36 23 12 62 16 15 21 
26 52 16 41 58 45 15 61 28 62 
68 46 28 52 18 41 56 85 26 82 
52 75 5h 25 28 62 58 65 25 72 
76 26 52 57 65 26 82 57 85 14 
81 51 65 21 62 52 15 64 86 31 
53 25 24 12 54 15 16 81 56 85 
15 61 21 62 65 16 12 41 62 46 
16 21 32 13 61 64 26 14 21 61 
76 6h 16 12 41 62 46 17 41 61 
76 6h 36 6h 26 63 26 25 12 65 
46 21 32 2h 32 2h 12 53 71 27 
12 16 51 26 52 12 61 76 17 61 
32 1h 61 64 26 63 26 14 51 74 
15 71 25 72 65 46 61 46 47 1h 
12 51 67 36 61 56 36 16 13 61 
13 61 65 26 15 71 24 52 64 56 
26 42 27 52 58 75 17 41 51 65 
62 16 52 85 61 36 6h 16 14 21 
64 26 16 41 58 45 15 61 62 36 
6h 56 12 81 23 54 75 54 75 65 
36 6h 56 57 25 67 46 52 45 65 
26 21 52 61 76 74 65 76 46 2h 
52 26 12 54 65 54 65 67 16 57 
45 57 45 61 36 23 12 54 75 54 
75 21 72 52 45 52 45 61 26 65 
26 56 54 75 25 42 6h 64 56 46 
45 64 45 14 26 52 31 2h 62 13 
26 52 62 65 26 65 16 46 54 18 
51 41 64 68 16 38 62 36 46 24 
25 32 45 84 68 51 62 16 42 54 
64 86 28 57 25 17 41 17 81 15 
81 51 52 15 52 85 53 75 61 76 
56 15 13 71 5h 65 41 56 23 6h 
34 4h 15 24 61 36 43 62 5h 14 
36 35 41 24 62 45 1h 56 24 17 
45 62 5h 21 74 28 18 53 8h 86 
32 47 63 28 8h 71 35 58 1h 84 
43 8h 36 6h 7h ah 3a ah bh 
