1
15 87 18 5a 58 a8 1a 41 45 4h 
4h ah 48 41 45 24 21 6a 6h 1h 
4h 14 a6 8a 41 84 a4 2a 24 34 
37 37 3h 25 23 2h 6h 6h 7h a2 
8a 82 a2 8a 82 8h 8h 8h a8 1a 
15 a5 1a 1h 16 14 31 36 32 32 
16 a3 8a 61 58 53 83 58 16 31 
38 18 51 56 16 81 83 13 51 86 
38 36 86 48 42 82 68 63 83 78 
72 82 38 36 86 58 7h 3h 53 54 
51 45 5h 75 75 71 87 a8 5a 58 
45 a8 54 15 5a 15 a5 1a 71 76 
16 51 37 43 15 41 31 53 48 64 
6h 35 13 18 51 38 63 15 61 31 
53 63 65 35 36 13 15 61 35 63 
13 61 67 17 31 37 53 17 51 57 
17 51 37 63 15 61 31 53 3h 63 
61 26 3h 13 62 16 36 23 4h 74 
3h 73 4h 64 61 76 36 13 43 74 
2h 45 64 65 26 28 68 26 4h 54 
62 56 46 34 31 63 65 26 57 37 
13 43 24 64 36 31 23 4h 43 24 
5h 35 34 13 63 46 56 75 8h 57 
65 64 26 4h 46 34 31 73 3h 73 
8h 37 63 62 16 46 24 34 83 3h 
43 42 74 4h 24 5h 65 61 76 75 
65 16 76 42 54 56 46 24 57 65 
34 63 53 45 42 64 61 26 41 34 
31 73 41 74 34 13 62 16 36 43 
52 65 63 16 36 56 15 35 63 65 
41 54 51 65 16 17 57 34 23 65 
26 4h 45 74 62 76 32 53 56 36 
23 45 64 45 64 32 53 56 36 23 
45 24 8h 34 53 51 45 31 63 31 
63 54 15 16 84 56 15 35 43 65 
3h 43 42 54 46 54 32 63 65 35 
23 46 54 46 54 51 25 41 64 41 
64 52 85 32 13 16 17 28 67 37 
23 83 82 52 35 38 23 58 25 46 
74 46 74 52 75 45 64 45 64 32 
53 56 36 83 28 57 25 35 63 67 
46 37 6h 74 73 36 46 71 6h 53 
64 41 84 45 84 54 67 35 4h 56 
13 37 13 73 42 74 58 25 65 36 
64 86 6h 46 37 41 67 1h 53 74 
76 61 41 35 1h 56 14 47 58 8h 
73 31 7h 14 1h 8h ah 6a ah 4a 
ah 2a ah 
