2
21 3a 62 7b 63 72 74 a4 6a 76 
71 72 b2 67 62 65 72 1b 17 b7 
1b 1h 4h 61 b6 7b 76 b6 5b 57 
56 76 57 b6 56 1b 16 b6 1b 51 
51 65 6h b1 4b 4h b4 3b 36 56 
35 31 3h 6h 73 b6 4b 47 b7 8b 
a4 8a 58 a5 4a 45 a5 8a 84 a4 
2a 32 82 48 a3 84 23 8a 82 38 
23 82 b8 a8 48 7b 84 7a 17 48 
71 47 87 84 74 78 17 48 71 27 
32 73 17 84 71 87 47 48 78 74 
17 84 71 a7 48 b7 84 1a 48 4b 
a1 4a 41 42 41 74 72 17 42 14 
74 67 64 74 67 61 71 47 41 71 
47 46 14 17 16 1h 3h 47 64 61 
41 74 71 41 b4 84 1b 17 48 b7 
84 1b 16 48 b6 84 7b 76 48 b6 
84 7b 17 48 71 a7 47 14 1h 87 
4a 14 78 41 34 3h 37 13 1h 17 
1h 12 61 78 16 71 81 87 17 18 
21 78 12 b1 87 4b 24 78 42 64 
61 6h 41 24 87 42 84 74 78 48 
47 14 87 41 a4 78 3a 63 87 36 
83 73 78 38 37 63 87 36 a3 64 
78 6a 63 87 a3 78 6a 68 67 46 
87 64 a7 43 16 34 6a 43 16 13 
63 a3 31 36 16 31 34 14 61 64 
14 36 37 67 41 46 16 41 47 17 
61 67 17 26 21 61 26 4a 24 64 
16 14 64 21 26 16 b2 62 41 26 
1b 62 41 26 b1 62 4b 42 b2 24 
6b 42 76 74 64 16 12 62 71 76 
16 41 46 16 24 21 41 74 73 43 
14 12 42 61 64 14 61 63 13 26 
21 61 46 43 63 24 26 46 14 16 
46 31 34 14 71 78 18 41 43 13 
64 61 41 64 62 42 16 12 62 34 
31 41 36 14 16 46 31 34 14 38 
a8 48 61 84 1a 48 61 68 18 a8 
26 21 61 26 1a 16 a6 61 4a 16 
24 21 41 24 b2 1b 12 b2 61 1b 
61 62 12 b2 26 21 61 26 6b 26 
24 64 b4 76 3b 67 13 14 34 26 
21 23 2h 61 26 52 65 16 13 63 
21 26 16 21 2h 2h 2h 4h 8h 4h 
8h 4h 8h 4h 8h 4h 8h 4h 8h 8h 
2h ah 3h 3h 8h 2h 8h 6h 8h bh 
3h 7h 7h 6h 7h 5h 5h 7h 5h 8h 
8h 1h 
