1
7h 28 1a 1h 52 5h 16 1h 13 a6 
3a 36 3h 3h 43 a6 3a 34 13 a4 
5a 53 a3 4a 15 61 a4 1a 61 65 
15 a5 4a 41 a1 4a 42 4h 14 1h 
7h 7h a1 4a 41 45 a1 71 4a 34 
37 32 47 a4 3a 35 3h 73 72 32 
73 75 87 82 72 a7 37 13 4a 31 
64 63 43 84 8h 6h 6h 64 67 87 
82 a2 4a 46 a6 14 4a 14 15 45 
a5 64 1a 46 71 74 14 71 78 18 
47 48 78 61 64 14 57 5h 41 46 
16 54 51 41 56 a6 16 64 7a 46 
57 61 64 75 65 57 47 a4 17 1a 
61 56 15 a1 71 7a 76 17 16 51 
76 57 17 51 53 13 71 73 67 13 
61 63 13 61 73 67 17 a1 31 4a 
14 43 74 76 57 46 54 74 67 54 
65 64 36 75 37 67 86 13 71 13 
51 54 85 14 81 51 85 61 36 67 
36 76 73 67 73 17 58 15 36 51 
35 34 54 65 54 15 75 47 18 51 
76 37 58 35 18 31 75 37 17 41 
61 64 16 64 56 57 45 51 35 67 
26 53 25 65 16 64 26 28 68 56 
58 75 68 76 56 75 73 67 53 25 
63 26 56 85 73 47 6h 58 35 62 
46 76 37 14 61 14 81 57 85 15 
71 73 57 13 81 75 87 17 51 57 
85 17 81 51 75 28 18 12 71 51 
75 78 47 58 15 18 31 74 27 46 
58 25 75 37 17 41 61 64 16 64 
76 73 47 71 27 63 26 76 47 17 
14 71 14 51 56 45 57 35 16 31 
51 45 75 74 57 74 17 13 21 73 
27 24 2h 82 4h 45 8h 87 ah 78 
5a 87 5h 65 2h 56 85 75 78 57 
78 67 28 8h 76 87 75 87 57 58 
65 4h 43 8h 56 75 34 86 76 87 
56 85 75 87 81 58 57 65 87 68 
58 75 65 67 57 56 85 87 68 57 
65 61 51 75 81 78 71 81 78 51 
75 85 38 62 36 72 57 48 52 85 
46 84 68 54 35 72 37 86 38 78 
67 65 86 75 17 68 46 1h 65 86 
54 12 83 58 63 56 86 18 53 65 
28 63 86 53 15 68 16 82 85 18 
68 56 58 35 68 36 56 85 25 28 
58 52 65 63 86 53 85 65 86 52 
56 85 81 68 28 3h 82 86 18 58 
65 68 36 58 35 65 86 26 28 68 
62 56 53 85 52 85 63 86 56 85 
81 68 65 16 85 38 61 26 8h 58 
68 56 82 86 18 58 65 68 36 58 
35 65 86 26 28 68 62 56 53 85 
52 85 63 86 56 85 81 68 65 16 
85 38 61 26 2h 65 16 83 58 52 
82 58 56 35 86 38 58 65 ah 56 
25 7a 87 52 65 78 67 61 36 57 
85 86 18 ah 56 75 78 67 58 65 
75 87 63 86 81 48 61 36 8a 18 
4h 78 57 56 85 76 17 58 45 4h 
56 85 87 68 57 65 85 68 63 56 
58 75 68 76 56 85 84 54 65 67 
36 86 78 58 25 2h 71 87 81 28 
72 17 87 68 63 16 7h 76 37 87 
68 61 76 81 28 81 28 73 27 63 
16 17 67 16 62 36 82 78 82 78 
71 37 81 28 81 28 18 73 17 7h 
87 63 16 21 62 46 43 63 16 21 
86 38 61 62 16 62 16 72 37 87 
38 61 36 46 84 78 76 27 64 84 
18 28 78 67 63 86 73 87 67 36 
81 38 8h 78 71 47 12 82 48 78 
17 1h 81 84 4h 28 27 87 28 4h 
64 76 82 78 68 26 72 47 6h 26 
74 87 86 48 76 47 87 68 6h 62 
76 73 27 63 72 ah 36 37 67 26 
5a 75 62 57 3h 26 ah 75 62 57 
1a 23 ah 76 32 67 8a 25 ah 71 
52 17 7a 23 74 32 4h 26 2h ah 
6a ah 4a ah 
