1
41 8a 82 8h 86 83 73 87 28 23 
27 83 28 65 67 16 a2 1a 14 81 
a8 57 68 48 1a 17 a7 84 86 8a 
58 18 17 51 53 a5 65 6a 67 6h 
6h 6h 45 16 17 67 54 a6 56 46 
1a 51 41 42 52 56 a6 5a 15 12 
52 81 a5 6a 18 71 a6 3a 17 31 
53 a1 6a 65 62 a5 26 3a 35 a5 
62 3a 15 26 36 32 62 a2 51 5a 
52 a2 12 1a 51 56 75 16 71 73 
51 75 35 37 31 1h 57 3h 75 3h 
57 2h 75 1h 15 71 2h 17 41 47 
43 47 54 75 47 64 5h 24 4h 75 
46 54 7h 45 74 2h 47 64 2h 46 
54 57 47 24 5h 75 42 74 54 65 
62 52 75 6h 57 45 47 24 57 25 
26 56 75 46 74 54 85 83 78 53 
75 73 85 38 8h 78 37 83 48 45 
74 85 78 48 34 83 87 28 37 43 
24 84 78 37 83 28 21 81 78 37 
83 48 41 74 81 78 48 34 83 87 
28 47 24 26 82 58 a6 85 78 24 
37 83 28 48 5a 23 52 a2 84 5a 
53 25 a3 48 23 72 53 75 25 62 
7a 84 6h 48 a7 84 2a 72 48 27 
52 57 65 27 32 56 35 25 72 84 
27 a2 48 5a 53 65 a3 84 8a 78 
56 15 1h 87 18 14 84 a8 18 71 
2a 72 12 41 48 18 21 27 62 17 
61 65 15 71 25 72 12 61 68 76 
18 71 61 26 21 72 61 76 74 6h 
76 7h 57 8h 75 37 3h ah 7a 57 
5h ah 7a 57 58 35 78 37 31 71 
37 51 35 75 37 36 34 53 57 15 
37 13 53 75 15 17 57 51 35 37 
13 57 15 16 56 75 36 73 76 36 
73 56 75 12 81 72 87 84 74 87 
14 81 35 83 71 57 52 15 72 47 
38 43 45 41 51 31 83 54 15 14 
54 15 74 67 38 63 62 32 83 72 
67 51 65 75 17 13 61 5h 51 35 
75 17 16 41 38 63 7h 57 14 81 
75 67 37 53 51 45 3h 73 76 17 
36 43 53 45 18 31 35 83 15 61 
73 47 3h 74 57 16 51 71 67 54 
15 14 61 54 25 38 23 53 25 1h 
31 35 43 5h 52 45 35 83 ah 38 
53 54 25 1a 81 34 23 27 37 43 
57 45 35 73 18 41 2h 37 53 26 
14 81 62 54 75 34 73 53 75 72 
37 35 43 75 47 37 53 18 41 8h 
35 73 14 21 26 74 57 34 53 73 
67 51 35 31 43 51 45 76 47 62 
57 15 37 23 6h 76 51 75 32 43 
73 47 48 53 15 63 16 56 35 78 
17 12 81 72 87 17 21 3h 12 61 
62 76 78 37 68 26 16 21 38 63 
78 27 36 23 73 67 61 86 1h 68 
36 32 16 4h 63 81 84 14 81 36 
43 41 84 1h 14 61 62 46 12 64 
ah 21 26 16 41 48 24 5a 85 15 
61 64 56 14 65 ah 41 46 42 16 
7a 64 51 27 67 47 15 ah 56 58 
68 3a 74 71 85 86 17 47 56 ah 
63 68 38 7a 81 7h 84 72 48 18 
25 ah 86 83 52 38 68 8a 27 8h 
72 ah 24 4a 2h ah 8a ah 
