1
5h 26 81 72 82 8h 15 75 6a 63 
6h 64 64 86 78 74 a3 8a 85 a5 
1a 13 73 87 68 65 85 a8 67 56 
57 67 56 8a 58 68 76 78 68 76 
75 65 16 71 57 51 71 87 81 71 
87 85 18 17 15 75 85 28 71 57 
51 71 57 82 58 78 17 18 78 17 
15 75 87 85 75 87 81 58 57 51 
71 81 58 78 17 18 78 a7 5a 57 
a7 8a 81 a1 8a 87 38 a7 2a 83 
18 a2 8a 48 17 a7 4a 47 a7 3a 
87 28 a3 1a 82 a8 6a 16 86 18 
15 85 68 65 26 85 28 68 56 71 
65 26 24 17 14 1h 18 51 74 15 
21 24 82 a2 12 51 2a 15 21 28 
18 51 a8 15 31 5a 13 51 a1 4a 
47 a7 1a 15 31 a5 13 51 7a 15 
41 71 74 14 17 31 a4 13 41 8a 
14 81 82 12 51 a2 15 21 6a 26 
16 a1 28 4a 47 82 a7 8a 81 58 
a1 21 85 28 18 2a 52 81 25 62 
61 56 21 52 62 76 74 64 26 25 
32 65 36 26 32 a3 2a 32 a3 6a 
62 46 47 67 26 a6 2a 62 63 46 
23 42 62 76 72 62 76 74 64 26 
24 64 26 27 52 67 56 26 42 47 
27 62 65 36 25 32 62 36 a3 6a 
26 23 42 63 76 72 74 24 64 56 
27 52 62 46 47 67 26 25 32 65 
36 26 32 a3 2a 62 63 46 23 42 
62 76 72 62 76 74 64 26 24 64 
26 27 52 67 56 26 42 47 27 62 
65 36 25 32 62 36 a3 2a 26 42 
a6 24 62 63 23 52 6a 56 26 72 
74 24 62 65 36 25 32 62 36 a3 
2a 26 42 47 27 32 a6 23 62 63 
23 42 6a 46 26 72 76 26 72 74 
24 72 75 25 42 45 25 62 65 25 
62 64 56 52 62 a6 54 2a 24 25 
32 36 45 a5 26 52 54 24 52 6a 
25 32 62 63 26 a6 2a 62 63 56 
23 52 62 46 42 62 46 45 65 26 
25 65 26 24 52 56 26 a2 54 6a 
64 65 36 32 45 a5 62 56 54 64 
56 6a 56 a6 5a 57 a7 2a 23 a3 
6a 67 56 a7 65 36 32 62 56 3a 
65 36 31 61 56 34 65 26 a1 62 
56 2a 21 65 36 3h 12 a2 6a 26 
21 61 36 35 36 43 26 42 47 27 
52 37 13 25 12 32 63 16 31 23 
21 42 31 43 23 42 46 25 32 16 
23 a2 42 3a 35 13 a5 31 53 61 
35 63 13 16 36 31 53 61 35 23 
6a 32 63 a3 13 6a 31 62 16 a2 
61 36 32 53 16 12 62 61 56 21 
65 26 35 23 63 26 3a 36 53 a6 
35 63 13 16 36 31 53 61 35 23 
6a 32 63 62 56 32 53 63 26 a6 
16 4a 4h 4h 7h 6h 48 64 62 36 
35 23 43 74 76 75 65 45 34 67 
56 57 67 26 36 53 46 54 34 63 
16 31 43 45 64 35 63 43 24 64 
36 34 53 64 56 36 43 14 31 63 
65 46 35 43 63 26 28 52 68 56 
26 32 34 53 24 52 32 63 62 56 
32 53 63 46 14 61 36 35 43 65 
46 36 43 48 54 38 53 43 64 68 
56 48 54 64 36 34 53 5h 5h 7h 
8h 2h 7h 8h 2h 8h 8h 64 56 5h 
1h 7h 1h 7h 7h 1h 2h 2h 8h 4h 
1h 7h 8h 8h 4h 4h 6h 1h 7h 1h 
7h 8h 4h 1h 7h 1h 7h 7h 1h 1h 
3h ah 
