1
3h 2h 6h 13 1h 16 14 3a 36 a6 
36 4a 46 54 5h 2h 54 52 a6 1a 
12 14 71 34 3h 1h 51 5h 75 7h 
72 37 52 45 31 43 53 45 41 51 
35 31 43 48 51 75 45 78 74 57 
58 78 45 47 4h 4h 1h 5h 14 15 
45 13 14 18 48 61 62 64 12 61 
41 38 54 58 65 48 64 54 15 14 
81 54 85 83 53 85 13 81 51 25 
24 54 15 18 31 58 35 38 58 25 
18 21 51 25 26 56 15 16 81 56 
85 8h 4h 15 61 41 46 16 14 51 
64 15 61 41 46 16 14 81 38 53 
64 35 63 43 46 36 34 53 64 35 
23 21 2h 5h 7h 1h 2h 5h 67 65 
75 67 63 73 57 53 65 73 67 6h 
6h 6h 86 18 41 4h 13 81 68 36 
34 64 86 18 a1 21 82 68 46 43 
63 86 28 42 6a 86 87 67 86 24 
72 76 26 82 81 21 62 71 67 27 
32 34 24 72 76 87 26 82 72 67 
61 71 87 72 87 8h 8h 1h 7h 6h 
1h ah 4h 4h 8h 4h 4h 1h 3h 1h 
3h 1h 4h 1h 5h 2h 3h 1h 2h 3h 
2h 
