2
21 3a 84 3b 32 37 3h 35 34 84 
53 58 38 a3 5a 57 b5 8b 83 b3 
8b 87 8h 6h 14 83 a8 1a 13 1h 
18 12 52 5h 8h 15 85 48 14 b1 
8b a8 48 2a b4 1b 21 a1 4a 84 
a8 2a 2h 27 28 24 7h 27 27 82 
7h 28 a2 4a 84 a8 1a 12 81 a2 
18 71 1a 41 84 18 71 a1 4a 84 
a8 7a 75 a5 4a 84 a8 1a 15 81 
a5 18 21 4a 12 41 81 84 14 18 
21 a8 12 51 1a 51 a1 4a 84 a8 
5a 57 a7 4a 84 a8 1a 17 81 a7 
18 71 5a 17 81 5h 48 14 21 53 
4h 12 41 81 84 14 18 41 18 41 
81 84 14 36 3h 18 a1 35 8a 53 
8h 48 35 84 68 3h 86 58 53 45 
83 48 58 45 a5 85 4a 58 4h 85 
bh 58 6b 63 85 b3 58 6b 62 63 
13 41 85 2h 64 26 58 62 56 86 
85 48 65 84 28 24 84 78 56 87 
a8 4a 42 65 a2 56 5a 58 45 a8 
68 5a 45 86 a5 68 4a 48 41 4h 
4h 24 25 45 74 4h 54 52 42 54 
58 25 48 24 54 75 5h 45 42 74 
52 75 45 24 28 48 54 57 15 73 
43 74 51 75 17 8h 82 2h 71 3h 
34 4h 17 8h 28 72 21 72 12 3h 
43 74 72 bh 4b 84 4h 84 4h 84 
86 46 84 82 42 34 4h 34 4h 24 
6h 64 62 46 62 36 73 27 74 27 
47 42 34 4h 74 63 26 47 24 76 
74 27 82 38 6h 83 28 21 81 38 
4h 83 18 64 16 76 47 48 64 78 
37 46 34 4h 34 4h 34 6h 45 84 
53 61 86 46 14 84 68 64 36 84 
38 53 45 63 54 bh 46 45 65 46 
41 34 61 56 51 35 48 53 7b 34 
61 43 3h 85 17 16 14 76 17 58 
47 1h 65 84 71 72 12 48 56 bh 
67 81 24 25 76 18 45 6b 87 51 
61 52 78 1h 24 8h 42 12 83 bh 
26 25 37 65 73 5b 34 52 43 2h 
31 3h ah 1a bh 2b ah bh 
