2
8a 8b 86 81 84 a4 7a 75 78 72 
7h 71 87 18 71 57 58 78 27 56 
75 87 81 71 57 a1 75 47 7a 47 
a7 52 4a 43 46 4h 25 b4 52 8b 
25 83 58 b3 82 58 8b 28 15 82 
18 58 51 54 b4 81 8b 28 84 a8 
42 5a 25 54 75 78 67 58 65 75 
67 42 76 b7 17 5b 24 71 56 35 
42 17 b6 24 71 53 65 42 56 15 
5b 45 25 b1 7b 57 72 47 57 25 
57 b5 15 1b 13 b3 53 5b 75 52 
75 74 67 54 25 54 65 75 67 42 
76 b7 37 5b 24 56 35 75 73 57 
42 b6 75 17 7b 17 b7 53 5b 25 
54 75 71 67 51 45 76 37 54 35 
31 51 65 71 47 56 35 74 37 57 
65 42 56 b5 15 1b 17 b7 57 5b 
25 54 15 13 53 15 1h 16 4h 7h 
a6 5a b5 7b 57 a5 3a 35 a5 7a 
75 a5 7a 73 67 a3 76 57 53 73 
67 7a 37 b3 7b 57 a6 75 37 7a 
37 b7 5b 35 b3 7b 73 57 a3 75 
67 5a 76 57 a7 3a b3 7b 75 37 
a3 4a b5 3b 73 47 a7 3a 35 a5 
4a 46 4h a6 4a 74 76 57 46 54 
74 57 35 73 47 45 64 53 b3 46 
54 7b 67 45 64 74 37 35 75 47 
46 54 76 17 45 14 74 57 b5 81 
7b 57 b5 18 1b 14 21 a4 2a 28 
28 b2 1b 21 a1 2a 27 27 62 7h 
75 6h 57 bh 75 2b 52 5h 53 73 
67 23 62 72 67 2h 27 62 64 24 
72 74 67 24 62 72 67 65 63 3h 
bh 3b 35 5h 3h 53 4h 35 46 3h 
64 3h 46 4h 38 42 3h 24 73 67 
64 61 74 57 2h 75 37 27 32 3h 
63 76 72 57 62 56 58 68 36 78 
37 34 74 37 64 16 7h 17 67 86 
5h 25 bh 68 76 71 87 61 86 76 
17 52 15 6b 68 26 75 27 4h 67 
56 51 85 1h 58 75 72 87 52 85 
75 87 86 76 57 56 85 76 87 57 
65 4h 56 75 71 67 51 65 75 67 
61 71 57 51 25 7h 17 52 15 16 
56 15 76 17 57 65 bh 56 75 71 
67 51 65 61 51 25 7b 17 52 15 
75 17 61 56 57 85 71 61 46 6h 
16 17 67 16 15 18 21 58 68 26 
6h 46 6h 46 7h 64 86 76 78 47 
3h 63 74 87 37 83 76 73 87 58 
45 3h 54 85 37 63 67 46 37 43 
63 46 1h 31 58 45 65 86 42 35 
73 15 71 76 16 51 36 53 13 51 
52 35 31 63 51 65 35 13 78 17 
37 53 12 61 51 85 68 26 5h 15 
18 21 61 86 56 75 36 83 71 67 
51 65 24 38 43 68 75 34 86 2h 
57 13 12 32 83 56 45 8h 28 76 
17 54 82 71 65 bh 68 17 58 25 
27 42 63 76 56 85 12 83 5b 61 
28 35 16 31 51 82 6h 15 28 78 
68 51 24 87 7h 16 85 42 82 52 
61 1h 27 28 13 82 72 bh 25 26 
31 56 24 1b 48 6h 68 8h 84 3h 
47 4h bh 7b bh ah 
