2
15 87 63 63 21 5a 53 1b 15 13 
14 16 46 b5 15 15 31 64 13 71 
74 14 31 72 13 51 3b 15 31 32 
12 31 a2 13 51 1a 51 57 17 31 
a7 13 61 1a 61 a1 6a 67 65 36 
37 67 86 83 68 36 43 64 26 b2 
6b 36 43 64 a6 3a 43 a4 1a 16 
81 a6 18 31 43 14 31 5a 13 51 
a1 3a 43 a4 5a 58 54 52 53 45 
34 53 a5 3a 43 a4 1a 15 81 a5 
18 31 43 14 81 8a 84 a4 14 81 
82 38 3a 2h a3 83 78 1a 71 81 
b8 28 1b 82 17 21 b7 18 41 1b 
81 12 41 43 13 21 b3 12 61 8b 
38 16 31 34 14 51 84 58 18 b1 
21 8b 85 28 18 12 31 b5 82 13 
61 1b 61 b1 28 6b 86 62 a6 8a 
b8 1b 18 31 b8 13 71 1b 71 76 
16 31 b6 13 61 3b 16 31 b1 7b 
75 b5 1b 13 61 b3 16 31 6b 13 
61 65 15 31 b5 13 71 6b 76 16 
71 7h ah 87 1a 31 78 13 b1 87 
3b 78 a1 87 7a b3 7b 37 a8 73 
47 7a 47 43 73 17 a3 71 87 7a 
87 a7 3a b8 78 7b 17 a3 71 57 
4a 75 47 a7 4a 48 a8 7a 78 37 
3h a8 38 7a 57 51 71 37 87 83 
73 78 37 78 37 87 83 73 78 b7 
38 47 46 1b 15 83 b5 38 1b 16 
81 b6 13 81 1b 41 43 4h a3 1a 
31 b8 13 71 3b 17 31 38 18 31 
b8 13 71 3b 17 31 b1 5b 56 b6 
1b 13 71 b3 17 81 1b 81 83 13 
71 b3 17 81 1b 81 b1 8b 87 b7 
1b 17 31 b7 13 71 3b 17 31 37 
17 31 b7 13 71 3b 17 31 b1 6b 
65 b5 1b 13 71 b3 17 31 7b 13 
71 73 13 71 b3 17 81 1b 81 84 
38 14 31 37 17 31 87 38 18 31 
3h 3h b4 3b 34 14 81 31 73 84 
68 71 31 73 86 18 13 b3 74 8b 
38 31 81 48 38 13 18 38 13 17 
41 71 31 83 81 31 83 87 18 37 
43 b1 34 13 81 78 8b 18 31 73 
74 34 13 81 78 b4 87 18 31 73 
8b 18 14 84 18 37 13 83 78 18 
31 38 43 41 31 83 43 48 38 34 
13 18 38 73 14 81 84 14 81 37 
83 13 41 b4 1b 31 38 43 41 31 
83 43 48 38 34 13 18 38 73 14 
81 84 14 81 37 83 13 41 b4 3b 
38 73 b8 37 83 7b 38 73 b3 7b 
47 14 51 56 16 41 74 a7 1a 41 
48 18 61 65 15 81 84 14 21 27 
17 41 48 18 51 56 16 81 84 14 
21 26 16 41 a4 1a 41 a4 7a 76 
a6 7a 47 14 21 25 15 81 2h 18 
31 7h 87 13 81 71 87 83 18 17 
31 87 38 18 71 2h 25 6h 17 81 
83 78 13 71 81 38 78 17 18 41 
47 17 81 41 48 18 14 71 78 18 
31 74 87 84 74 87 13 81 71 87 
83 18 17 31 87 38 18 71 4h 17 
41 6h 14 71 41 47 17 14 71 14 
71 41 47 65 1h 14 71 47 56 6h 
74 1h 41 6h 17 41 48 18 71 18 
71 74 87 84 74 87 17 81 83 78 
71 37 81 48 81 48 18 14 84 81 
48 81 48 73 47 87 18 87 18 43 
13 14 31 14 31 84 38 18 41 5h 
48 18 71 18 71 74 87 84 74 87 
17 81 83 78 71 37 81 48 81 48 
18 14 84 81 48 81 48 73 47 87 
18 87 18 43 13 14 31 14 31 84 
78 84 78 71 37 81 48 81 48 18 
14 84 81 48 81 48 73 47 87 18 
87 18 43 13 14 31 81 78 81 78 
73 17 78 17 73 47 17 41 3h 14 
81 87 38 17 31 14 31 84 78 74 
84 78 71 47 81 48 78 17 41 74 
87 81 48 71 47 87 18 17 87 18 
14 84 78 74 84 78 71 47 81 48 
78 17 41 74 87 81 48 71 47 43 
73 17 83 18 78 17 31 73 87 81 
38 71 37 87 18 17 87 18 13 83 
78 73 83 78 71 37 81 38 78 17 
31 73 87 81 38 71 37 87 18 17 
87 18 13 83 78 73 83 78 71 47 
5h 65 8h 18 17 31 87 38 18 71 
31 37 17 13 81 87 38 17 31 34 
53 14 61 56 36 73 15 71 78 18 
71 38 73 13 81 34 65 37 83 13 
71 41 81 84 38 31 43 81 48 56 
87 18 37 13 17 37 13 87 48 65 
18 71 38 73 78 38 73 18 71 31 
83 74 17 56 14 51 74 87 37 83 
15 71 65 17 81 31 73 71 87 47 
48 78 74 17 37 43 83 13 18 71 
56 38 78 37 18 41 65 31 43 6h 
34 13 73 87 14 61 1h 41 8h 14 
31 34 83 31 83 34 83 4h 38 43 
3h 13 18 41 38 43 13 81 6h 18 
31 34 83 14 81 84 14 61 34 63 
13 41 62 56 5h 14 31 32 43 12 
41 48 18 41 38 43 13 81 8h 83 
ah 38 7a 47 3h 37 83 87 48 48 
74 78 48 54 38 53 43 84 5h 48 
34 32 83 42 84 87 47 54 4h 74 
78 48 24 7h 87 42 84 37 83 43 
74 73 27 2h 43 54 ah 45 34 6a 
36 46 34 38 63 64 56 4h 65 86 
46 54 ah 45 24 1a 51 21 41 64 
68 16 48 14 64 86 15 81 ah 61 
46 45 14 65 26 41 24 7a 17 18 
51 78 57 17 81 64 76 74 87 72 
57 12 41 61 46 74 17 16 21 64 
74 27 65 17 ah 46 51 41 45 15 
14 51 14 64 3a 71 46 43 63 46 
17 31 36 73 16 51 14 37 45 4h 
71 63 64 34 53 65 17 ah 46 71 
78 57 82 12 75 64 4a 51 27 26 
76 35 41 1h 67 53 62 72 35 ah 
54 26 27 78 68 45 1a 83 87 56 
37 65 7h 54 72 2h 45 bh 51 1b 
5h bh 8b ah 2a bh ah 
