0
5h 34 24 2h 58 5h 5h 53 73 76 
27 2h 28 51 25 26 72 73 74 78 
54 15 75 17 23 41 52 57 27 45 
42 52 12 45 48 58 21 25 28 32 
58 35 25 32 36 26 52 56 45 47 
26 32 37 3h 3h 27 32 42 18 38 
13 13 18 14 54 15 1h 3h 35 41 
43 13 41 4h 42 34 31 63 41 64 
34 63 67 37 43 47 64 37 63 62 
32 13 42 14 34 63 13 41 43 64 
13 61 62 71 7h 63 16 17 67 81 
86 85 8h 2h 16 51 58 53 83 8h 
8h 25 2h 13 61 63 76 13 71 61 
76 75 7h 8h 8h 2h 2h 65 26 24 
64 52 56 26 32 3h 57 65 67 36 
57 35 65 16 17 31 67 36 16 31 
38 3h 3h 73 7h 18 61 68 76 18 
51 58 18 75 71 65 76 16 71 74 
7h 14 51 56 45 16 41 47 4h 51 
75 74 87 8h 54 15 14 61 54 65 
15 61 64 86 14 51 54 85 65 86 
14 81 61 56 51 85 61 86 8h 8h 
8h 56 85 85 8h 2h 3h 7h 4h 1h 
4h 1h 4h 1h 4h 1h 4h 6h 4h 6h 
4h 5h 4h 5h 4h 
