0
4h 1h 5h 7h 5h 25 2h 27 67 67 
25 15 17 64 36 35 35 3h 6h 31 
67 67 87 36 3h 43 45 35 83 83 
8h 7h 83 48 23 24 23 52 56 26 
42 41 21 52 51 21 42 43 41 61 
84 83 18 43 54 81 68 45 18 16 
86 14 84 64 58 18 15 46 85 81 
48 68 45 14 86 85 68 41 74 73 
7h 5h 43 14 86 18 48 54 58 48 
54 51 41 64 68 48 64 61 56 41 
54 5h 52 58 15 64 16 56 15 14 
54 65 64 16 54 85 61 86 84 64 
16 54 85 61 86 56 85 81 68 65 
16 85 28 61 76 82 78 68 76 72 
62 16 74 7h 7h 3h 61 86 82 18 
62 16 86 18 1h 1h 1h 4h 3h 4h 
3h 3h 5h 3h 5h 4h 2h 4h 2h 2h 
5h 4h 3h 3h 6h 4h 2h 2h 4h 3h 
6h 7h 3h 8h 4h 2h 4h 3h 4h 
