1
4h 3a 48 76 76 57 a5 3a 35 37 
52 a2 42 34 34 5a 57 51 a7 57 
5h 56 45 4a 41 48 43 4h a1 8a 
84 51 85 a4 8a 8h 58 35 38 48 
54 23 27 25 75 35 72 83 48 34 
53 52 57 32 a5 73 7a 75 a5 35 
43 8a 38 23 84 25 35 83 43 48 
34 a3 48 24 8a 42 84 34 38 43 
a4 38 43 6a 34 63 a3 8a 48 a4 
6a 65 6h 64 a5 48 3a 35 43 a5 
83 84 34 38 23 48 32 43 7a 34 
73 a3 84 7a 71 72 76 87 47 48 
78 74 17 61 76 a7 84 1a 61 a6 
48 3a 84 37 43 a7 34 83 43 48 
38 34 83 34 23 8a 32 83 a3 43 
8a 81 86 84 28 a6 82 68 3a 86 
38 36 23 86 28 46 38 23 64 a6 
4a 64 a6 8a 83 28 a3 2a 2h 5h 
52 2h 4h 64 2h 46 2h 25 62 2h 
62 4h 24 32 5h 46 23 62 2h 12 
4h 14 24 12 5h 21 62 64 24 12 
4h 21 62 61 21 62 67 63 16 12 
62 16 42 61 46 41 34 61 36 46 
14 24 21 41 42 14 42 14 24 21 
41 56 6h 14 12 42 41 64 63 16 
43 14 64 26 3h 62 46 41 34 61 
36 46 14 37 13 43 14 23 41 64 
67 16 47 14 32 64 16 18 57 68 
16 17 23 2h 24 7h 75 3h 34 32 
13 16 42 36 13 16 12 41 46 16 
21 26 48 64 14 21 28 52 2h 42 
41 54 21 52 42 14 16 46 24 18 
51 42 54 14 21 24 62 14 61 21 
42 53 65 74 27 12 15 41 25 42 
12 51 58 18 21 56 35 24 62 14 
61 21 42 53 65 74 27 12 15 41 
25 42 12 51 2h 15 41 21 52 43 
54 56 35 46 14 26 32 15 61 45 
64 14 71 4h 17 51 46 54 14 61 
52 45 42 64 14 21 51 75 1h 57 
65 1h 41 45 64 5h 54 25 23 72 
8h 27 32 7h 52 75 8h 57 85 5h 
45 7h 54 25 23 42 53 75 53 75 
35 46 74 26 72 42 34 1h 51 14 
21 51 45 51 65 27 32 42 14 42 
14 17 61 47 24 47 24 23 82 43 
74 43 74 28 72 42 34 51 43 2h 
15 34 27 32 42 34 51 25 24 12 
54 75 21 72 52 45 42 52 15 43 
24 16 31 56 25 45 24 12 61 43 
64 5h 14 53 4h 81 85 15 21 46 
34 32 37 63 17 81 42 54 51 25 
41 24 57 85 42 14 36 13 43 24 
15 31 56 36 73 16 71 34 73 27 
62 17 61 47 65 15 61 25 72 16 
71 21 62 28 72 42 14 42 54 13 
81 4h 24 43 24 16 51 42 54 32 
1h 61 2h 45 34 16 21 68 58 56 
85 56 42 13 85 2h 34 61 42 64 
15 21 54 56 45 68 58 37 17 46 
85 5h 63 71 74 85 56 27 38 14 
4h 65 82 26 58 4h 73 3h 81 1h 
62 28 6h 85 5h 7h 8h ah 
