2
6a 61 4b 48 a4 35 1a b8 6b 68 
64 62 16 12 18 41 a6 14 1a 15 
b5 1b 1h 3h 31 32 12 71 37 32 
32 63 23 26 36 32 43 b4 62 1b 
71 26 17 21 61 62 12 16 71 26 
17 a1 62 31 63 6a 16 41 64 76 
23 67 26 36 32 13 41 34 b3 62 
6b 16 41 64 a6 2a 26 a6 3a 23 
b3 63 6b 62 76 b2 32 6b 16 41 
64 26 b7 63 16 1b a1 32 6a 76 
23 67 26 36 32 62 63 46 a4 23 
6a 76 32 67 36 26 23 63 62 76 
32 67 b6 46 7b 23 a4 32 3a b7 
3b 63 46 34 a3 23 1a 21 31 32 
63 46 34 a3 12 1a 61 46 14 b1 
7b a1 21 1a b7 2b a1 6a 46 a4 
2a 23 a3 7a b3 13 1b a7 1a 61 
46 14 21 28 18 61 46 14 a1 7a 
b1 31 1b a7 3a b1 3b 38 b8 7b 
a8 18 1a b7 1b 61 46 14 a1 81 
3a 83 13 18 71 38 17 61 46 14 
71 83 17 b1 38 31 83 1b 38 63 
46 34 73 b1 81 6b 46 37 43 b3 
18 4b 48 46 42 a2 63 7a 73 a3 
4a 84 81 41 b4 1b 18 b8 6b 64 
76 37 b4 73 7b 72 73 17 12 31 
72 37 17 31 34 14 71 74 57 1h 
31 75 47 13 41 71 37 47 43 73 
74 17 13 41 73 47 17 31 8h 68 
56 bh 13 71 74 37 14 31 34 14 
51 61 56 7b 37 65 46 73 47 67 
36 43 64 76 73 47 63 46 76 37 
36 76 37 34 63 74 67 37 63 46 
34 73 76 57 36 53 73 67 64 74 
67 5h 76 47 46 76 47 8h 82 6h 
74 67 74 67 47 46 76 74 67 74 
67 47 28 2h 46 8h 82 2h 76 74 
67 74 67 47 46 76 74 67 74 67 
7h 47 46 76 27 82 78 67 64 74 
57 65 16 13 41 45 63 56 16 41 
54 15 61 64 56 14 51 61 46 41 
61 56 57 15 14 54 15 73 13 41 
53 45 15 41 34 13 51 54 25 14 
21 51 45 43 53 15 12 41 82 58 
25 14 21 51 35 34 54 15 12 41 
52 35 45 15 21 2h 43 4h 84 82 
42 84 8h 7h 57 53 73 27 24 74 
27 28 78 47 14 21 a2 5a b5 4b 
74 87 81 71 47 41 71 87 8h 82 
6h 86 6h 16 14 64 16 17 67 46 
47 67 26 28 68 76 74 64 76 71 
61 46 41 61 b6 5b 15 61 86 82 
62 16 51 85 8h bh 6b 26 82 8h 
3h 1h 14 3h 41 1h 3h 4h 14 17 
47 24 25 45 74 71 41 24 a3 7a 
27 27 2h 2h 26 32 3h 65 bh 56 
2b 12 65 21 32 38 28 52 bh 25 
32 37 27 52 1b 26 12 16 51 26 
52 12 61 1h 61 62 12 71 73 13 
21 26 16 21 25 62 15 61 21 32 
37 27 12 16 51 54 14 61 14 24 
4h 71 72 12 41 2h 23 42 45 25 
15 37 6h 52 51 56 73 16 31 26 
82 3h 63 28 62 32 73 13 21 26 
82 4h 34 28 62 12 81 65 86 16 
21 25 62 84 64 56 37 43 23 42 
16 31 32 53 47 24 27 14 35 72 
8h 41 63 58 14 71 21 42 41 74 
68 47 38 21 bh 16 14 13 82 64 
86 17 26 85 71 4b 52 43 17 68 
62 74 3h 21 76 46 36 81 25 64 
1h 53 46 13 bh 38 35 85 6b 52 
6h 54 67 45 25 71 ah 53 58 17 
85 35 5a 76 5h 67 bh 74 4b 7h 
ah 5a bh ah 
