1
4h 36 2a 2h 8h a2 5a 56 36 35 
34 37 a7 3a 32 12 53 75 37 a3 
4a 41 47 14 37 a3 34 53 6a 35 
63 68 38 53 a8 35 83 5a 38 53 
5h 5h a3 5a 15 1h 2h a2 6a 68 
58 15 61 1h 51 45 48 58 15 18 
58 15 18 61 56 45 4h 14 71 73 
13 a1 4a 41 43 84 a1 48 64 63 
43 84 8a 86 a6 46 84 85 45 84 
8a 81 a1 41 84 6a 48 64 65 45 
84 a5 48 54 6a 56 46 a4 54 5a 
51 a1 41 6a 61 86 a1 68 76 4a 
74 64 76 73 75 3h 37 a5 73 7a 
7h 78 47 46 84 76 87 47 a4 34 
7a 43 78 37 a8 73 17 4a 14 15 
45 84 75 87 47 84 1h 48 74 78 
57 48 54 74 57 51 71 47 41 84 
71 87 47 34 3h a3 43 84 5a 48 
74 78 37 48 34 74 87 5h 85 75 
47 43 84 73 87 47 84 8h 85 82 
58 4h 54 84 38 57 65 2h 83 48 
47 34 87 38 48 34 56 85 84 38 
54 35 85 48 1h 84 58 53 65 35 
36 56 86 48 53 45 85 38 46 24 
2h 83 58 56 35 86 18 53 25 1h 
52 65 25 26 56 23 5h 35 ah 53 
65 4a 34 56 35 45 64 6h 2h 2h 
32 53 52 65 32 63 62 32 63 52 
65 35 63 ah 36 53 56 15 36 13 
17 37 63 57 65 35 63 8a 58 53 
15 83 18 58 35 8h 81 38 58 25 
8h 52 15 83 18 58 35 36 13 8h 
83 68 58 35 31 23 5h 15 8h 32 
73 86 78 38 63 51 25 3h 13 ah 
52 85 87 28 57 25 85 28 31 53 
58 25 4a 84 34 13 85 48 45 24 
85 28 48 54 31 73 7h 45 84 86 
58 46 54 84 58 56 45 48 64 58 
65 62 52 85 42 84 54 15 82 48 
42 74 82 78 48 74 75 71 51 41 
84 81 28 41 24 84 18 57 25 ah 
81 48 45 14 85 18 48 54 3a 53 
43 84 52 15 85 38 45 14 47 14 
74 32 53 82 58 38 43 53 85 83 
28 53 25 85 38 41 24 1h 83 58 
42 85 71 7h 54 18 27 45 24 ah 
74 57 54 35 74 37 57 45 81 38 
31 23 81 28 38 13 5a 75 73 47 
53 45 75 37 48 14 5h 73 87 57 
35 41 34 54 75 31 83 73 17 82 
38 58 45 47 14 32 13 7h 31 23 
74 87 83 48 73 17 26 47 34 87 
38 36 48 2h 63 ah 74 62 5a 75 
45 84 26 71 36 48 ah 82 57 63 
64 34 13 84 24 75 31 48 8a 52 
47 43 18 58 28 73 46 85 3h 62 
58 32 ah 27 26 76 8a 64 8h 65 
81 56 46 13 ah 62 67 31 76 26 
6a 18 6h 81 ah 15 5a 1h ah 6a 
ah 
