1
7a 18 16 51 74 73 a7 37 47 43 
73 5a 37 58 48 47 45 43 17 57 
13 53 51 57 a5 25 6a 62 a2 4a 
46 a4 5a 56 a5 56 85 87 57 65 
5a 65 a5 4a 84 83 43 a4 83 83 
2a 28 24 84 a4 24 5a 56 35 42 
53 45 48 58 35 73 57 35 28 a6 
82 73 57 85 25 28 2a 21 a2 58 
3a 73 a7 85 4a 58 41 84 a1 45 
64 4a 64 a4 58 3a 73 a7 85 4a 
46 54 a6 45 64 3a 46 84 54 58 
35 48 53 65 73 a7 56 85 3a 58 
65 73 a7 56 85 4a 84 81 41 34 
51 35 45 84 8h 7h 57 82 38 58 
35 78 53 75 85 87 57 58 35 78 
53 75 73 53 85 53 85 87 28 57 
25 85 a8 18 4a 34 47 34 81 43 
54 52 65 42 14 48 64 54 35 75 
73 53 57 45 46 34 81 56 15 43 
74 51 75 45 34 45 34 37 47 34 
57 43 54 53 65 43 64 54 35 18 
53 65 68 58 45 48 34 58 35 45 
64 a6 75 1a 16 a6 57 5a 53 85 
a3 58 35 75 73 53 57 35 57 85 
5a 85 a5 73 6a 61 a1 37 5a 58 
75 a8 53 15 5a 35 57 15 a5 73 
6a 16 a1 37 5a 51 85 73 a1 58 
35 57 35 75 73 53 57 35 57 85 
6a 58 65 67 56 35 7h 53 75 a6 
57 35 75 73 53 57 35 57 85 5a 
85 a5 73 1a 16 a6 37 5a 58 75 
a8 53 65 5a 35 57 35 61 53 65 
15 16 56 51 35 61 53 85 73 a1 
58 35 57 35 75 73 53 57 35 57 
85 6a 58 65 a5 73 6a 36 67 36 
76 73 63 67 36 67 16 15 65 36 
76 73 63 67 36 67 36 76 73 63 
67 a6 37 4a 34 74 73 43 47 34 
47 a4 73 1a 16 a6 37 5a 56 73 
a6 37 5a 51 75 a1 57 35 75 73 
53 57 35 57 85 5a 85 a5 73 6a 
61 a1 37 5a 58 75 a8 57 35 75 
73 53 57 35 57 85 6a 58 65 a5 
73 6a 36 67 36 76 73 63 67 36 
67 16 15 65 36 76 73 63 67 36 
67 36 76 73 63 67 a6 37 1a 16 
73 a6 37 5a 56 73 a6 37 1a 14 
73 a4 37 5a 54 75 a4 57 35 75 
73 53 57 35 57 85 6a 58 65 a5 
73 6a 46 a4 37 5a 54 85 73 a4 
37 6a 58 65 a5 73 6a 36 67 36 
76 73 63 67 16 1h 37 3h 1h 16 
31 a6 13 81 1a 81 a1 5a 56 15 
18 31 58 35 15 31 a6 13 51 53 
85 13 81 51 35 5a 15 18 31 58 
35 15 31 a5 13 51 3a 15 31 a1 
3a 32 37 7h 8h a2 3a 36 46 3h 
36 3h 53 3h 53 51 85 31 83 86 
36 83 56 15 38 73 3h 43 7h 51 
85 83 18 53 15 85 18 12 51 58 
35 18 31 51 85 34 83 53 15 82 
38 32 43 82 48 51 45 38 13 18 
41 51 85 35 83 81 58 53 15 83 
18 58 35 72 7h 53 85 81 38 51 
35 85 18 38 53 58 45 6h 38 13 
15 81 35 83 13 81 85 38 31 53 
81 58 38 13 6h 31 83 85 18 35 
13 83 58 18 31 38 53 18 51 31 
63 6h 38 13 15 81 86 16 81 35 
83 13 51 81 38 31 73 7h 81 58 
54 15 84 18 58 15 14 81 85 48 
15 41 81 58 5h 51 45 2h 54 25 
5h 15 6h 51 65 5h 15 2h 32 13 
53 45 15 31 35 73 15 71 31 53 
6h 86 18 35 73 81 78 38 13 18 
51 38 53 13 81 8h 7h 2h 21 1h 
6h 63 1h 31 16 31 35 83 15 61 
15 61 51 56 16 38 53 13 61 1h 
31 35 63 16 51 31 83 6h 65 3h 
13 35 63 13 51 13 51 31 35 15 
13 51 13 51 64 54 14 31 14 31 
41 56 15 43 46 16 56 2h 31 45 
61 35 63 1h 15 61 51 56 36 13 
15 61 35 63 53 56 54 65 35 34 
63 43 53 46 56 35 56 35 15 61 
56 34 15 6h 53 41 61 64 54 15 
35 43 16 41 36 23 28 14 61 51 
56 25 85 16 82 48 61 52 32 13 
68 38 63 13 81 13 81 84 38 81 
38 18 13 81 13 41 16 21 86 38 
86 1h 38 61 18 61 81 83 18 83 
68 18 31 18 31 81 83 84 18 25 
34 84 28 27 87 58 87 48 81 48 
18 13 71 1h 81 13 41 16 71 86 
38 57 65 36 86 78 34 73 13 61 
54 65 15 61 41 51 54 15 54 35 
37 13 57 45 31 54 8h 13 45 48 
58 45 83 81 38 81 78 35 13 35 
13 14 71 34 53 34 53 43 17 31 
45 15 71 34 53 34 53 17 87 35 
5h 41 48 73 72 32 43 36 18 64 
8h 43 21 27 56 75 86 57 17 34 
7h 48 75 61 63 84 14 36 57 4h 
48 61 14 8h 43 75 52 36 7h 61 
28 14 82 4h 25 5h 6h 2h ah 4a 
ah 
