0
3h 21 23 12 72 82 86 82 78 74 
54 72 74 71 37 35 75 87 82 8h 
72 32 67 62 6h 6h 72 17 67 16 
81 78 76 47 86 48 45 85 18 75 
17 15 1h 2h 8h 48 42 35 43 45 
4h 2h 46 4h 3h 34 13 75 17 47 
24 83 28 27 87 28 47 24 26 46 
86 24 28 48 24 21 41 84 81 41 
38 34 84 38 32 53 52 5h 32 43 
48 24 38 23 25 35 23 2h 45 24 
32 54 53 43 45 74 7h 35 3h 63 
6h 73 7h 76 27 2h 62 61 6h 21 
32 31 53 21 52 57 5h 27 52 37 
53 58 38 28 53 52 32 53 5h 5h 
4h 7h 7h 1h 7h 1h 7h 5h 1h 8h 
8h 8h 1h 1h 5h 1h 2h 1h 2h 1h 
1h 3h 64 6h 67 65 6h 4h 8h 7h 
8h 8h 5h 
