1
2h 8a 48 42 68 41 31 68 64 36 
3h 5h 6h 37 37 53 a5 1a 15 17 
13 12 a5 2a 21 25 2h 8h 2h a1 
21 2h 23 52 5a 57 a7 4a 27 42 
a2 5a 54 53 a4 2a 23 62 a3 53 
1a 21 56 72 75 25 74 72 42 47 
27 24 a2 74 2a 12 47 a1 74 2a 
52 54 a5 24 12 5a 15 14 54 a5 
54 65 2a 62 16 1h 52 45 a4 5a 
45 a4 6a 61 76 a1 67 46 54 75 
4a 57 45 41 51 75 61 76 56 15 
a1 5a 15 a1 6a 67 46 a7 64 76 
4a 67 46 47 67 46 a7 64 76 5a 
75 74 65 16 a1 47 6a 76 64 76 
46 47 67 64 56 57 45 67 46 56 
45 4h 34 ah 43 4a 64 65 76 45 
74 75 64 86 83 63 56 8h 67 56 
8h 76 75 65 67 46 45 74 65 76 
46 a4 6a 67 16 a7 61 76 1a 67 
16 15 65 76 a5 67 16 4a 14 64 
76 16 a1 4a 46 74 a6 47 14 7a 
41 74 a4 7a 78 7h 27 1h 72 18 
71 76 21 7h 67 7h 67 7h 67 3h 
12 3h 76 37 38 78 67 3h 21 7h 
37 12 73 67 64 36 74 37 67 36 
32 31 32 73 76 57 36 53 73 67 
62 72 37 35 43 75 47 37 53 3h 
73 74 57 34 53 73 57 54 74 37 
34 53 74 57 37 53 4h 35 73 75 
47 35 43 73 57 47 45 75 74 37 
35 43 75 47 37 53 8h 35 73 74 
57 34 53 54 34 53 74 57 37 53 
4h 35 43 8h 34 73 75 47 35 43 
73 57 45 74 37 35 43 75 47 37 
53 57 37 53 54 34 73 74 34 73 
75 47 35 43 73 57 45 74 37 35 
43 75 47 37 53 57 37 53 54 34 
53 7h 74 35 73 43 47 45 8h 37 
35 73 35 73 74 57 54 74 57 37 
43 3h 73 75 47 34 13 8h 75 47 
31 53 86 74 57 37 63 68 76 38 
53 67 46 35 43 35 43 65 76 73 
57 63 56 36 54 34 35 43 63 65 
46 56 36 54 34 63 34 63 73 47 
28 46 45 65 75 37 64 26 34 53 
34 53 73 87 62 86 28 76 37 68 
62 56 73 47 65 46 76 37 35 43 
53 63 54 64 36 64 36 76 47 82 
43 6h 76 37 67 63 76 45 35 65 
86 73 57 73 57 54 74 87 81 71 
37 74 37 61 46 43 63 46 76 37 
76 37 67 63 73 76 37 76 37 58 
15 34 13 48 78 17 53 65 23 3h 
56 35 68 71 67 87 31 73 21 37 
83 52 75 53 85 54 15 74 17 68 
16 76 87 47 37 34 73 34 73 56 
85 75 67 35 63 73 47 7h 37 36 
53 76 57 58 45 78 47 37 63 58 
65 61 86 78 51 85 31 83 53 85 
75 17 65 36 21 63 26 48 34 76 
57 73 57 47 14 12 42 64 61 36 
41 74 43 84 67 36 35 73 67 26 
54 74 12 61 46 67 46 36 13 3h 
63 58 36 21 6h 75 83 63 26 57 
35 54 25 38 13 65 76 35 43 38 
13 12 32 53 32 13 67 26 84 6h 
76 64 56 78 47 78 47 87 84 31 
83 51 75 21 57 45 62 76 73 27 
34 12 65 16 43 48 14 64 26 74 
57 38 78 27 67 46 42 62 76 74 
87 64 86 75 87 63 56 63 46 57 
45 37 41 65 73 5h 34 36 46 74 
64 63 16 37 47 43 74 43 74 61 
26 65 26 4h 54 46 34 51 25 61 
37 47 14 38 13 35 13 45 63 53 
3h 34 76 31 53 78 68 16 45 36 
5h 84 83 65 37 83 61 76 46 54 
52 15 42 38 6h 84 23 21 31 48 
67 52 83 7h 24 38 42 7h 86 15 
13 24 32 52 68 4h 87 23 25 51 
31 78 1h 86 14 42 6h 25 51 8h 
13 32 1h 27 7h 2h ah 
