2
45 8a 8b 57 87 85 17 13 23 67 
6h 1h bh 6b 83 86 13 58 b6 85 
38 5b 83 58 65 b8 56 1b 65 18 
17 b1 56 41 41 54 58 64 5b 53 
46 5h 15 5h 15 2h 64 1h 41 b3 
16 41 5b 35 61 64 53 65 61 63 
76 78 45 68 16 15 65 36 14 31 
61 86 87 67 16 13 71 63 76 16 
71 87 18 61 68 46 18 41 43 48 
42 34 61 36 46 34 b6 43 64 3b 
46 34 b4 2b 82 b8 4b 43 64 b3 
46 34 6b 43 64 63 76 43 74 64 
36 b6 2b 82 b8 6b 63 76 b3 67 
36 7b 63 76 7h 3h b6 7b 7h 74 
7h 27 24 25 28 74 37 84 73 27 
24 32 3h 37 4h 48 3h 84 8h b5 
35 3b bh 2b 72 75 37 25 32 31 
72 47 48 78 27 21 32 71 37 38 
38 8h 83 3h 7h 37 3h 43 8h 78 
47 37 43 46 84 36 83 43 74 76 
37 34 83 74 87 37 43 47 37 83 
46 74 76 46 74 73 87 43 84 74 
37 3h 34 53 52 32 43 5h 51 bh 
15 2b 34 23 25 42 35 63 24 62 
32 43 5h 34 23 27 42 37 43 23 
72 76 26 32 34 53 24 52 32 43 
ah 34 23 25 42 51 31 53 7a 47 
27 52 32 73 74 57 bh 34 23 27 
42 37 43 23 72 48 54 2b 32 38 
73 45 84 24 82 37 43 42 54 6h 
32 73 74 27 34 23 73 47 28 62 
2h 82 6h 74 37 32 43 72 47 37 
23 45 24 28 52 48 74 38 63 38 
63 83 72 67 87 37 38 73 38 73 
76 27 36 83 36 83 47 84 34 73 
72 67 1h 74 87 1h 32 43 36 43 
47 24 37 23 43 74 25 32 35 73 
78 57 38 53 48 64 48 64 73 67 
47 34 35 83 37 83 24 52 86 36 
73 36 73 78 47 38 63 38 63 83 
42 64 84 34 38 43 38 43 46 24 
36 83 36 83 74 87 14 25 82 41 
72 47 32 53 74 17 7h 67 7h 47 
43 24 73 27 47 34 28 72 67 26 
82 13 41 74 72 37 42 34 74 67 
4h 35 63 23 68 28 78 37 32 83 
72 87 27 45 84 15 24 28 72 51 
27 42 32 73 74 27 32 53 48 78 
27 24 82 78 57 24 82 37 43 38 
43 23 12 2h 32 34 83 28 42 32 
73 46 24 26 82 26 82 42 84 37 
23 24 72 17 21 62 36 43 63 64 
24 32 36 43 3h 73 24 62 75 67 
35 13 78 57 28 42 28 42 71 57 
24 82 37 28 4h 83 82 32 73 75 
27 24 82 26 12 25 12 52 35 63 
43 2h 34 21 42 51 23 52 12 34 
15 3h 23 35 43 73 57 48 54 74 
37 86 36 43 76 41 25 31 5h 67 
64 62 13 74 17 37 43 42 74 32 
47 5h 23 2h 74 71 41 26 ah 65 
17 14 58 41 71 3a 82 15 14 54 
26 bh 47 63 41 36 7b 65 12 58 
21 6h 14 4h 83 8h ah 3a bh 1b 
ah bh 
