1
42 7a 7h 43 43 54 65 a3 83 2a 
26 a6 4a 42 a2 5a 56 85 81 41 
a6 8a 86 8h 48 4h 54 56 52 58 
57 25 46 24 54 25 a5 2a 21 2h 
28 21 2h 62 67 6h 27 a2 5a 52 
45 42 a4 52 6a 65 a5 6a 62 64 
24 a4 3a 86 81 a3 5a 18 54 85 
a4 3a 58 15 85 81 a3 28 51 61 
3a 82 78 7h 74 16 a3 7a 15 75 
7h 8h 38 3h 4h 3h 4h 3h 36 13 
a4 8a 58 31 68 65 85 86 a8 3a 
73 56 a7 2a 17 65 a2 8a 18 78 
71 67 57 56 76 75 67 75 67 57 
56 58 68 51 45 78 76 47 57 45 
42 52 75 72 67 52 35 87 86 76 
78 67 78 67 87 86 81 53 85 15 
18 76 75 67 75 67 57 56 58 68 
51 45 86 81 54 85 15 18 76 75 
67 75 17 13 73 67 57 56 83 53 
63 73 76 47 58 65 68 74 87 35 
37 38 57 58 35 78 53 75 73 47 
53 85 53 85 35 38 58 53 85 53 
85 74 87 57 a5 37 3a 38 a8 78 
7a 73 47 a3 74 17 1a 1h 5h 65 
64 51 35 85 83 53 58 35 58 a5 
83 75 87 6a 36 67 36 68 36 86 
83 63 68 36 68 36 78 76 37 86 
73 87 83 73 67 73 a7 36 3a 38 
a8 68 6a 63 46 a3 64 36 86 83 
63 68 36 68 16 6a 16 a6 83 16 
71 37 78 37 87 83 73 78 37 78 
27 7a 27 24 74 87 a4 78 37 87 
83 73 78 37 78 27 7a 27 26 76 
87 a6 78 37 87 83 73 78 37 78 
47 7a 47 46 76 87 a6 73 87 4a 
78 37 78 47 42 34 72 37 47 84 
a2 48 74 84 87 47 48 34 78 43 
74 84 87 83 4a 38 48 74 73 87 
73 87 37 38 48 34 a8 43 84 3a 
47 34 35 78 45 84 a5 48 74 75 
37 45 34 3h 1h 1h 6h 8h 3h 3h 
3h 6h 8h 2h 6h 8h 8h 5h 6h 6h 
8h 6h 1h 6h 5h 2h 5h 2h 5h 2h 
7h 2h 1h 5h 6h 4h 5h 6h 5h 
