1
7h 4a 16 1h 21 a6 1a 12 a2 7a 
76 74 7h 57 5h 14 18 1h 16 31 
3h ah 53 1a 71 51 58 75 17 15 
75 61 47 84 78 67 17 61 36 13 
a1 7a 76 a6 47 84 78 1a 47 41 
71 87 84 14 18 21 48 74 a7 1a 
51 a2 6a 15 31 a6 8a 13 61 48 
63 a4 6a 13 41 a6 84 18 4a 41 
81 a8 7a 47 a4 8a 87 17 18 78 
a7 41 4h 3h 48 47 4h 4h 36 84 
63 78 47 24 1a 21 27 25 2h 28 
41 36 24 26 82 78 27 32 35 25 
82 78 27 32 3h ah 4a 34 37 47 
83 84 34 13 14 34 81 83 13 41 
74 17 61 65 15 41 74 17 31 38 
18 43 74 37 61 63 13 41 74 17 
61 6h 6h ah 64 6h 7h 6a 56 53 
63 56 51 61 36 31 61 36 35 65 
83 86 36 13 15 35 43 47 37 63 
68 38 16 13 63 76 74 64 36 31 
61 43 46 36 43 74 37 63 64 34 
76 73 78 38 68 43 86 46 48 68 
64 84 34 86 83 63 46 87 43 63 
78 46 87 47 67 48 16 14 64 36 
37 67 46 41 61 84 86 46 34 36 
46 83 84 34 83 8h 82 a2 32 83 
8h 3h 5h 7h 1h 6h 5h 7h 1h 1h 
5h 7h 7h 5h 6h 6h 2h 6h 2h 2h 
5h 7h 5h 7h 7h 2h 5h 5h 7h 4h 
5h 4h 
