2
13 46 57 1a 4b 4h 41 41 54 52 
a5 8a 8h 87 ah 4a 42 48 54 a2 
5a 5h 6h 57 a5 45 b4 84 8a 8b 
87 b8 4b 48 b8 2b 24 b4 2b 27 
b7 4b 47 24 b7 6b 26 28 21 21 
21 b1 a2 8b 82 b2 4a 1b 34 14 
13 43 41 b4 2b 28 b8 1b 43 b4 
2b a2 3a 41 54 a3 4a 64 a5 4a 
64 a4 76 2a 72 62 67 6h 1h 27 
2h 42 46 26 a4 7a 72 a2 7a 74 
a4 7a 76 a6 2a 24 a4 82 6a 67 
a7 5a 28 62 a5 2a 62 a2 7a 72 
a2 7a 76 a6 2a 26 a6 2a 27 a7 
6a 62 a2 7a 67 a6 2a 27 b2 6b 
a7 4a b6 3b a4 2a 32 31 21 b2 
6b 21 72 b6 4b 27 a2 7a 76 a6 
8a 82 a2 7a b4 6b a7 2a 67 b7 
a2 8b 8a b8 2b 28 b8 2b 72 76 
26 a2 4a b2 8b a4 82 5a b2 5b 
a5 2a 28 a8 6a 67 a7 5a 85 82 
52 a5 8a b8 58 4b 45 b5 7b 76 
b6 5b 54 b4 75 6b 65 67 57 56 
25 b7 4b 52 75 76 b4 1b 67 57 
b5 1b 13 b3 5b a5 7a 76 b3 a6 
5b 75 1a 57 15 a5 1a 12 18 16 
12 13 71 8h 17 81 3h 18 51 52 
75 12 71 51 85 8h 18 17 61 87 
68 18 71 61 67 17 16 81 87 68 
17 61 81 68 6h 76 4h 67 46 47 
67 16 18 71 74 14 71 68 76 78 
16 41 46 16 41 48 74 18 71 41 
64 68 48 14 17 31 47 34 32 42 
74 12 71 41 74 3h 73 b7 5b 35 
37 57 35 37 38 31 36 73 5h 75 
35 73 6h 37 63 61 76 31 73 63 
76 78 7h 7h 57 53 15 73 17 57 
15 7h 75 17 14 51 57 35 17 31 
51 75 1h 57 35 15 71 36 23 7h 
32 53 56 25 36 23 53 25 74 37 
35 23 75 27 37 53 5h 57 25 26 
56 75 bh 57 25 3b 73 52 75 35 
23 76 57 56 25 76 27 35 43 72 
47 bh 37 53 52 65 5b 65 2h 56 
75 74 67 8h 54 65 75 27 8h 72 
57 56 25 76 47 52 45 75 27 6h 
72 57 54 65 bh 74 67 63 73 47 
5b 35 36 74 67 57 25 8h 52 75 
73 47 36 56 85 5h 25 81 6h 18 
63 52 85 1h 31 58 25 13 41 71 
67 37 52 65 35 13 14 21 34 63 
16 51 53 45 13 41 62 51 35 75 
73 17 bh 71 37 57 53 15 7b 51 
35 73 17 26 5h 35 71 67 37 36 
57 62 8h 73 75 26 72 87 52 15 
32 83 73 27 51 25 8h 18 52 65 
14 31 84 34 23 14 21 52 85 26 
31 43 16 76 47 45 75 47 35 63 
78 67 12 61 84 71 57 31 53 73 
17 12 72 37 48 58 38 23 78 27 
37 23 12 71 54 25 36 17 62 5h 
73 21 85 71 47 31 83 53 15 74 
87 74 17 12 81 72 37 41 31 23 
53 45 5h 35 71 27 76 53 62 4h 
37 15 14 54 15 18 21 58 12 32 
85 6h 41 23 26 73 14 58 37 36 
81 ah 45 63 18 48 73 62 81 5a 
34 27 86 85 65 15 43 72 56 bh 
31 54 27 58 48 68 13 72 85 5b 
34 26 81 87 36 46 17 ah 65 5a 
73 64 62 42 37 bh 21 1b 25 ah 
76 52 67 7a 24 78 42 bh 83 3b 
21 ah 12 2a bh 2b ah 8a bh ah 

