1
27 16 4a 25 43 87 46 a2 3a 34 
32 a4 6a 63 13 1h 15 85 68 76 
13 1h 67 63 73 68 a8 37 5a 65 
6h ah 62 76 5a 67 36 38 68 a6 
78 5a 52 87 a2 62 46 6a 46 a6 
78 4a 45 14 a1 87 2a 25 78 a5 
87 6a 78 61 a6 61 56 52 62 36 
5a 63 56 87 a6 78 2a 26 87 a6 
78 7a 73 a3 83 4a 38 47 4h 2h 
a4 47 34 84 83 43 48 34 48 64 
4a 64 62 42 a4 42 84 3a 48 34 
a4 84 6a 86 83 63 a6 43 4a 48 
a4 34 38 48 43 14 6a 16 46 a4 
15 31 81 83 8h 13 1a 61 65 a6 
36 15 31 38 18 21 1a 51 68 15 
21 24 14 a1 14 51 86 15 81 61 
68 26 3a 18 62 36 a6 81 8a 86 
a6 16 1a 81 83 13 81 85 28 2h 
15 31 35 15 81 82 38 12 51 58 
18 71 73 13 81 85 15 a1 61 5a 
58 16 a8 61 3a 37 16 a7 61 6a 
68 a8 18 1a 61 65 15 36 36 76 
31 3h 67 63 73 76 36 37 67 a3 
83 4a 4h 8h 42 4h 76 85 8h 67 
54 58 48 76 34 38 48 67 53 76 
54 34 67 53 51 31 43 76 41 31 
67 54 76 53 43 67 64 74 76 46 
47 67 34 76 35 45 67 13 14 34 
76 13 15 35 67 43 76 45 35 67 
74 a3 46 54 67 1a 51 41 76 74 
64 67 47 46 76 14 15 45 67 81 
84 14 76 71 61 67 17 16 76 81 
85 15 67 41 45 15 76 24 67 21 
41 76 74 64 67 47 46 76 14 12 
42 67 51 76 54 14 67 a1 76 4a 
45 67 a5 76 54 67 3a 45 76 23 
67 24 34 76 73 63 67 37 36 76 
43 42 32 67 84 76 83 43 67 84 
76 87 38 34 84 53 58 38 53 54 
5h 34 83 84 34 58 53 83 78 51 
67 86 58 18 15 85 71 58 67 16 
31 38 18 53 51 31 53 57 56 51 
5h ah 4h 2h 25 5a 25 a5 2a 2h 
23 2h 27 2h 4h 5h 4h 5h 4h 4h 
ah 4h 7h 41 81 8h 7h 8h 83 67 
6h 72 76 26 75 74 7h 76 54 78 
7h 1h 1h 6h 1h 1h 1h 4h 4h 6h 
3h 6h 3h 3h 6h 8h 6h 
