3
3a 1b 3c 31 a3 5a 52 57 51 58 
54 35 31 3h 32 36 23 51 25 35 
23 2h 2h 5h ch 3h 8h 1h 1c 13 
c3 5c b5 1b 16 b6 74 5b 75 71 
45 13 a7 54 5a 15 12 14 84 35 
1h 53 a1 35 4a 53 b4 35 3b 36 
23 b6 32 63 53 56 75 2b 36 57 
25 63 2h 82 84 36 ch 63 8c 81 
36 8h 78 b5 63 87 38 2b 86 28 
24 72 63 27 62 32 36 23 8h 78 
36 73 62 83 78 26 8h 78 76 47 
c8 74 67 62 72 67 68 78 67 6c 
63 c3 73 67 2c 28 76 87 c7 2c 
72 78 67 28 62 72 67 62 65 6h 
46 4h 4h 41 a1 7a 17 14 74 87 
8h 8h 83 c3 6c 46 41 61 46 6h 
46 45 65 46 6h 46 ah 7a 47 46 
48 14 76 47 38 74 17 47 83 15 
45 74 45 14 16 81 46 34 18 21 
48 24 83 14 51 38 17 31 5h 13 
71 75 87 15 81 71 87 13 17 41 
81 78 38 37 87 83 78 83 18 14 
71 78 47 18 51 74 37 8h 15 81 
73 57 84 58 56 86 48 76 47 18 
51 74 57 1h 51 bh 71 87 84 58 
7b 17 18 41 78 47 17 81 42 34 
ch 43 24 1c 71 74 37 ah 73 47 
42 34 72 87 12 31 78 37 72 37 
27 23 73 13 81 43 24 74 27 18 
41 47 34 4a 74 72 37 42 34 41 
34 14 74 87 12 41 42 12 31 41 
34 85 18 14 21 84 28 18 41 75 
87 81 48 71 27 84 28 78 17 18 
78 47 17 81 87 17 81 84 78 14 
71 81 78 72 17 18 41 78 57 1h 
81 75 87 17 41 81 78 24 14 74 
27 84 58 73 57 13 41 87 68 8h 
78 14 31 32 75 27 17 41 85 68 
8h 58 1h 71 85 48 17 41 81 78 
72 17 18 41 81 71 27 87 18 17 
42 54 23 13 71 81 58 1h 17 31 
85 38 18 71 18 71 45 84 41 84 
72 57 23 ah 14 18 41 18 51 71 
37 47 84 4a 14 15 71 87 18 51 
6h 41 74 72 17 42 84 28 15 21 
41 54 6h 74 17 12 41 82 83 28 
83 28 78 67 64 74 87 16 41 16 
41 38 45 34 15 81 74 18 65 bh 
47 61 42 84 51 72 57 17 15 71 
15 21 48 24 14 51 56 1b 51 61 
76 17 15 81 75 47 14 78 6h 81 
47 78 57 14 81 76 18 65 bh 47 
61 42 84 51 72 57 17 83 78 43 
24 87 28 71 75 17 38 56 76 37 
47 84 78 15 47 65 7b 81 54 17 
51 78 65 45 84 72 16 48 2h 67 
ch 81 54 82 58 12 85 45 21 23 
76 1c 68 ah 54 57 31 76 46 13 
8a 37 64 61 41 73 1h 38 15 83 
3h 54 46 5h 67 6h bh 7b ch 2c 
bh 3b ah ch bh 
