2
4h 2a 23 2b 2h 2h 2h 4h 23 b2 
13 1b 1h a1 2a b2 71 71 7b 74 
78 a7 2a 42 48 43 28 72 42 74 
b7 2b 24 62 68 6h b4 64 6h 65 
7b a6 17 18 78 6a 37 36 34 64 
56 74 57 67 86 81 61 76 74 17 
64 16 76 17 81 78 67 68 36 78 
37 67 56 36 23 12 15 25 72 13 
27 12 16 81 85 15 71 21 52 58 
28 a2 1a 17 51 a7 15 41 1a 41 
a1 4a 47 a7 1a 17 51 a7 15 81 
1a 81 a1 5a 85 a8 2a 12 18 61 
28 62 12 81 85 15 a1 5a 58 a8 
2a 26 52 a6 25 62 5a 26 52 a2 
8a 82 a2 8a 85 a5 2a 25 a5 2a 
28 52 a8 25 72 2a 52 58 28 52 
a7 25 72 5a 27 52 a2 8a 82 a2 
8a 85 a5 2a 25 a5 1a 81 86 16 
51 52 12 51 56 16 21 26 16 21 
25 72 15 71 21 72 74 24 12 14 
51 24 62 15 61 21 52 65 26 12 
16 41 26 42 12 41 47 17 21 27 
52 17 61 25 62 12 51 65 16 21 
25 42 56 16 41 21 62 65 25 a2 
5a 56 a6 1a 14 51 a4 15 71 1a 
71 a1 7a 74 a4 1a 14 51 a4 15 
71 5a 17 51 a1 6a 61 a1 6a 65 
a5 1a 15 a5 1a 16 51 a6 15 71 
5a 56 17 61 a1 2a b2 1b 15 61 
b5 16 51 56 16 51 1b 51 b1 6b 
61 b1 6b 65 b5 1b 15 b5 1b 16 
51 b6 15 71 5b 56 17 41 b6 14 
71 3b 17 61 65 15 31 b1 5b 56 
b6 3b 38 3h 31 32 43 4h 4h 47 
5h 74 4h 5h 58 51 5h 3h 43 3h 
73 34 73 71 47 73 47 71 47 31 
37 13 6h 31 73 74 67 34 63 68 
38 43 78 47 37 13 5h 75 35 43 
51 57 45 35 73 75 47 42 54 34 
53 57 45 43 64 53 65 45 34 14 
13 43 41 54 56 35 51 35 46 34 
54 65 37 43 47 64 54 65 37 43 
62 52 75 34 73 53 45 42 34 52 
75 43 74 54 35 34 83 54 85 82 
52 45 32 43 53 45 47 34 35 73 
45 84 37 13 4h 54 34 53 41 43 
74 54 35 34 83 54 85 35 43 68 
56 13 14 34 31 43 31 43 65 46 
36 13 1h 14 64 61 46 36 53 1h 
35 63 64 86 2h 68 46 41 61 56 
31 83 5h 45 47 84 81 34 73 53 
85 84 78 37 38 13 78 17 37 83 
7h 71 87 37 83 85 78 73 17 83 
18 78 37 17 13 73 71 87 83 18 
73 17 15 75 37 85 38 35 85 38 
75 37 87 48 31 43 2h 83 78 71 
57 7h 37 34 13 83 18 74 37 38 
43 78 47 37 83 8h 81 78 74 17 
84 58 71 57 87 18 2h 81 78 73 
47 35 85 28 8h 18 74 57 81 58 
78 17 8h 85 28 62 46 71 47 67 
56 6h 76 74 17 64 56 35 43 71 
47 37 13 8h 78 31 87 5h 73 18 
58 68 56 37 83 61 56 81 31 73 
74 17 34 13 65 73 85 46 6h 37 
18 46 73 57 81 38 37 13 87 58 
38 73 64 76 71 36 1h 87 43 85 
28 75 27 87 68 65 76 85 28 83 
28 38 78 57 68 56 51 32 53 61 
86 71 87 35 23 83 73 17 63 16 
84 18 85 28 65 36 75 37 48 38 
78 57 68 56 76 87 51 42 64 15 
32 83 73 87 46 34 37 53 4h 74 
78 67 48 54 34 23 41 61 86 71 
87 82 45 67 38 54 7h 86 13 76 
17 62 14 74 27 34 23 76 27 38 
63 38 43 67 46 41 61 86 31 83 
45 74 63 16 34 38 13 63 46 47 
14 3h 68 76 34 83 87 68 46 38 
73 41 54 61 86 87 67 16 38 13 
15 63 78 3h 71 56 34 83 87 37 
43 18 36 8h 61 73 65 37 15 7h 
76 53 51 67 45 31 82 56 1h 74 
23 72 42 15 3h 58 27 24 65 42 
72 8h 21 1h 23 3h 56 6h 5h 2h 
ah bh 
