1
15 37 3h 3a 34 a8 7a 73 7h 5h 
2h 26 16 78 a3 7a 7h 68 74 67 
64 36 74 84 a7 3a 32 a2 3a 36 
76 83 43 48 38 34 84 a7 6a 63 
a3 62 48 3a 32 63 84 a2 48 6a 
6h 6h 6h 1h ah 86 64 86 46 48 
68 64 86 64 26 8a 62 86 a6 46 
7a 27 64 72 67 47 46 48 68 64 
86 76 78 27 84 64 68 26 23 76 
87 47 48 78 74 67 63 73 86 87 
64 86 47 46 48 68 64 84 74 78 
48 26 84 27 67 86 46 48 68 64 
84 56 53 57 52 5h 57 17 37 85 
45 48 58 54 73 25 84 21 28 51 
85 48 54 37 25 2h 6h 27 46 42 
62 76 73 63 86 28 24 84 68 12 
16 26 82 48 24 12 1h 5h 14 85 
45 48 58 54 84 41 35 3h 14 81 
41 48 18 14 84 31 48 73 17 41 
81 84 14 18 48 61 84 62 12 36 
73 67 81 41 48 18 14 84 76 71 
61 86 46 48 68 64 84 16 48 31 
63 46 86 84 64 68 48 16 31 37 
67 46 86 84 64 68 48 16 84 13 
63 41 36 73 67 86 14 81 61 36 
41 73 67 14 16 46 41 61 64 14 
16 46 41 48 61 68 18 16 14 64 
84 31 73 17 86 46 48 68 64 84 
71 76 16 81 41 48 18 14 84 61 
48 36 13 41 81 84 14 18 48 61 
36 37 17 41 81 84 14 18 48 61 
84 63 13 46 31 73 17 81 64 86 
41 46 16 14 64 61 41 46 48 16 
18 68 a1 86 5a 68 65 64 54 84 
76 75 65 86 46 48 68 64 84 56 
48 35 63 46 86 84 64 68 48 56 
35 37 67 46 86 84 64 68 48 56 
84 53 63 45 36 73 67 86 54 85 
65 36 45 73 67 54 56 46 45 65 
64 54 56 46 45 48 65 68 58 56 
54 64 84 35 73 57 86 46 48 68 
64 84 75 76 56 85 45 48 58 54 
84 65 48 36 53 45 85 84 54 58 
48 65 36 37 57 65 76 57 45 85 
84 54 58 48 35 84 32 52 63 62 
72 85 27 86 45 46 32 56 54 83 
64 85 35 63 43 46 45 36 35 65 
63 64 34 54 86 45 83 8h 1h 85 
8h ah 41 48 18 41 4a 43 a3 13 
41 4h 4h 5h 7h 41 46 4h 4h 5h 
7h 5h 5h 2h 8h 7h 7h 2h 8h 2h 
5h 5h 2h 2h 2h 3h 7h 1h 2h 1h 
3h 6h 3h 6h 3h 
