2
8h 31 56 1a 51 63 53 64 5b 5h 
56 86 81 83 85 b8 38 3b 34 b4 
5b a5 6a 15 84 a6 8a 83 18 a3 
1a 43 81 51 a8 58 4a 45 a5 18 
4a 48 a8 35 3a 38 a8 58 5a 53 
65 a3 56 35 85 83 53 58 35 58 
15 5a 15 12 1h 17 a5 83 1a 38 
14 51 54 35 14 31 51 35 3h 8h 
6h 32 73 a7 3a 73 a7 1a 15 41 
a5 14 71 3a 17 31 71 a7 3a 3h 
ah 43 3a 43 a3 5a 85 a8 6a 62 
a2 4a 46 42 a6 4a 47 42 4h 54 
85 8h 71 b1 4b 54 58 48 34 36 
23 46 24 34 83 85 35 43 42 54 
32 53 43 84 58 35 34 63 48 b8 
36 23 5b 65 32 83 56 85 35 83 
48 54 53 65 38 b8 56 25 3b 63 
52 65 35 83 48 54 56 25 46 24 
54 15 17 57 45 42 64 52 65 45 
84 38 53 56 25 36 23 53 b5 3b 
32 63 b2 36 23 4b 64 32 83 46 
84 34 83 58 45 43 84 53 85 45 
34 35 45 64 84 86 46 48 54 53 
43 54 56 35 46 34 54 65 36 43 
45 24 56 36 73 42 14 74 71 41 
31 63 65 35 63 47 54 53 43 64 
68 48 34 58 35 45 84 38 53 58 
75 38 73 7h 8h 84 53 65 b4 56 
45 48 58 65 4b 64 54 15 13 53 
45 46 24 56 25 2h bh 45 64 5b 
46 24 2h b5 4b 24 27 2h 2h 47 
54 5h 25 27 b7 4b 64 62 42 84 
8h 7h 5h ah 65 4a 64 54 65 6h 
bh ah 65 62 86 8h 8h 8h 3h 4h 
31 3h 6b 26 28 68 26 24 64 86 
84 64 76 7h 7h 27 42 4h 4h 84 
78 7h 7h 7h bh 6h 2h 8h 4h 4h 
4h 1h 1h 7h 1h 5h 5h 3h 
