0
2h 7h 52 87 81 58 27 47 24 52 
58 5h 51 75 74 54 85 81 51 45 
47 57 45 42 34 31 52 75 72 52 
45 42 52 45 43 53 15 42 51 85 
87 82 48 34 32 42 34 53 85 86 
18 56 15 13 85 18 38 31 81 83 
18 83 58 53 83 15 18 16 58 25 
24 54 85 86 56 38 35 85 48 36 
42 82 63 58 36 56 86 35 38 36 
58 35 3h 6h 4h 63 64 68 48 38 
64 63 43 64 65 45 34 35 45 63 
64 6h 68 6h 67 61 34 76 73 63 
16 13 63 76 71 75 74 74 87 8h 
61 76 78 68 37 36 76 37 31 71 
83 87 8h 6h 37 61 53 56 54 64 
84 86 36 85 13 18 38 63 65 35 
16 13 63 86 83 63 18 16 86 18 
1h 1h 1h 5h 5h 2h 7h 2h 7h 2h 
2h 4h 3h 45 4h 31 3h 36 57 54 
74 53 5h 47 43 73 47 45 75 37 
35 75 47 48 78 54 53 43 57 58 
78 34 38 48 67 6h 24 2h 2h 12 
81 8h 8h 7h 5h 6h 38 27 2h 25 
26 56 23 65 63 53 26 2h 2h 2h 
4h 1h 7h 2h 8h 3h 8h 3h 8h 3h 
8h 6h 8h 
