1
78 35 3h 23 2h 1a 1h a1 21 26 
27 12 82 5a 54 a4 1a 17 28 a7 
27 87 2a 25 12 13 15 78 1h 81 
17 61 63 13 81 71 1h 8h 48 6h 
84 5h 65 65 48 5h 84 1h 71 7h 
48 a7 17 81 14 81 41 2a 62 82 
81 61 26 21 52 61 36 25 32 83 
78 63 76 71 61 56 81 38 65 36 
86 58 23 62 23 52 82 48 36 84 
a8 63 2a 25 32 a5 26 42 6a 24 
32 63 56 a2 65 26 63 16 2a 12 
62 56 17 65 16 76 71 61 67 26 
21 52 61 56 26 a2 32 6a 65 46 
a5 23 64 36 2a 42 63 76 24 72 
62 76 73 3h 2h 26 52 7h 25 32 
3h 47 a3 23 52 2a 52 a2 74 6a 
47 6h 26 74 62 a6 47 2a 25 72 
a5 24 32 2a 32 a2 47 8a 28 23 
52 83 18 25 12 82 18 16 86 28 
74 82 a8 47 2a 26 72 a6 27 32 
8a 78 23 12 87 18 28 12 17 27 
62 14 61 21 62 68 28 12 18 51 
28 52 12 71 74 14 21 25 82 15 
81 21 82 86 26 12 16 81 84 68 
28 62 14 61 21 82 81 58 21 52 
82 48 64 26 25 12 65 16 26 a2 
8a 18 14 61 68 56 18 51 61 a6 
46 1a 15 61 a5 16 51 8a 15 81 
86 58 16 51 81 68 a8 1a 15 81 
86 48 a5 16 51 84 58 4a 85 48 
a8 2a 72 15 31 27 a2 4a 47 a7 
13 6a 71 74 a6 2a 47 52 17 81 
87 58 28 62 17 a1 26 3a 32 a2 
8a 85 68 a5 3a 86 38 a8 2a 28 
a8 32 1a 61 63 13 61 67 17 31 
37 17 a1 6a 36 3h 7h 23 76 72 
62 67 56 5h 58 27 2h 32 35 31 
25 43 42 84 51 32 48 4h 53 4h 
13 48 4h 15 6h a6 2a 8h 4h 7h 
8h 7h 7h 35 8h 7h 6h 8h 86 85 
78 74 8h 31 5h 47 4h a8 7a 51 
7h 13 72 6h 54 a6 27 82 4h 7a 
1h a8 5a 7h 5h 24 a7 6a 2h 56 
5h a2 3h 8h 1a 2h 6h ah 4h 7h 

