1
8h 7a 87 68 65 a1 8a 87 a7 8a 
85 86 a8 48 3a 34 36 3h 3h 3h 
ah 4a 48 4h 42 ah 3a 13 83 81 
31 84 34 78 52 73 83 14 78 76 
37 38 41 53 23 25 35 32 52 14 
a3 25 41 8a 86 48 52 a6 1a 84 
78 25 a1 3a 52 14 53 87 23 41 
58 28 25 38 35 63 73 76 36 25 
2h 63 25 72 58 28 25 72 73 87 
14 1h 75 87 a3 57 58 78 75 67 
85 76 87 57 58 78 75 87 5a 78 
57 a7 87 2a 23 a3 78 7a 75 67 
a5 85 7a 67 62 58 72 47 41 71 
27 26 76 57 87 85 75 78 67 58 
a7 85 2a 62 58 26 52 82 85 25 
28 62 58 26 72 76 57 26 52 72 
67 82 76 87 27 28 78 72 67 82 
76 87 85 75 47 42 45 25 75 87 
84 68 74 67 87 58 52 82 78 76 
57 86 58 54 78 27 28 78 27 24 
74 67 25 62 72 87 84 74 87 85 
68 75 67 87 68 a8 78 2a 28 62 
a8 6a 65 6h ah 56 46 45 65 64 
56 64 36 6a 36 a6 45 7a 67 63 
56 73 57 67 56 74 76 17 14 74 
67 65 16 67 16 1h 7h 75 17 1h 
1h 6h 3h 3h 4h 3h 4h 3h 4h 3h 
4h 3h 56 5h 5h 53 64 56 36 53 
17 51 5h 5h 5h 5h 4h 8h 4h 8h 
6h 4h 8h 6h 7h 4h 8h 4h 8h 1h 
4h 7h 4h ah 3h 2h 
