2
6a 4h 41 8b 84 b4 7b 73 65 63 
6h 2h 25 68 64 26 24 b4 5b 53 
b3 7b 73 23 52 5h 73 7h 86 87 
83 84 8h 1h 13 18 14 15 84 18 
18 15 67 a1 45 b4 6a 2b 26 b6 
2b a2 72 7a b7 8b 87 b7 58 45 
84 5b 58 b8 5b 57 51 b7 4b 47 
87 84 38 3h 74 b7 35 4b 74 b7 
53 8b 38 85 38 58 53 58 35 b8 
53 45 74 7h 4b 47 57 65 61 36 
51 35 65 36 31 61 56 51 35 61 
76 53 45 67 46 56 75 76 56 75 
74 54 65 64 54 65 67 36 57 35 
65 46 47 67 56 53 45 63 46 56 
75 76 56 75 74 54 65 64 54 65 
67 46 45 65 76 46 47 67 64 36 
74 63 56 54 b4 57 35 6b 36 56 
45 47 57 65 63 46 53 45 65 76 
75 65 76 74 64 56 54 64 56 57 
35 67 36 56 45 47 57 65 63 46 
53 45 65 76 75 65 76 74 64 56 
54 64 56 57 45 46 56 75 45 47 
57 54 35 74 53 65 64 b4 67 36 
8b 63 46 47 57 85 81 8h 38 51 
35 85 38 b1 83 48 3b 84 38 3h 
b8 3b 3h 7h 67 36 3h 43 b6 34 
63 4b 36 43 b3 7b 73 b3 7b 74 
b4 3b 34 b4 3b 37 43 b7 47 37 
43 4h 3b 63 6h 56 58 45 4h 68 
46 42 62 b6 3b 73 76 36 73 75 
35 63 65 35 73 72 32 43 48 43 
73 47 4h 1h 5h 7h 6h 1h 5h 1h 
5h 1h 5h 1h 5h 1h 1h 1h bh 2h 
8h 3h 3h 2h 8h 2h 8h 2h 8h 2h 
8h 2h 1h 3h 1h 1h ah 
